1.2100000000	63651.0583113350
1.2193950000	62514.8496571655
1.2287900000	61407.0713635870
1.2381850000	60326.8605463067
1.2475800000	59273.3965119827
1.2569750000	58245.8979227818
1.2663700000	57243.6174272585
1.2757650000	56265.8461298998
1.2851600000	55311.8892342893
1.2945550000	54381.1469023159
1.3039500000	53472.9613607649
1.3133450000	52586.6762666593
1.3227400000	51721.7627044153
1.3321350000	50877.6783873473
1.3415300000	50053.9106425720
1.3509250000	49249.8611422797
1.3603200000	48465.0939003200
1.3697150000	47699.1246146075
1.3791100000	46951.4938832464
1.3885050000	46221.7556561564
1.3979000000	45509.4811237633
1.4072950000	44814.2417907272
1.4166900000	44135.6505208685
1.4260850000	43473.3153687602
1.4354800000	42826.8517180751
1.4448750000	42195.8917581029
1.4542700000	41580.0827957315
1.4636650000	40979.0810829260
1.4730600000	40392.5399165582
1.4824550000	39820.1379014965
1.4918500000	39261.5644571276
1.5012450000	38716.4862019030
1.5106400000	38184.6128875623
1.5200350000	37665.6585114898
1.5294300000	37159.3328800310
1.5388250000	36665.3578982495
1.5482200000	36183.4607618479
1.5576150000	35713.3849504366
1.5670100000	35254.8653864260
1.5764050000	34807.6419007514
1.5858000000	34371.4723478824
1.5951950000	33946.1200962912
1.6045900000	33531.3428324677
1.6139850000	33126.9155553188
1.6233800000	32732.6204846698
1.6327750000	32348.2281741693
1.6421700000	31973.5300892669
1.6515650000	31608.3324900970
1.6609600000	31252.4125242173
1.6703550000	30905.5367343937
1.6797500000	30567.5368972888
1.6891450000	30238.2178590672
1.6985400000	29917.3899349734
1.7079350000	29604.8670559302
1.7173300000	29300.4666979961
1.7267250000	29004.0096507913
1.7361200000	28715.3204029907
1.7455150000	28434.2255692660
1.7549100000	28160.5616825405
1.7643050000	27894.1577970348
1.7737000000	27634.8455202377
1.7830950000	27382.4706999851
1.7924900000	27136.8747390693
1.8018850000	26897.9030212867
1.8112800000	26665.4041187065
1.8206750000	26439.2279502013
1.8300700000	26219.2281303340
1.8394650000	26005.2601059037
1.8488600000	25797.1818158730
1.8582550000	25594.8541131258
1.8676500000	25398.1402027793
1.8770450000	25206.9045935722
1.8864400000	25021.0148895390
1.8958350000	24840.3412478339
1.9052300000	24664.7552565664
1.9146250000	24494.1306854291
1.9240200000	24328.3438412043
1.9334150000	24167.2742247466
1.9428100000	24010.7989281869
1.9522050000	23858.8094004104
1.9616000000	23711.1967526076
1.9709950000	23567.8133467625
1.9803900000	23428.5703851510
1.9897850000	23293.3557601307
1.9991800000	23162.0627006293
2.0085750000	23034.5854597225
2.0179700000	22910.8200945634
2.0273650000	22790.6650222422
2.0367600000	22674.0203248820
2.0461550000	22560.7883598984
2.0555500000	22450.8728953815
2.0649450000	22344.1794949319
2.0743400000	22240.6162253583
2.0837350000	22140.0928231413
2.0931300000	22042.5205574967
2.1025250000	21947.8127639200
2.1119200000	21855.8848126847
2.1213150000	21766.6539428433
2.1307100000	21680.0387396189
2.1401050000	21595.9601570470
2.1495000000	21514.3411673943
2.1588950000	21435.1057371150
2.1682900000	21358.1806040479
2.1776850000	21283.4925961020
2.1870800000	21210.9731664833
2.1964750000	21140.5541114609
2.2058700000	21072.1681695957
2.2152650000	21005.7508523978
2.2246600000	20941.2389427622
2.2340550000	20878.5712668742
2.2434500000	20817.6886881450
2.2528450000	20758.5333400683
2.2622400000	20701.0488385746
2.2716350000	20645.1808532080
2.2810300000	20590.8777411654
2.2904250000	20538.0858039000
2.2998200000	20486.7566469787
2.3092150000	20436.8422442329
2.3186100000	20388.2959868489
2.3280050000	20341.0726972976
2.3374000000	20295.1287357131
2.3467950000	20250.4236810452
2.3561900000	20206.9142512803
2.3655850000	20164.5611847879
2.3749800000	20123.3275311510
2.3843750000	20083.1761358741
2.3937700000	20044.0716746157
2.4031650000	20005.9799097917
2.4125600000	19968.8680282076
2.4219550000	19932.7035337955
2.4313500000	19897.4572547184
2.4407450000	19863.0963121744
2.4501400000	19829.5768344062
2.4595350000	19796.9077887058
2.4689300000	19765.0452727755
2.4783250000	19733.9615366488
2.4877200000	19703.6335394467
2.4971150000	19674.0308123514
2.5065100000	19645.1393724588
2.5159050000	19616.9380144769
2.5253000000	19589.4024872056
2.5346950000	19562.5123998258
2.5440900000	19536.2478623660
2.5534850000	19510.5926869994
2.5628800000	19485.5278708871
2.5722750000	19461.0334649383
2.5816700000	19437.0966666340
2.5910650000	19413.7012039869
2.6004600000	19390.8321181543
2.6098550000	19368.4746338982
2.6192500000	19346.6135045593
2.6286450000	19325.2361398705
2.6380400000	19304.3335794966
2.6474350000	19283.8886353349
2.6568300000	19263.8936117752
2.6662250000	19244.3363356212
2.6756200000	19225.2068841247
2.6850150000	19206.4950458829
2.6944100000	19188.1905725931
2.7038050000	19170.2863756510
2.7132000000	19152.7741181334
2.7225950000	19135.6448123633
2.7319900000	19118.8923232580
2.7413850000	19102.5085408351
2.7507800000	19086.4806855831
2.7601750000	19070.8175338273
2.7695700000	19055.5022541944
2.7789650000	19040.5290063880
2.7883600000	19025.8940976355
2.7977550000	19011.5951509349
2.8071500000	18997.6252557989
2.8165450000	18983.9793278010
2.8259400000	18970.6543729936
2.8353350000	18957.6462966941
2.8447300000	18944.9494978675
2.8541250000	18932.5613709345
2.8635200000	18920.4788234346
2.8729150000	18908.6961173503
2.8823100000	18897.2096764691
2.8917050000	18886.0172914862
2.9011000000	18875.1172265633
2.9104950000	18864.5016747618
2.9198900000	18854.1702813583
2.9292850000	18844.1186742288
2.9386800000	18834.3412288426
2.9480750000	18824.8378402834
2.9574700000	18815.6021750968
2.9668650000	18806.6316381618
2.9762600000	18797.9220185848
2.9856550000	18789.4688857930
2.9950500000	18781.2687976339
3.0044450000	18773.3153463036
3.0138400000	18765.6049699138
3.0232350000	18758.1350713789
3.0326300000	18750.8988033134
3.0420250000	18743.8915405379
3.0514200000	18737.1082636923
3.0608150000	18730.5435322420
3.0702100000	18724.1932796398
3.0796050000	18718.0482618249
3.0890000000	18712.1065847146
3.0983950000	18706.3644337565
3.1077900000	18700.8153103347
3.1171850000	18695.4516026496
3.1265800000	18690.2703697877
3.1359750000	18685.2649923154
3.1453700000	18680.4299209658
3.1547650000	18675.7605828373
3.1641600000	18671.2511963231
3.1735550000	18666.8969214144
3.1829500000	18662.6929919957
3.1923450000	18658.6345862005
3.2017400000	18654.7166460952
3.2111350000	18650.9348256047
3.2205300000	18647.2858619107
3.2299250000	18643.7643009952
3.2393200000	18640.3668802306
3.2487150000	18637.0899131740
3.2581100000	18633.9303156095
3.2675050000	18630.8842512952
3.2769000000	18627.9491262505
3.2862950000	18625.1223482970
3.2956900000	18622.4008808465
3.3050850000	18619.7828151255
3.3144800000	18617.2657858562
3.3238750000	18614.8478084709
3.3332700000	18612.5278691257
3.3426650000	18610.3038023871
3.3520600000	18608.1745324253
3.3614550000	18606.1387971477
3.3708500000	18604.1971063145
3.3802450000	18602.3560561484
3.3896400000	18600.5973565878
3.3990350000	18598.9300424430
3.4084300000	18597.3539132263
3.4178250000	18595.8681514342
3.4272200000	18594.4745996536
3.4366150000	18593.1685300645
3.4460100000	18591.9528452728
3.4554050000	18590.8368116218
3.4648000000	18589.8136074635
3.4741950000	18588.8762513071
3.4835900000	18588.0310974857
3.4929850000	18587.2837293882
3.5023800000	18586.6373999218
3.5117750000	18586.0773619073
3.5211700000	18585.6331852896
3.5305650000	18585.3708290028
3.5399600000	18585.1080505293
3.5493550000	18584.9488084216
3.5587500000	18584.8925012967
3.5681450000	18584.9383154525
3.5775400000	18585.0882422730
3.5869350000	18585.3443791875
3.5963300000	18585.7078946903
3.6057250000	18586.1790782202
3.6151200000	18586.7603589450
3.6245150000	18587.4524184113
3.6339100000	18588.2581340134
3.6433050000	18589.1644398601
3.6527000000	18590.1796641404
3.6620950000	18591.3354458049
3.6714900000	18592.6059008699
3.6808850000	18593.9977120461
3.6902800000	18595.5105721512
3.6996750000	18597.1466650173
3.7090700000	18598.9071448442
3.7184650000	18600.7938574924
3.7278600000	18602.8080573479
3.7372550000	18604.9510879876
3.7466500000	18607.2250874792
3.7560450000	18609.6314121693
3.7654400000	18612.1708534589
3.7748350000	18614.8457243385
3.7842300000	18617.6575386778
3.7936250000	18620.6069344040
3.8030200000	18623.6977338501
3.8124150000	18626.9306332073
3.8218100000	18630.3032777444
3.8312050000	18633.8217053348
3.8406000000	18637.4853954829
3.8499950000	18641.2966977327
3.8593900000	18645.2675372373
3.8687850000	18649.3782724993
3.8781800000	18653.6403724333
3.8875750000	18658.0557163047
3.8969700000	18662.6255560444
3.9063650000	18667.3520921637
3.9157600000	18672.2355139527
3.9251550000	18677.2809816323
3.9345500000	18682.4867973907
3.9439450000	18687.8514259468
3.9533400000	18693.3798621544
3.9627350000	18699.0729743172
3.9721300000	18704.9320950191
3.9815250000	18710.9584946165
3.9909200000	18717.1535564515
4.0003150000	18723.5187553351
4.0097100000	18730.0550405788
4.0191050000	18736.7644095139
4.0285000000	18743.6473769715
4.0378950000	18750.7056928470
4.0472900000	18757.9403698570
4.0566850000	18765.3522279082
4.0660800000	18772.9430340042
4.0754750000	18780.7141052147
4.0848700000	18788.6661334637
4.0942650000	18796.8001471437
4.1036600000	18805.1172811920
4.1130550000	18813.6185113183
4.1224500000	18822.3052309969
4.1318450000	18831.1787799645
4.1412400000	18840.2395338439
4.1506350000	18849.4882400418
4.1600300000	18858.9263387323
4.1694250000	18868.5545542256
4.1788200000	18878.3735900929
4.1882150000	18888.3842941083
4.1976100000	18898.5870914384
4.2070050000	18908.9831392661
4.2164000000	18919.5731212097
4.2257950000	18930.3575974757
4.2351900000	18941.3367886340
4.2445850000	18952.5126763516
4.2539800000	18963.8810304888
4.2633750000	18975.4435941776
4.2727700000	18987.2092075260
4.2821650000	18999.1715839986
4.2915600000	19011.3294219197
4.3009550000	19023.6884409114
4.3103500000	19036.2446302695
4.3197450000	19048.9996414308
4.3291400000	19061.9530217027
4.3385350000	19075.1053435725
4.3479300000	19088.4562519320
4.3573250000	19102.0060128327
4.3667200000	19115.7540618532
4.3761150000	19129.7006302258
4.3855100000	19143.8459078073
4.3949050000	19158.1894468938
4.4043000000	19172.7305488794
4.4136950000	19187.4690176009
4.4230900000	19202.4048852061
4.4324850000	19217.5374105561
4.4418800000	19232.8661889793
4.4512750000	19248.3910196247
4.4606700000	19264.1106227211
4.4700650000	19280.0244125191
4.4794600000	19296.1329995802
4.4888550000	19312.4334510472
4.4982500000	19328.9261287507
4.5076450000	19345.6098944367
4.5170400000	19362.4841490509
4.5264350000	19379.5475547809
4.5358300000	19396.7991369067
4.5452250000	19414.2381180311
4.5546200000	19431.8629777666
4.5640150000	19449.6726039637
4.5734100000	19467.6660225283
4.5828050000	19485.8417570041
4.5922000000	19504.1983592330
4.6015950000	19522.7343074545
4.6109900000	19541.4485367309
4.6203850000	19560.3394769015
4.6297800000	19579.4054388173
4.6391750000	19598.6448543548
4.6485700000	19618.0563760390
4.6579650000	19637.6378784042
4.6673600000	19657.3880040709
4.6767550000	19677.3049360612
4.6861500000	19697.3869231322
4.6955450000	19717.6319172235
4.7049400000	19738.0392350538
4.7143350000	19758.6018230900
4.7237300000	19779.3208449596
4.7331250000	19800.2006457444
4.7425200000	19821.2330659774
4.7519150000	19842.4172432419
4.7613100000	19863.7509319782
4.7707050000	19885.2319675810
4.7801000000	19906.8583529578
4.7894950000	19928.6280254931
4.7988900000	19950.5386255559
4.8082850000	19972.5879578577
4.8176800000	19994.7741317557
4.8270750000	20017.0946893889
4.8364700000	20039.5475785706
4.8458650000	20062.1302845688
4.8552600000	20084.8407080424
4.8646550000	20107.6766890208
4.8740500000	20130.6357623265
4.8834450000	20153.7156480884
4.8928400000	20176.9140288020
4.9022350000	20200.2286110897
4.9116300000	20223.6569934566
4.9210250000	20247.1970352394
4.9304200000	20270.8462894429
4.9398150000	20294.6023530491
4.9492100000	20318.4628362576
4.9586050000	20342.4253944000
4.9680000000	20366.4884140105
4.9773950000	20390.6468565498
4.9867900000	20414.9126666008
4.9961850000	20439.2653623362
5.0055800000	20463.7022265113
5.0149750000	20488.2284651398
5.0243700000	20512.8420673381
5.0337650000	20537.5311640526
5.0431600000	20562.2972025721
5.0525550000	20587.1547487357
5.0619500000	20612.0864042632
5.0713450000	20637.0929383308
5.0807400000	20662.1712692749
5.0901350000	20687.3193775494
5.0995300000	20712.5359023428
5.1089250000	20737.8166783797
5.1183200000	20763.1599234966
5.1277150000	20788.5654888881
5.1371100000	20814.0288700111
5.1465050000	20839.5479850824
5.1559000000	20865.1212468046
5.1652950000	20890.7465608370
5.1746900000	20916.4218938504
5.1840850000	20942.1449435653
5.1934800000	20967.9135484832
5.2028750000	20993.7256843130
5.2122700000	21019.5793576407
5.2216650000	21045.4724502499
5.2310600000	21071.4028387353
5.2404550000	21097.3685152329
5.2498500000	21123.3676001033
5.2592450000	21149.3981426723
5.2686400000	21175.4579927247
5.2780350000	21201.5453273473
5.2874300000	21227.6582044617
5.2968250000	21253.7946834366
5.3062200000	21279.9528882892
5.3156150000	21306.1311005418
5.3250100000	21332.3272987307
5.3344050000	21358.5396292118
5.3438000000	21384.7663946831
5.3531950000	21411.0057267203
5.3625900000	21437.2559191796
5.3719850000	21463.5152354514
5.3813800000	21489.7819406480
5.3907750000	21516.0543195576
5.4001700000	21542.3306473589
5.4095650000	21568.6092321010
5.4189600000	21594.8885771450
5.4283550000	21621.1669759849
5.4377500000	21647.4428110493
5.4471450000	21673.7144893734
5.4565400000	21699.9805144020
5.4659350000	21726.2392732530
5.4753300000	21752.4891637424
5.4847250000	21778.7287988175
5.4941200000	21804.9566699166
5.5035150000	21831.1712314715
5.5129100000	21857.3711099937
5.5223050000	21883.5548575019
5.5317000000	21909.7210183329
5.5410950000	21935.8681972825
5.5504900000	21961.9950757376
5.5598850000	21988.1002068908
5.5692800000	22014.1822848006
5.5786750000	22040.2400126229
5.5880700000	22066.2720745233
5.5974650000	22092.2770366594
5.6068600000	22118.2539496015
5.6162550000	22144.2013050017
5.6256500000	22170.1178115450
5.6350450000	22196.0022490054
5.6444400000	22221.8534756705
5.6538350000	22247.6703350018
5.6632300000	22273.4515869610
5.6726250000	22299.1960898212
5.6820200000	22324.9026011031
5.6914150000	22350.5701419492
5.7008100000	22376.1974202118
5.7102050000	22401.7835373807
5.7196000000	22427.3272600146
5.7289950000	22452.8274658667
5.7383900000	22478.2831838053
5.7477850000	22503.6932270310
5.7571800000	22529.0567469916
5.7665750000	22554.3725100429
5.7759700000	22579.6398963509
5.7853650000	22604.8564646164
5.7947600000	22630.0274453281
5.8041550000	22655.1471239375
5.8135500000	22680.2086378366
5.8229450000	22705.2178364202
5.8323400000	22730.1722024799
5.8417350000	22755.0712271849
5.8511300000	22779.9138409602
5.8605250000	22804.6990956274
5.8699200000	22829.4262057351
5.8793150000	22854.0942902318
5.8887100000	22878.7014592625
5.8981050000	22903.2476127338
5.9075000000	22927.7330454601
5.9168950000	22952.1561280251
5.9262900000	22976.5157463459
5.9356850000	23000.8111357482
5.9450800000	23025.0414182885
5.9544750000	23049.2058420355
5.9638700000	23073.3035999242
5.9732650000	23097.3338241472
5.9826600000	23121.2957213878
5.9920550000	23145.1885592870
6.0014500000	23169.0115274303
6.0108450000	23192.7638610090
6.0202400000	23216.4448135484
6.0296350000	23240.0535365275
6.0390300000	23263.5893961970
6.0484250000	23287.0515683905
6.0578200000	23310.4393959277
6.0672150000	23333.7520285381
6.0766100000	23356.9888183263
6.0860050000	23380.1490532130
6.0954000000	23403.2320106980
6.1047950000	23426.2370420356
6.1141900000	23449.1631387737
6.1235850000	23472.0107173204
6.1329800000	23494.7764062718
6.1423750000	23517.4588136341
6.1517700000	23540.0639608081
6.1611650000	23562.5862994559
6.1705600000	23585.0261907366
6.1799550000	23607.3824904556
6.1893500000	23629.6547254115
6.1987450000	23651.8423274136
6.2081400000	23673.9442337742
6.2175350000	23695.9654373961
6.2269300000	23717.8963851768
6.2363250000	23739.7380148478
6.2457200000	23761.4925512868
6.2551150000	23783.1586367383
6.2645100000	23804.7354710889
6.2739050000	23826.2221644815
6.2833000000	23847.6185856015
6.2926950000	23868.9238248307
6.3020900000	23890.1381039306
6.3114850000	23911.2596050027
6.3208800000	23932.2834087037
6.3302750000	23953.2182594037
6.3396700000	23974.0614925154
6.3490650000	23994.8089277210
6.3584600000	24015.4612636005
6.3678550000	24036.0180443514
6.3772500000	24056.4787127798
6.3866450000	24076.8427232036
6.3960400000	24097.1094391828
6.4054350000	24117.2783466403
6.4148300000	24137.3489727678
6.4242250000	24157.3207567848
6.4336200000	24177.1932124775
6.4430150000	24196.9658054876
6.4524100000	24216.6380133557
6.4618050000	24236.2092808608
6.4712000000	24255.6791610233
6.4805950000	24275.0469648628
6.4899900000	24294.3127158667
6.4993850000	24313.4875555933
6.5087800000	24332.5479475217
6.5181750000	24351.5033690289
6.5275700000	24370.3550609011
6.5369650000	24389.1018178163
6.5463600000	24407.7435202958
6.5557550000	24426.2795628062
6.5651500000	24444.7096240301
6.5745450000	24463.0333365507
6.5839400000	24481.2495212437
6.5933350000	24499.3604557068
6.6027300000	24517.3652120309
6.6121250000	24535.2581570551
6.6215200000	24553.0432233349
6.6309150000	24570.7193846705
6.6403100000	24588.2863614615
6.6497050000	24605.7436716879
6.6591000000	24623.0910388277
6.6684950000	24640.3283323896
6.6778900000	24657.4549441889
6.6872850000	24674.4706621668
6.6966800000	24691.3751615515
6.7060750000	24708.1681361390
6.7154700000	24724.8493795374
6.7248650000	24741.4184380091
6.7342600000	24757.8754636376
6.7436550000	24774.2190602314
6.7530500000	24790.4526168597
6.7624450000	24806.5761083391
6.7718400000	24822.5804479173
6.7812350000	24838.4724449971
6.7906300000	24854.2504653474
6.8000250000	24869.9146874078
6.8094200000	24885.4647758606
6.8188150000	24900.9006827168
6.8282100000	24916.2221701500
6.8376050000	24931.4289355436
6.8470000000	24946.5221410246
6.8563950000	24961.4965411221
6.8657900000	24976.3742549138
6.8751850000	24991.1137549007
6.8845800000	25005.7287822954
6.8939750000	25020.2508624168
6.9033700000	25034.6505325434
6.9127650000	25048.9434486679
6.9221600000	25063.1297530406
6.9315550000	25077.1844801399
6.9409500000	25091.1264510828
6.9503450000	25104.9527350334
6.9597400000	25118.6640021129
6.9691350000	25132.2602582654
6.9785300000	25145.7415595917
6.9879250000	25159.1079495543
6.9973200000	25172.3595982688
7.0067150000	25185.4965789993
7.0161100000	25198.5188864184
7.0255050000	25211.4270548094
7.0349000000	25224.2198952459
7.0442950000	25236.8986035580
7.0536900000	25249.4645550805
7.0630850000	25261.9165418656
7.0724800000	25274.2550600489
7.0818750000	25286.4803676594
7.0912700000	25298.5927429456
7.1006650000	25310.5921618576
7.1100600000	25322.4791954753
7.1194550000	25334.2539597504
7.1288500000	25345.9168758080
7.1382450000	25357.4682467403
7.1476400000	25368.9083138272
7.1570350000	25380.2373897509
7.1664300000	25391.4558322183
7.1758250000	25402.5641322403
7.1852200000	25413.5625961989
7.1946150000	25424.4516264046
7.2040100000	25435.2316824596
7.2134050000	25445.9030694567
7.2228000000	25456.4662708297
7.2321950000	25466.9217734366
7.2415900000	25477.2699790335
7.2509850000	25487.5114726680
7.2603800000	25497.6465602236
7.2697750000	25507.6758896074
7.2791700000	25517.5999140441
7.2885650000	25527.4191028746
7.2979600000	25537.1340261678
7.3073550000	25546.7452231870
7.3167500000	25556.2532783892
7.3261450000	25565.6587376650
7.3355400000	25574.9621377183
7.3449350000	25584.1641140438
7.3543300000	25593.2652335538
7.3637250000	25602.2660853009
7.3731200000	25611.1672195524
7.3825150000	25619.9695425603
7.3919100000	25628.6728121134
7.4013050000	25637.2801457698
7.4107000000	25645.7974872502
7.4200950000	25654.2095146335
7.4294900000	25662.5260172436
7.4388850000	25670.7474141356
7.4482800000	25678.8742846440
7.4576750000	25686.9074234380
7.4670700000	25694.8474197419
7.4764650000	25702.6952014446
7.4858600000	25710.4512077186
7.4952550000	25718.1160327057
7.5046500000	25725.6905667554
7.5140450000	25733.1755975187
7.5234400000	25740.5717020952
7.5328350000	25747.8795605554
7.5422300000	25755.1000839406
7.5516250000	25762.2339321381
7.5610200000	25769.2818891532
7.5704150000	25776.2443666008
7.5798100000	25783.1224509672
7.5892050000	25789.9187589422
7.5986000000	25796.6320156719
7.6079950000	25803.2606460018
7.6173900000	25809.8080018482
7.6267850000	25816.2749085878
7.6361800000	25822.6616394753
7.6455750000	25828.9692373536
7.6549700000	25835.1979072649
7.6643650000	25841.3502286930
7.6737600000	25847.4200336598
7.6831550000	25853.4107226639
7.6925500000	25859.3344585793
7.7019450000	25865.1818136656
7.7113400000	25870.9554756104
7.7207350000	25876.6558300680
7.7301300000	25882.2836903327
7.7395250000	25887.8396059953
7.7489200000	25893.3245878613
7.7583150000	25898.7391847732
7.7677100000	25904.0841736216
7.7771050000	25909.3604408471
7.7865000000	25914.5685373749
7.7958950000	25919.7092274292
7.8052900000	25924.7833149503
7.8146850000	25929.7914551070
7.8240800000	25934.7344214861
7.8334750000	25939.6129290108
7.8428700000	25944.4276178170
7.8522650000	25949.1792679880
7.8616600000	25953.8686031563
7.8710550000	25958.4963302227
7.8804500000	25963.0630711439
7.8898450000	25967.5696027978
7.8992400000	25972.0166355311
7.9086350000	25976.4047949581
7.9180300000	25980.7348066431
7.9274250000	25985.0071709480
7.9368200000	25989.2232560591
7.9462150000	25993.3805633738
7.9556100000	25997.4832980331
7.9650050000	26001.5329249454
7.9744000000	26005.5279335750
7.9837950000	26009.4695980117
7.9931900000	26013.3583863973
8.0025850000	26017.1949852540
8.0119800000	26020.9799740339
8.0213750000	26024.7139835774
8.0307700000	26028.3977272067
8.0401650000	26032.0317983417
8.0495600000	26035.6167762939
8.0589550000	26039.1532732657
8.0683500000	26042.6418962803
8.0777450000	26046.0831775384
8.0871400000	26049.4779357490
8.0965350000	26052.8265368023
8.1059300000	26056.1296157259
8.1153250000	26059.3878388270
8.1247200000	26062.6016412548
8.1341150000	26065.7717280702
8.1435100000	26068.8985538517
8.1529050000	26071.9825367871
8.1623000000	26075.0246796038
8.1716950000	26078.0250091278
8.1810900000	26080.9848677160
8.1904850000	26083.9070888591
8.1998800000	26086.7859826606
8.2092750000	26089.6254195019
8.2186700000	26092.4259834638
8.2280650000	26095.1883358634
8.2374600000	26097.9115306260
8.2468550000	26100.6054502993
8.2562500000	26103.2585492506
8.2656450000	26105.8710587027
8.2750400000	26108.4487811312
8.2844350000	26110.9906632209
8.2938300000	26113.4976527239
8.3032250000	26115.9700842641
8.3126200000	26118.4084285849
8.3220150000	26120.8131990962
8.3314100000	26123.1847911154
8.3408050000	26125.5236121621
8.3502000000	26127.8301208465
8.3595950000	26130.1048547520
8.3689900000	26132.3480935460
8.3783850000	26134.5604573369
8.3877800000	26136.7421309750
8.3971750000	26138.8936927897
8.4065700000	26141.0155152090
8.4159650000	26143.1079521013
8.4253600000	26145.1714034075
8.4347550000	26147.2063024266
8.4441500000	26149.2131574471
8.4535450000	26151.1921858153
8.4629400000	26153.1437113544
8.4723350000	26155.0683411363
8.4817300000	26156.9662944743
8.4911250000	26158.8379553291
8.5005200000	26160.6836810476
8.5099150000	26162.5038212788
8.5193100000	26164.2987598165
8.5287050000	26166.0688169610
8.5381000000	26167.8143644871
8.5474950000	26169.5357192706
8.5568900000	26171.2331996933
8.5662850000	26172.9071758821
8.5756800000	26174.5579772323
8.5850750000	26176.1858924572
8.5944700000	26177.7912195481
8.6038650000	26179.3743250794
8.6132600000	26180.9354988032
8.6226550000	26182.4750037343
8.6320500000	26183.9931971053
8.6414450000	26185.4903512238
8.6508400000	26186.9668328780
8.6602350000	26188.4227542572
8.6696300000	26189.8585424852
8.6790250000	26191.2745068210
8.6884200000	26192.6708031807
8.6978150000	26194.0477937666
8.7072100000	26195.4056964612
8.7166050000	26196.7448074225
8.7260000000	26198.0653797341
8.7353950000	26199.3676290465
8.7447900000	26200.6519354742
8.7541850000	26201.9184834961
8.7635800000	26203.1674826705
8.7729750000	26204.3992156381
8.7823700000	26205.6138676945
8.7917650000	26206.8118375103
8.8011600000	26207.9931724630
8.8105550000	26209.1581755322
8.8199500000	26210.3070917471
8.8293450000	26211.4401991554
8.8387400000	26212.5575806114
8.8481350000	26213.6595550673
8.8575300000	26214.7463087812
8.8669250000	26215.8181368371
8.8763200000	26216.8751375411
8.8857150000	26217.9175805690
8.8951100000	26218.9456529257
8.9045050000	26219.9595102484
8.9139000000	26220.9594145413
8.9232950000	26221.9455965099
8.9326900000	26222.9182009660
8.9420850000	26223.8773478944
8.9514800000	26224.8233455387
8.9608750000	26225.7563280711
8.9702700000	26226.6765130676
8.9796650000	26227.5840200565
8.9890600000	26228.4790300586
8.9984550000	26229.3616895836
9.0078500000	26230.2325912321
9.0172450000	26231.0902969136
9.0266400000	26231.9431079201
9.0360350000	26232.7812905279
9.0454300000	26233.6041797335
9.0548250000	26234.4169479889
9.0642200000	26235.2180711487
9.0736150000	26236.0090134979
9.0830100000	26236.7866721845
9.0924050000	26237.5511200102
9.1018000000	26238.3101599573
9.1111950000	26239.0580324004
9.1205900000	26239.7958386639
9.1299850000	26240.5235776203
9.1393800000	26241.2413815641
9.1487750000	26241.9494534088
9.1581700000	26242.6477884427
9.1675650000	26243.3365567726
9.1769600000	26244.0159964421
9.1863550000	26244.6861521323
9.1957500000	26245.3472119530
9.2051450000	26245.9993107306
9.2145400000	26246.6425317326
9.2239350000	26247.2769001060
9.2333300000	26247.9029069595
9.2427250000	26248.5197488350
9.2521200000	26249.1303420581
9.2615150000	26249.7371854652
9.2709100000	26250.3289715106
9.2803050000	26250.9134362518
9.2897000000	26251.4899272248
9.2990950000	26252.0585858799
9.3084900000	26252.6195281769
9.3178850000	26253.1728484930
9.3272800000	26253.7187030490
9.3366750000	26254.2572140708
9.3460700000	26254.7884093967
9.3554650000	26255.3124248620
9.3648600000	26255.8294399907
9.3742550000	26256.3394460540
9.3836500000	26256.8425758174
9.3930450000	26257.3390011949
9.4024400000	26257.8286839826
9.4118350000	26258.3118265192
9.4212300000	26258.7885464491
9.4306250000	26259.2588093871
9.4400200000	26259.7228541482
9.4494150000	26260.1806801755
9.4588100000	26260.6323885995
9.4682050000	26261.0781042098
9.4776000000	26261.5178623091
9.4869950000	26261.9518208568
9.4963900000	26262.3799599235
9.5057850000	26262.8024274934
9.5151800000	26263.2193094971
9.5245750000	26263.6306622502
9.5339700000	26264.0365558541
9.5433650000	26264.4370243911
9.5527600000	26264.8322307526
9.5621550000	26265.2222382174
9.5715500000	26265.6070429868
9.5809450000	26265.9867931559
9.5903400000	26266.3614844869
9.5997350000	26266.7312393074
9.6091300000	26267.0961197892
9.6185250000	26267.4562148856
9.6279200000	26267.8115586601
9.6373150000	26268.1621667295
9.6467100000	26268.5081072685
9.6561050000	26268.8495453632
9.6655000000	26269.1865416603
9.6748950000	26269.5190627708
9.6842900000	26269.8471871036
9.6936850000	26270.1710250573
9.7030800000	26270.4906078632
9.7124750000	26270.8059800200
9.7218700000	26271.1171820971
9.7312650000	26271.4243149878
9.7406600000	26271.7275200150
9.7500550000	26272.0266245452
9.7594500000	26272.3219406855
9.7688450000	26272.6132810674
9.7782400000	26272.9008538788
9.7876350000	26273.1847313658
9.7970300000	26273.4648337171
9.8064250000	26273.7413434785
9.8158200000	26274.0142701038
9.8252150000	26274.2835897185
9.8346100000	26274.5494406192
9.8440050000	26274.8118059949
9.8534000000	26275.0707709339
9.8627950000	26275.3264233081
9.8721900000	26275.5787164711
9.8815850000	26275.8278487577
9.8909800000	26276.0736353050
9.9003750000	26276.3163369578
9.9097700000	26276.5558291992
9.9191650000	26276.7922746867
9.9285600000	26277.0256770337
9.9379550000	26277.2560694902
9.9473500000	26277.4835521064
9.9567450000	26277.7080404677
9.9661400000	26277.9296461381
9.9755350000	26278.1484644811
9.9849300000	26278.3644206258
9.9943250000	26278.5776459752
10.0037200000	26278.7881706990
10.0131150000	26278.9959427285
10.0225100000	26279.2011402236
10.0319050000	26279.4036933604
10.0413000000	26279.6036020859
10.0506950000	26279.8010697123
10.0600900000	26279.9959701889
10.0694850000	26280.1883349581
10.0788800000	26280.3783203060
10.0882750000	26280.5659329981
10.0976700000	26280.7511046967
10.1070650000	26280.9339580513
10.1164600000	26281.1144638912
10.1258550000	26281.2927285097
10.1352500000	26281.4687536769
10.1446450000	26281.6425288350
10.1540400000	26281.8140974834
10.1634350000	26281.9835204851
10.1728300000	26282.1508306452
10.1822250000	26282.3159991650
10.1916200000	26282.4791448882
10.2010150000	26282.6401723768
10.2104100000	26282.7991816404
10.2198050000	26282.9562138393
10.2292000000	26283.1112922440
10.2385950000	26283.2644401254
10.2479900000	26283.4156807542
10.2573850000	26283.5650374012
10.2667800000	26283.7125333370
10.2761750000	26283.8581918324
10.2855700000	26284.0020361581
10.2949650000	26284.1440895849
10.3043600000	26284.2843753650
10.3137550000	26284.4229162446
10.3231500000	26284.5597344139
10.3325450000	26284.6948520348
10.3419400000	26284.8282912692
10.3513350000	26284.9600742788
10.3607300000	26285.0902232257
10.3701250000	26285.2187602715
10.3795200000	26285.3457075782
10.3889150000	26285.4710873076
10.3983100000	26285.5949216215
10.4077050000	26285.7172323364
10.4171000000	26285.8380388744
10.4264950000	26285.9573596434
10.4358900000	26286.0752130480
10.4452850000	26286.1916174925
10.4546800000	26286.3065913814
10.4640750000	26286.4201531190
10.4734700000	26286.5323211097
10.4828650000	26286.6431137580
10.4922600000	26286.7525494683
10.5016550000	26286.8606466429
10.5110500000	26286.9674230994
10.5204450000	26287.0728952593
10.5298400000	26287.1770793405
10.5392350000	26287.2799915608
10.5486300000	26287.3816481381
10.5580250000	26287.4820652903
10.5674200000	26287.5812592352
10.5768150000	26287.6792461906
10.5862100000	26287.7760423744
10.5956050000	26287.8716640045
10.6050000000	26287.9661272220
10.6143950000	26288.0594466451
10.6237900000	26288.1516354921
10.6331850000	26288.2427069289
10.6425800000	26288.3326741216
10.6519750000	26288.4215502361
10.6613700000	26288.5093484386
10.6707650000	26288.5960818949
10.6801600000	26288.6817637713
10.6895550000	26288.7664072336
10.6989500000	26288.8500254480
10.7083450000	26288.9326316507
10.7177400000	26289.0142394721
10.7271350000	26289.0948626798
10.7365300000	26289.1745150416
10.7459250000	26289.2532103253
10.7553200000	26289.3309622986
10.7647150000	26289.4077847293
10.7741100000	26289.4836913852
10.7835050000	26289.5586960340
10.7929000000	26289.6328124435
10.8022950000	26289.7060543652
10.8116900000	26289.7784334774
10.8210850000	26289.8499573674
10.8304800000	26289.9206331434
10.8398750000	26289.9904679140
10.8492700000	26290.0594687872
10.8586650000	26290.1276428716
10.8680600000	26290.1949972753
10.8774550000	26290.2615391068
10.8868500000	26290.3272754743
10.8962450000	26290.3922134862
10.9056400000	26290.4563603879
10.9150350000	26290.5197254745
10.9244300000	26290.5823196173
10.9338250000	26290.6441537282
10.9432200000	26290.7052387190
10.9526150000	26290.7655855017
10.9620100000	26290.8252049881
10.9714050000	26290.8841080901
10.9808000000	26290.9423057196
10.9901950000	26290.9998087883
10.9995900000	26291.0566282083
11.0089850000	26291.1127743217
11.0183800000	26291.1682548736
11.0277750000	26291.2230768689
11.0371700000	26291.2772473126
11.0465650000	26291.3307732096
11.0559600000	26291.3836615649
11.0653550000	26291.4359193834
11.0747500000	26291.4875536700
11.0841450000	26291.5385714297
11.0935400000	26291.5889796674
11.1029350000	26291.6387853878
11.1123300000	26291.6879955761
11.1217250000	26291.7366171856
11.1311200000	26291.7846571667
11.1405150000	26291.8321224697
11.1499100000	26291.8790200449
11.1593050000	26291.9253568428
11.1687000000	26291.9711398137
11.1780950000	26292.0163759079
11.1874900000	26292.0610720759
11.1968850000	26292.1052352679
11.2062800000	26292.1488723715
11.2156750000	26292.1919895485
11.2250700000	26292.2345924950
11.2344650000	26292.2766868991
11.2438600000	26292.3182784491
11.2532550000	26292.3593728334
11.2626500000	26292.3999757401
11.2720450000	26292.4400928575
11.2814400000	26292.4797298739
11.2908350000	26292.5188924775
11.3002300000	26292.5575863567
11.3096250000	26292.5958170720
11.3190200000	26292.6335897094
11.3284150000	26292.6709092447
11.3378100000	26292.7077806538
11.3472050000	26292.7442089124
11.3566000000	26292.7801989964
11.3659950000	26292.8157558815
11.3753900000	26292.8508845436
11.3847850000	26292.8855899584
11.3941800000	26292.9198771018
11.4035750000	26292.9537509521
11.4129700000	26292.9872165972
11.4223650000	26293.0202792750
11.4317600000	26293.0529442344
11.4411550000	26293.0852167240
11.4505500000	26293.1171019926
11.4599450000	26293.1486052890
11.4693400000	26293.1797318618
11.4787350000	26293.2104869599
11.4881300000	26293.2408758320
11.4975250000	26293.2709037267
11.5069200000	26293.3005755247
11.5163150000	26293.3298927539
11.5257100000	26293.3588551511
11.5351050000	26293.3874624364
11.5445000000	26293.4157143300
11.5538950000	26293.4436105518
11.5632900000	26293.4711508220
11.5726850000	26293.4983348607
11.5820800000	26293.5251623878
11.5914750000	26293.5516331234
11.6008700000	26293.5777467905
11.6102650000	26293.6035075457
11.6196600000	26293.6289330099
11.6290550000	26293.6540433501
11.6384500000	26293.6788587332
11.6478450000	26293.7033993260
11.6572400000	26293.7276852954
11.6666350000	26293.7517368085
11.6760300000	26293.7755740319
11.6854250000	26293.7992171328
11.6948200000	26293.8226862779
11.7042150000	26293.8460009734
11.7136100000	26293.8691611221
11.7230050000	26293.8921442108
11.7324000000	26293.9149264999
11.7417950000	26293.9374842496
11.7511900000	26293.9597937204
11.7605850000	26293.9818311724
11.7699800000	26294.0035728662
11.7793750000	26294.0249950619
11.7887700000	26294.0460740199
11.7981650000	26294.0667860005
11.8075600000	26294.0871110451
11.8169550000	26294.1070567219
11.8263500000	26294.1266427762
11.8357450000	26294.1458890070
11.8451400000	26294.1648152136
11.8545350000	26294.1834411951
11.8639300000	26294.2017867507
11.8733250000	26294.2198716794
11.8827200000	26294.2377157806
11.8921150000	26294.2553388533
11.9015100000	26294.2727606814
11.9109050000	26294.2899953675
11.9203000000	26294.3070428489
11.9296950000	26294.3239008925
11.9390900000	26294.3405672650
11.9484850000	26294.3570397329
11.9578800000	26294.3733160630
11.9672750000	26294.3893940220
11.9766700000	26294.4052713766
11.9860650000	26294.4209458935
11.9954600000	26294.4364153394
12.0048550000	26294.4516776103
12.0142500000	26294.4667333534
12.0236450000	26294.4815858500
12.0330400000	26294.4962384866
12.0424350000	26294.5106946501
12.0518300000	26294.5249577273
12.0612250000	26294.5390311048
12.0706200000	26294.5529181694
12.0800150000	26294.5666223079
12.0894100000	26294.5801469071
12.0988050000	26294.5934953536
12.1082000000	26294.6066708291
12.1175950000	26294.6196753097
12.1269900000	26294.6325103320
12.1363850000	26294.6451774323
12.1457800000	26294.6576781466
12.1551750000	26294.6700140111
12.1645700000	26294.6821865619
12.1739650000	26294.6941973352
12.1833600000	26294.7060478671
12.1927550000	26294.7177396938
12.2021500000	26294.7292743521
12.2115450000	26294.7406535054
12.2209400000	26294.7518790771
12.2303350000	26294.7629530226
12.2397300000	26294.7738772972
12.2491250000	26294.7846538564
12.2585200000	26294.7952846555
12.2679150000	26294.8057716501
12.2773100000	26294.8161167954
12.2867050000	26294.8263220469
12.2961000000	26294.8363893600
12.3054950000	26294.8463206719
12.3148900000	26294.8561176296
12.3242850000	26294.8657816480
12.3336800000	26294.8753141353
12.3430750000	26294.8847164999
12.3524700000	26294.8939901499
12.3618650000	26294.9031364937
12.3712600000	26294.9121569395
12.3806550000	26294.9210528956
12.3900500000	26294.9298257702
12.3994450000	26294.9384769717
12.4088400000	26294.9470079093
12.4182350000	26294.9554199970
12.4276300000	26294.9637146501
12.4370250000	26294.9718932842
12.4464200000	26294.9799573144
12.4558150000	26294.9879081563
12.4652100000	26294.9957472253
12.4746050000	26295.0034759367
12.4840000000	26295.0110957059
12.4933950000	26295.0186079483
12.5027900000	26295.0260140787
12.5121850000	26295.0333154617
12.5215800000	26295.0405133765
12.5309750000	26295.0476090938
12.5403700000	26295.0546038843
12.5497650000	26295.0614990187
12.5591600000	26295.0682957679
12.5685550000	26295.0749954024
12.5779500000	26295.0815991931
12.5873450000	26295.0881084106
12.5967400000	26295.0945243257
12.6061350000	26295.1008482021
12.6155300000	26295.1070812178
12.6249250000	26295.1132244932
12.6343200000	26295.1192791478
12.6437150000	26295.1252463012
12.6531100000	26295.1311270727
12.6625050000	26295.1369225819
12.6719000000	26295.1426339482
12.6812950000	26295.1482622912
12.6906900000	26295.1538087303
12.7000850000	26295.1592743849
12.7094800000	26295.1646603639
12.7188750000	26295.1699677344
12.7282700000	26295.1751975533
12.7376650000	26295.1803508776
12.7470600000	26295.1854287642
12.7564550000	26295.1904322703
12.7658500000	26295.1953624527
12.7752450000	26295.2002203684
12.7846400000	26295.2050070743
12.7940350000	26295.2097236276
12.8034300000	26295.2143710837
12.8128250000	26295.2189504320
12.8222200000	26295.2234625678
12.8316150000	26295.2279083788
12.8410100000	26295.2322887531
12.8504050000	26295.2366045784
12.8598000000	26295.2408567428
12.8691950000	26295.2450461340
12.8785900000	26295.2491736401
12.8879850000	26295.2532401490
12.8973800000	26295.2572465484
12.9067750000	26295.2611937234
12.9161700000	26295.2650825296
12.9255650000	26295.2689138066
12.9349600000	26295.2726883937
12.9443550000	26295.2764071303
12.9537500000	26295.2800708556
12.9631450000	26295.2836804092
12.9725400000	26295.2872366302
12.9819350000	26295.2907403580
12.9913300000	26295.2941924320
13.0007250000	26295.2975936916
13.0101200000	26295.3009449607
13.0195150000	26295.3042470151
13.0289100000	26295.3075006208
13.0383050000	26295.3107065438
13.0477000000	26295.3138655501
13.0570950000	26295.3169784058
13.0664900000	26295.3200458769
13.0758850000	26295.3230687295
13.0852800000	26295.3260477295
13.0946750000	26295.3289836431
13.1040700000	26295.3318772349
13.1134650000	26295.3347292282
13.1228600000	26295.3375402967
13.1322550000	26295.3403111112
13.1416500000	26295.3430423425
13.1510450000	26295.3457346616
13.1604400000	26295.3483887392
13.1698350000	26295.3510052462
13.1792300000	26295.3535848534
13.1886250000	26295.3561282317
13.1980200000	26295.3586360519
13.2074150000	26295.3611089691
13.2168100000	26295.3635475179
13.2262050000	26295.3659521775
13.2356000000	26295.3683234265
13.2449950000	26295.3706617437
13.2543900000	26295.3729676079
13.2637850000	26295.3752414977
13.2731800000	26295.3774838919
13.2825750000	26295.3796952692
13.2919700000	26295.3818761084
13.3013650000	26295.3840268884
13.3107600000	26295.3861481592
13.3201550000	26295.3882406565
13.3295500000	26295.3903051456
13.3389450000	26295.3923423920
13.3483400000	26295.3943531612
13.3577350000	26295.3963382185
13.3671300000	26295.3982983294
13.3765250000	26295.4002342594
13.3859200000	26295.4021467737
13.3953150000	26295.4040366380
13.4047100000	26295.4059046033
13.4141050000	26295.4077510930
13.4235000000	26295.4095762042
13.4328950000	26295.4113800197
13.4422900000	26295.4131626225
13.4516850000	26295.4149240954
13.4610800000	26295.4166645213
13.4704750000	26295.4183839831
13.4798700000	26295.4200825638
13.4892650000	26295.4217603461
13.4986600000	26295.4234174130
13.5080550000	26295.4250539257
13.5174500000	26295.4266705281
13.5268450000	26295.4282680480
13.5362400000	26295.4298473135
13.5456350000	26295.4314091528
13.5550300000	26295.4329543941
13.5644250000	26295.4344838654
13.5738200000	26295.4359983950
13.5832150000	26295.4374988110
13.5926100000	26295.4389859416
13.6020050000	26295.4404606136
13.6114000000	26295.4419234337
13.6207950000	26295.4433745349
13.6301900000	26295.4448139888
13.6395850000	26295.4462418672
13.6489800000	26295.4476582417
13.6583750000	26295.4490631841
13.6677700000	26295.4504567659
13.6771650000	26295.4518390588
13.6865600000	26295.4532101346
13.6959550000	26295.4545700649
13.7053500000	26295.4559189281
13.7147450000	26295.4572569147
13.7241400000	26295.4585843092
13.7335350000	26295.4599013988
13.7429300000	26295.4612084708
13.7523250000	26295.4625058125
13.7617200000	26295.4637937111
13.7711150000	26295.4650724538
13.7805100000	26295.4663423280
13.7899050000	26295.4676036208
13.7993000000	26295.4688566195
13.8086950000	26295.4701016366
13.8180900000	26295.4713391100
13.8274850000	26295.4725695172
13.8368800000	26295.4737933356
13.8462750000	26295.4750110426
13.8556700000	26295.4762231155
13.8650650000	26295.4774300316
13.8744600000	26295.4786322685
13.8838550000	26295.4798303035
13.8932500000	26295.4810246139
13.9026450000	26295.4822156750
13.9120400000	26295.4834037628
13.9214350000	26295.4845887986
13.9308300000	26295.4857706671
13.9402250000	26295.4869492530
13.9496200000	26295.4881244408
13.9590150000	26295.4892961153
13.9684100000	26295.4904641611
13.9778050000	26295.4916284628
13.9872000000	26295.4927889052
13.9965950000	26295.4939453729
14.0059900000	26295.4950977750
14.0153850000	26295.4962463374
14.0247800000	26295.4973915070
14.0341750000	26295.4985337350
14.0435700000	26295.4996734726
14.0529650000	26295.5008111712
14.0623600000	26295.5019472821
14.0717550000	26295.5030822564
14.0811500000	26295.5042165456
14.0905450000	26295.5053506008
14.0999400000	26295.5064848733
14.1093350000	26295.5076197336
14.1187300000	26295.5087552226
14.1281250000	26295.5098912972
14.1375200000	26295.5110279144
14.1469150000	26295.5121650311
14.1563100000	26295.5133026041
14.1657050000	26295.5144405905
14.1751000000	26295.5155789471
14.1844950000	26295.5167176309
14.1938900000	26295.5178565988
14.2032850000	26295.5189958099
14.2126800000	26295.5201353421
14.2220750000	26295.5212754494
14.2314700000	26295.5224164001
14.2408650000	26295.5235584623
14.2502600000	26295.5247019044
14.2596550000	26295.5258469946
14.2690500000	26295.5269940012
14.2784450000	26295.5281431924
14.2878400000	26295.5292948365
14.2972350000	26295.5304492018
14.3066300000	26295.5316065311
14.3160250000	26295.5327668103
14.3254200000	26295.5339298759
14.3348150000	26295.5350955627
14.3442100000	26295.5362637053
14.3536050000	26295.5374341386
14.3630000000	26295.5386066971
14.3723950000	26295.5397812157
14.3817900000	26295.5409575290
14.3911850000	26295.5421354717
14.4005800000	26295.5433148786
14.4099750000	26295.5444956845
14.4193700000	26295.5456781565
14.4287650000	26295.5468626312
14.4381600000	26295.5480494450
14.4475550000	26295.5492389341
14.4569500000	26295.5504314351
14.4663450000	26295.5516272843
14.4757400000	26295.5528268181
14.4851350000	26295.5540303729
14.4945300000	26295.5552382851
14.5039250000	26295.5564508858
14.5133200000	26295.5576683241
14.5227150000	26295.5588905226
14.5321100000	26295.5601173903
14.5415050000	26295.5613488358
14.5509000000	26295.5625847679
14.5602950000	26295.5638250955
14.5696900000	26295.5650697273
14.5790850000	26295.5663185720
14.5884800000	26295.5675715386
14.5978750000	26295.5688285357
14.6072700000	26295.5700894721
14.6166650000	26295.5713542566
14.6260600000	26295.5726227980
14.6354550000	26295.5738950051
14.6448500000	26295.5751707866
14.6542450000	26295.5764500514
14.6636400000	26295.5777327081
14.6730350000	26295.5790186657
14.6824300000	26295.5803078328
14.6918250000	26295.5816001182
14.7012200000	26295.5828954309
14.7106150000	26295.5841937637
14.7200100000	26295.5854953385
14.7294050000	26295.5868004155
14.7388000000	26295.5881092552
14.7481950000	26295.5894221178
14.7575900000	26295.5907392637
14.7669850000	26295.5920609533
14.7763800000	26295.5933874469
14.7857750000	26295.5947190049
14.7951700000	26295.5960558877
14.8045650000	26295.5973983414
14.8139600000	26295.5987462651
14.8233550000	26295.6000991974
14.8327500000	26295.6014566605
14.8421450000	26295.6028181763
14.8515400000	26295.6041832668
14.8609350000	26295.6055514541
14.8703300000	26295.6069222601
14.8797250000	26295.6082952069
14.8891200000	26295.6096698164
14.8985150000	26295.6110456108
14.9079100000	26295.6124222990
14.9173050000	26295.6138008006
14.9267000000	26295.6151825172
14.9360950000	26295.6165688514
14.9454900000	26295.6179612058
14.9548850000	26295.6193609832
14.9642800000	26295.6207695862
14.9736750000	26295.6221884176
14.9830700000	26295.6236188800
14.9924650000	26295.6250623761
15.0018600000	26295.6265203000
15.0112550000	26295.6279921802
15.0206500000	26295.6294733588
15.0300450000	26295.6309586077
15.0394400000	26295.6324426991
15.0488350000	26295.6339204049
15.0582300000	26295.6353864972
15.0676250000	26295.6368357480
15.0770200000	26295.6382629294
15.0864150000	26295.6396628132
15.0958100000	26295.6410301717
15.1052050000	26295.6423601500
15.1146000000	26295.6436546392
15.1239950000	26295.6449213884
15.1333900000	26295.6461683416
15.1427850000	26295.6474034426
15.1521800000	26295.6486346356
15.1615750000	26295.6498698642
15.1709700000	26295.6511170726
15.1803650000	26295.6523842047
15.1897600000	26295.6536792043
15.1991550000	26295.6550100155
15.2085500000	26295.6563829449
15.2179450000	26295.6577957117
15.2273400000	26295.6592432287
15.2367350000	26295.6607204072
15.2461300000	26295.6622221584
15.2555250000	26295.6637433937
15.2649200000	26295.6652790243
15.2743150000	26295.6668239615
15.2837100000	26295.6683731166
15.2931050000	26295.6699214009
15.3025000000	26295.6714637461
15.3118950000	26295.6729971994
15.3212900000	26295.6745227397
15.3306850000	26295.6760417737
15.3400800000	26295.6775557083
15.3494750000	26295.6790659503
15.3588700000	26295.6805739065
15.3682650000	26295.6820809836
15.3776600000	26295.6835885885
15.3870550000	26295.6850981279
15.3964500000	26295.6866110086
15.4058450000	26295.6881285689
15.4152400000	26295.6896512052
15.4246350000	26295.6911786303
15.4340300000	26295.6927105417
15.4434250000	26295.6942466368
15.4528200000	26295.6957866129
15.4622150000	26295.6973301674
15.4716100000	26295.6988769978
15.4810050000	26295.7004268014
15.4904000000	26295.7019792757
15.4997950000	26295.7035341180
15.5091900000	26295.7050910257
15.5185850000	26295.7066496963
15.5279800000	26295.7082098272
15.5373750000	26295.7097711157
15.5467700000	26295.7113332592
15.5561650000	26295.7128959552
15.5655600000	26295.7144589011
15.5749550000	26295.7160217942
15.5843500000	26295.7175843319
15.5937450000	26295.7191462117
15.6031400000	26295.7207071350
15.6125350000	26295.7222670468
15.6219300000	26295.7238262684
15.6313250000	26295.7253851535
15.6407200000	26295.7269440557
15.6501150000	26295.7285033287
15.6595100000	26295.7300633261
15.6689050000	26295.7316244016
15.6783000000	26295.7331869088
15.6876950000	26295.7347512013
15.6970900000	26295.7363176329
15.7064850000	26295.7378865201
15.7158800000	26295.7394577851
15.7252750000	26295.7410311106
15.7346700000	26295.7426061764
15.7440650000	26295.7441826620
15.7534600000	26295.7457602470
15.7628550000	26295.7473386110
15.7722500000	26295.7489174336
15.7816450000	26295.7504963944
15.7910400000	26295.7520751729
15.8004350000	26295.7536534489
15.8098300000	26295.7552309904
15.8192250000	26295.7568078742
15.8286200000	26295.7583842443
15.8380150000	26295.7599602444
15.8474100000	26295.7615360184
15.8568050000	26295.7631117103
15.8662000000	26295.7646874637
15.8755950000	26295.7662634227
15.8849900000	26295.7678397311
15.8943850000	26295.7694165327
15.9037800000	26295.7709939661
15.9131750000	26295.7725719661
15.9225700000	26295.7741502047
15.9319650000	26295.7757283362
15.9413600000	26295.7773060151
15.9507550000	26295.7788828958
15.9601500000	26295.7804586328
15.9695450000	26295.7820328806
15.9789400000	26295.7836052935
15.9883350000	26295.7851755261
15.9977300000	26295.7867432327
16.0071250000	26295.7883081170
16.0165200000	26295.7898702987
16.0259150000	26295.7914301070
16.0353100000	26295.7929878725
16.0447050000	26295.7945439260
16.0541000000	26295.7960985983
16.0634950000	26295.7976522199
16.0728900000	26295.7992051216
16.0822850000	26295.8007576342
16.0916800000	26295.8023100883
16.1010750000	26295.8038628146
16.1104700000	26295.8054159950
16.1198650000	26295.8069693891
16.1292600000	26295.8085226813
16.1386550000	26295.8100755560
16.1480500000	26295.8116276979
16.1574450000	26295.8131787914
16.1668400000	26295.8147285211
16.1762350000	26295.8162765714
16.1856300000	26295.8178226270
16.1950250000	26295.8193663723
16.2044200000	26295.8209074992
16.2138150000	26295.8224458967
16.2232100000	26295.8239816667
16.2326050000	26295.8255149213
16.2420000000	26295.8270457729
16.2513950000	26295.8285743339
16.2607900000	26295.8301007167
16.2701850000	26295.8316250334
16.2795800000	26295.8331473965
16.2889750000	26295.8346679184
16.2983700000	26295.8361867113
16.3077650000	26295.8377038654
16.3171600000	26295.8392193204
16.3265550000	26295.8407329536
16.3359500000	26295.8422446418
16.3453450000	26295.8437542620
16.3547400000	26295.8452616911
16.3641350000	26295.8467668061
16.3735300000	26295.8482694839
16.3829250000	26295.8497696015
16.3923200000	26295.8512670357
16.4017150000	26295.8527616638
16.4111100000	26295.8542534248
16.4205050000	26295.8557424026
16.4299000000	26295.8572287019
16.4392950000	26295.8587124274
16.4486900000	26295.8601936836
16.4580850000	26295.8616725753
16.4674800000	26295.8631492071
16.4768750000	26295.8646236837
16.4862700000	26295.8660961098
16.4956650000	26295.8675665900
16.5050600000	26295.8690352220
16.5144550000	26295.8705019680
16.5238500000	26295.8719666681
16.5332450000	26295.8734291576
16.5426400000	26295.8748892721
16.5520350000	26295.8763468471
16.5614300000	26295.8778017181
16.5708250000	26295.8792537206
16.5802200000	26295.8807026901
16.5896150000	26295.8821484621
16.5990100000	26295.8835908721
16.6084050000	26295.8850297817
16.6178000000	26295.8864651961
16.6271950000	26295.8878971696
16.6365900000	26295.8893257564
16.6459850000	26295.8907510109
16.6553800000	26295.8921729873
16.6647750000	26295.8935917399
16.6741700000	26295.8950073232
16.6835650000	26295.8964197912
16.6929600000	26295.8978291985
16.7023550000	26295.8992355992
16.7117500000	26295.9006390476
16.7211450000	26295.9020395981
16.7305400000	26295.9034373050
16.7399350000	26295.9048322225
16.7493300000	26295.9062244050
16.7587250000	26295.9076139068
16.7681200000	26295.9090007821
16.7775150000	26295.9103850853
16.7869100000	26295.9117668707
16.7963050000	26295.9131461925
16.8057000000	26295.9145230920
16.8150950000	26295.9158974194
16.8244900000	26295.9172688804
16.8338850000	26295.9186371772
16.8432800000	26295.9200020120
16.8526750000	26295.9213630869
16.8620700000	26295.9227201042
16.8714650000	26295.9240727661
16.8808600000	26295.9254207746
16.8902550000	26295.9267638321
16.8996500000	26295.9281016406
16.9090450000	26295.9294339866
16.9184400000	26295.9307610326
16.9278350000	26295.9320830467
16.9372300000	26295.9334002966
16.9466250000	26295.9347130502
16.9560200000	26295.9360215756
16.9654150000	26295.9373261405
16.9748100000	26295.9386270128
16.9842050000	26295.9399244605
16.9936000000	26295.9412187515
17.0029950000	26295.9425101514
17.0123900000	26295.9437987840
17.0217850000	26295.9450845438
17.0311800000	26295.9463673045
17.0405750000	26295.9476469400
17.0499700000	26295.9489233241
17.0593650000	26295.9501963305
17.0687600000	26295.9514658331
17.0781550000	26295.9527317056
17.0875500000	26295.9539938218
17.0969450000	26295.9552520555
17.1063400000	26295.9565062909
17.1157350000	26295.9577565292
17.1251300000	26295.9590028452
17.1345250000	26295.9602453153
17.1439200000	26295.9614840156
17.1533150000	26295.9627190222
17.1627100000	26295.9639504114
17.1721050000	26295.9651782592
17.1815000000	26295.9664026419
17.1908950000	26295.9676236357
17.2002900000	26295.9688413167
17.2096850000	26295.9700557140
17.2190800000	26295.9712666853
17.2284750000	26295.9724740492
17.2378700000	26295.9736776241
17.2472650000	26295.9748772285
17.2566600000	26295.9760726812
17.2660550000	26295.9772638005
17.2754500000	26295.9784504050
17.2848450000	26295.9796323133
17.2942400000	26295.9808093438
17.3036350000	26295.9819813198
17.3130300000	26295.9831482558
17.3224250000	26295.9843104239
17.3318200000	26295.9854681145
17.3412150000	26295.9866216177
17.3506100000	26295.9877712239
17.3600050000	26295.9889172233
17.3694000000	26295.9900599061
17.3787950000	26295.9911995627
17.3881900000	26295.9923364832
17.3975850000	26295.9934709580
17.4069800000	26295.9946032267
17.4163750000	26295.9957330783
17.4257700000	26295.9968600648
17.4351650000	26295.9979837366
17.4445600000	26295.9991036438
17.4539550000	26296.0002193364
17.4633500000	26296.0013303647
17.4727450000	26296.0024362787
17.4821400000	26296.0035366288
17.4915350000	26296.0046309648
17.5009300000	26296.0057188373
17.5103250000	26296.0068000043
17.5197200000	26296.0078748432
17.5291150000	26296.0089438463
17.5385100000	26296.0100075058
17.5479050000	26296.0110663139
17.5573000000	26296.0121207630
17.5666950000	26296.0131713453
17.5760900000	26296.0142185530
17.5854850000	26296.0152628784
17.5948800000	26296.0163048138
17.6042750000	26296.0173448384
17.6136700000	26296.0183830576
17.6230650000	26296.0194191563
17.6324600000	26296.0204527971
17.6418550000	26296.0214836425
17.6512500000	26296.0225113552
17.6606450000	26296.0235355978
17.6700400000	26296.0245560327
17.6794350000	26296.0255723226
17.6888300000	26296.0265841301
17.6982250000	26296.0275911177
17.7076200000	26296.0285929856
17.7170150000	26296.0295897020
17.7264100000	26296.0305813518
17.7358050000	26296.0315680202
17.7452000000	26296.0325497924
17.7545950000	26296.0335267537
17.7639900000	26296.0344989894
17.7733850000	26296.0354665846
17.7827800000	26296.0364296247
17.7921750000	26296.0373881948
17.8015700000	26296.0383423804
17.8109650000	26296.0392922895
17.8203600000	26296.0402380861
17.8297550000	26296.0411799425
17.8391500000	26296.0421180310
17.8485450000	26296.0430525241
17.8579400000	26296.0439835941
17.8673350000	26296.0449114132
17.8767300000	26296.0458361540
17.8861250000	26296.0467579886
17.8955200000	26296.0476770894
17.9049150000	26296.0485936163
17.9143100000	26296.0495074673
17.9237050000	26296.0504182945
17.9331000000	26296.0513257405
17.9424950000	26296.0522294478
17.9518900000	26296.0531290588
17.9612850000	26296.0540242161
17.9706800000	26296.0549145621
17.9800750000	26296.0557997394
17.9894700000	26296.0566793905
17.9988650000	26296.0575531579
18.0082600000	26296.0584207785
18.0176550000	26296.0592825343
18.0270500000	26296.0601389018
18.0364450000	26296.0609903579
18.0458400000	26296.0618373796
18.0552350000	26296.0626804436
18.0646300000	26296.0635200269
18.0740250000	26296.0643566064
18.0834200000	26296.0651906589
18.0928150000	26296.0660226613
18.1022100000	26296.0668530888
18.1116050000	26296.0676821573
18.1210000000	26296.0685095596
18.1303950000	26296.0693349249
18.1397900000	26296.0701578826
18.1491850000	26296.0709780621
18.1585800000	26296.0717950927
18.1679750000	26296.0726086038
18.1773700000	26296.0734182248
18.1867650000	26296.0742235849
18.1961600000	26296.0750243136
18.2055550000	26296.0758200567
18.2149500000	26296.0766107154
18.2243450000	26296.0773963922
18.2337400000	26296.0781771949
18.2431350000	26296.0789532313
18.2525300000	26296.0797246094
18.2619250000	26296.0804914369
18.2713200000	26296.0812538217
18.2807150000	26296.0820118716
18.2901100000	26296.0827656946
18.2995050000	26296.0835153984
18.3089000000	26296.0842611041
18.3182950000	26296.0850029941
18.3276900000	26296.0857412687
18.3370850000	26296.0864761285
18.3464800000	26296.0872077740
18.3558750000	26296.0879364054
18.3652700000	26296.0886622233
18.3746650000	26296.0893854281
18.3840600000	26296.0901062203
18.3934550000	26296.0908248002
18.4028500000	26296.0915413660
18.4122450000	26296.0922559391
18.4216400000	26296.0929682441
18.4310350000	26296.0936779774
18.4404300000	26296.0943848350
18.4498250000	26296.0950885132
18.4592200000	26296.0957887084
18.4686150000	26296.0964851166
18.4780100000	26296.0971774341
18.4874050000	26296.0978653573
18.4968000000	26296.0985485822
18.5061950000	26296.0992268311
18.5155900000	26296.0999001353
18.5249850000	26296.1005687299
18.5343800000	26296.1012328531
18.5437750000	26296.1018927436
18.5531700000	26296.1025486397
18.5625650000	26296.1032007800
18.5719600000	26296.1038494028
18.5813550000	26296.1044947467
18.5907500000	26296.1051370501
18.6001450000	26296.1057765515
18.6095400000	26296.1064134263
18.6189350000	26296.1070476092
18.6283300000	26296.1076789776
18.6377250000	26296.1083074088
18.6471200000	26296.1089327799
18.6565150000	26296.1095549684
18.6659100000	26296.1101738515
18.6753050000	26296.1107893065
18.6847000000	26296.1114012107
18.6940950000	26296.1120094414
18.7034900000	26296.1126138778
18.7128850000	26296.1132144883
18.7222800000	26296.1138113663
18.7316750000	26296.1144046143
18.7410700000	26296.1149943351
18.7504650000	26296.1155806312
18.7598600000	26296.1161636055
18.7692550000	26296.1167433603
18.7786500000	26296.1173199986
18.7880450000	26296.1178936229
18.7974400000	26296.1184643358
18.8068350000	26296.1190322369
18.8162300000	26296.1195973965
18.8256250000	26296.1201598689
18.8350200000	26296.1207197081
18.8444150000	26296.1212769684
18.8538100000	26296.1218317039
18.8632050000	26296.1223839686
18.8726000000	26296.1229338167
18.8819950000	26296.1234813023
18.8913900000	26296.1240264796
18.9007850000	26296.1245694026
18.9101800000	26296.1251100938
18.9195750000	26296.1256484769
18.9289700000	26296.1261844562
18.9383650000	26296.1267179362
18.9477600000	26296.1272488214
18.9571550000	26296.1277770161
18.9665500000	26296.1283024249
18.9759450000	26296.1288249522
18.9853400000	26296.1293445025
18.9947350000	26296.1298609801
19.0041300000	26296.1303742904
19.0135250000	26296.1308843667
19.0229200000	26296.1313911750
19.0323150000	26296.1318946830
19.0417100000	26296.1323948587
19.0511050000	26296.1328916697
19.0605000000	26296.1333850841
19.0698950000	26296.1338750695
19.0792900000	26296.1343615938
19.0886850000	26296.1348446249
19.0980800000	26296.1353241305
19.1074750000	26296.1358000982
19.1168700000	26296.1362726632
19.1262650000	26296.1367420277
19.1356600000	26296.1372083942
19.1450550000	26296.1376719652
19.1544500000	26296.1381329432
19.1638450000	26296.1385915309
19.1732400000	26296.1390479306
19.1826350000	26296.1395023450
19.1920300000	26296.1399549764
19.2014250000	26296.1404060274
19.2108200000	26296.1408556037
19.2202150000	26296.1413035646
19.2296100000	26296.1417497304
19.2390050000	26296.1421939214
19.2484000000	26296.1426359580
19.2577950000	26296.1430756605
19.2671900000	26296.1435128493
19.2765850000	26296.1439473447
19.2859800000	26296.1443789671
19.2953750000	26296.1448075367
19.3047700000	26296.1452328805
19.3141650000	26296.1456549708
19.3235600000	26296.1460739227
19.3329550000	26296.1464898571
19.3423500000	26296.1469028950
19.3517450000	26296.1473131573
19.3611400000	26296.1477207650
19.3705350000	26296.1481258391
19.3799300000	26296.1485285004
19.3893250000	26296.1489288701
19.3987200000	26296.1493270690
19.4081150000	26296.1497232056
19.4175100000	26296.1501173130
19.4269050000	26296.1505093957
19.4363000000	26296.1508994586
19.4456950000	26296.1512875062
19.4550900000	26296.1516735434
19.4644850000	26296.1520575748
19.4738800000	26296.1524396050
19.4832750000	26296.1528196388
19.4926700000	26296.1531976809
19.5020650000	26296.1535737357
19.5114600000	26296.1539477857
19.5208550000	26296.1543197658
19.5302500000	26296.1546896054
19.5396450000	26296.1550572335
19.5490400000	26296.1554225794
19.5584350000	26296.1557855722
19.5678300000	26296.1561461412
19.5772250000	26296.1565042154
19.5866200000	26296.1568597241
19.5960150000	26296.1572125965
19.6054100000	26296.1575627688
19.6148050000	26296.1579102943
19.6242000000	26296.1582553220
19.6335950000	26296.1585980039
19.6429900000	26296.1589384921
19.6523850000	26296.1592769384
19.6617800000	26296.1596134948
19.6711750000	26296.1599483132
19.6805700000	26296.1602815457
19.6899650000	26296.1606133442
19.6993600000	26296.1609438607
19.7087550000	26296.1612732126
19.7181500000	26296.1616013483
19.7275450000	26296.1619281643
19.7369400000	26296.1622535571
19.7463350000	26296.1625774233
19.7557300000	26296.1628996592
19.7651250000	26296.1632201614
19.7745200000	26296.1635388264
19.7839150000	26296.1638555508
19.7933100000	26296.1641702309
19.8027050000	26296.1644827636
19.8121000000	26296.1647930735
19.8214950000	26296.1651011336
19.8308900000	26296.1654069220
19.8402850000	26296.1657104166
19.8496800000	26296.1660115955
19.8590750000	26296.1663104367
19.8684700000	26296.1666069182
19.8778650000	26296.1669010179
19.8872600000	26296.1671927139
19.8966550000	26296.1674819842
19.9060500000	26296.1677688130
19.9154450000	26296.1680532644
19.9248400000	26296.1683354566
19.9342350000	26296.1686155091
19.9436300000	26296.1688935416
19.9530250000	26296.1691696733
19.9624200000	26296.1694440239
19.9718150000	26296.1697167127
19.9812100000	26296.1699878594
19.9906050000	26296.1702575833
20.0000000000	26296.1705260039
	
