	 1.2100000000000000 	 66558.5604157881025458 
	 1.2193950000000000 	 65569.1593132621492259 
	 1.2287900000000000 	 64605.2380760929445387 
	 1.2381850000000001 	 63665.8624247009793180 
	 1.2475799999999999 	 62750.1600473866128596 
	 1.2569750000000002 	 61857.3147382698080037 
	 1.2663700000000000 	 60986.5624499450277654 
	 1.2757650000000000 	 60137.1871067603351548 
	 1.2851600000000001 	 59308.5161644624167820 
	 1.2945550000000001 	 58499.9183112735117902 
	 1.3039499999999999 	 57710.7997306678080349 
	 1.3133450000000000 	 56940.6002324948858586 
	 1.3227400000000000 	 56188.7914931685882038 
	 1.3321350000000001 	 55454.8737631656767917 
	 1.3415300000000001 	 54738.3733042250532890 
	 1.3509249999999999 	 54038.8412005737627624 
	 1.3603200000000000 	 53355.8504831727841520 
	 1.3697150000000000 	 52688.9944678519314039 
	 1.3791099999999998 	 52037.8877663964885869 
	 1.3885049999999999 	 51402.1558310965992860 
	 1.3978999999999999 	 50781.4332548732854775 
	 1.4072950000000000 	 50175.4659482412243960 
	 1.4166900000000000 	 49583.8032405686826678 
	 1.4260850000000000 	 49006.1439962981894496 
	 1.4354799999999999 	 48442.2272652851897874 
	 1.4448749999999999 	 47891.7457027701166226 
	 1.4542700000000000 	 47354.4199897009966662 
	 1.4636650000000000 	 46829.9732944630522979 
	 1.4730600000000000 	 46318.1388996313035022 
	 1.4824550000000001 	 45818.6585402108030394 
	 1.4918499999999999 	 45331.2793143797025550 
	 1.5012450000000002 	 44855.7562171319950721 
	 1.5106400000000000 	 44391.8517883643580717 
	 1.5200350000000000 	 43939.3315745567888371 
	 1.5294300000000001 	 43497.9686040538290399 
	 1.5388250000000001 	 43067.5410775941636530 
	 1.5482200000000002 	 42647.8316249346098630 
	 1.5576150000000002 	 42238.6281232424080372 
	 1.5670099999999998 	 41839.7222821603427292 
	 1.5764049999999998 	 41450.9106304477827507 
	 1.5857999999999999 	 41071.9939798361592693 
	 1.5951949999999999 	 40702.7751145038782852 
	 1.6045900000000000 	 40343.0654876890912419 
	 1.6139850000000000 	 39992.6744298788835295 
	 1.6233799999999998 	 39651.4127390268695308 
	 1.6327749999999999 	 39319.1023288814976695 
	 1.6421699999999999 	 38995.5636086242811871 
	 1.6515649999999999 	 38680.6207569941107067 
	 1.6609600000000000 	 38374.1009349033411127 
	 1.6703550000000000 	 38075.8340255918155890 
	 1.6797499999999999 	 37785.6521529337624088 
	 1.6891450000000001 	 37503.3918179715692531 
	 1.6985399999999999 	 37228.8879630108640413 
	 1.7079350000000000 	 36961.9819183317231364 
	 1.7173300000000000 	 36702.5162624659133144 
	 1.7267250000000001 	 36450.3355055671636364 
	 1.7361199999999999 	 36205.2865001860045595 
	 1.7455150000000001 	 35967.2188855781350867 
	 1.7549100000000000 	 35735.9832865549324197 
	 1.7643049999999998 	 35511.4333689407867496 
	 1.7736999999999998 	 35293.4248269803720177 
	 1.7830949999999999 	 35081.8144214659259887 
	 1.7924899999999999 	 34876.4618812969565624 
	 1.8018850000000000 	 34677.2282966069906252 
	 1.8112800000000000 	 34483.9774098258130834 
	 1.8206750000000000 	 34296.5734686996656819 
	 1.8300700000000001 	 34114.8836480859972653 
	 1.8394650000000001 	 33938.7767405317936209 
	 1.8488600000000002 	 33768.1226547472469974 
	 1.8582550000000002 	 33602.7933210928022163 
	 1.8676499999999998 	 33442.6640092265442945 
	 1.8770449999999999 	 33287.6061999762823689 
	 1.8864399999999999 	 33137.5021522247261601 
	 1.8958349999999999 	 32992.2307610443094745 
	 1.9052300000000000 	 32851.6707576161134057 
	 1.9146250000000000 	 32715.7048836580361240 
	 1.9240199999999998 	 32584.2173420629878819 
	 1.9334150000000001 	 32457.0942944413727673 
	 1.9428099999999999 	 32334.2223882311409398 
	 1.9522050000000000 	 32215.4906935421822709 
	 1.9616000000000000 	 32100.7904175392832258 
	 1.9709950000000001 	 31990.0131821393624705 
	 1.9803900000000001 	 31883.0531620458241377 
	 1.9897850000000001 	 31779.8059969436726533 
	 1.9991800000000000 	 31680.1688526895377436 
	 2.0085750000000000 	 31584.0403084184799809 
	 2.0179700000000000 	 31491.3208877885808761 
	 2.0273649999999996 	 31401.9125893767886737 
	 2.0367600000000001 	 31315.7189676963062084 
	 2.0461549999999997 	 31232.6457329853255942 
	 2.0555499999999998 	 31152.5996364826787612 
	 2.0649449999999998 	 31075.4889429512622883 
	 2.0743399999999999 	 31001.2240646165882936 
	 2.0837349999999999 	 30929.7169114898388216 
	 2.0931299999999999 	 30860.8808154100697720 
	 2.1025250000000000 	 30794.6309635346769937 
	 2.1119199999999996 	 30730.8842594077977992 
	 2.1213150000000001 	 30669.5589782161841867 
	 2.1307099999999997 	 30610.5750417028684751 
	 2.1401050000000001 	 30553.8544082944790716 
	 2.1494999999999997 	 30499.3207704190790537 
	 2.1588950000000002 	 30446.8986697853179066 
	 2.1682899999999998 	 30396.5151645795485820 
	 2.1776850000000003 	 30348.0980904760181147 
	 2.1870799999999999 	 30301.5779511020082282 
	 2.1964750000000000 	 30256.8863222671097901 
	 2.2058700000000000 	 30213.9561716003481706 
	 2.2152650000000000 	 30172.7229296622208494 
	 2.2246600000000001 	 30133.1232390846380440 
	 2.2340550000000001 	 30095.0947182499767223 
	 2.2434500000000002 	 30058.5773655596822209 
	 2.2528449999999998 	 30023.5128168220871885 
	 2.2622400000000003 	 29989.8436751372246363 
	 2.2716349999999998 	 29957.5148375561111607 
	 2.2810300000000003 	 29926.4723410621081712 
	 2.2904249999999999 	 29896.6633497328039084 
	 2.2998200000000000 	 29868.0375619188453129 
	 2.3092150000000000 	 29840.5454497969585645 
	 2.3186100000000001 	 29814.1391679897387803 
	 2.3280050000000001 	 29788.7721944138029357 
	 2.3373999999999997 	 29764.3996284311215277 
	 2.3467950000000002 	 29740.9781331757403677 
	 2.3561899999999998 	 29718.4637683923465374 
	 2.3655850000000003 	 29696.8175008278667519 
	 2.3749799999999999 	 29676.0001246204919880 
	 2.3843749999999999 	 29655.9719037947797915 
	 2.3937700000000000 	 29636.6969806727393006 
	 2.4031650000000000 	 29618.1381199671122886 
	 2.4125600000000000 	 29600.2614266265554761 
	 2.4219550000000001 	 29583.0355118112784112 
	 2.4313500000000001 	 29566.4251685152557911 
	 2.4407449999999997 	 29550.4004318136539951 
	 2.4501400000000002 	 29534.9139668042625999 
	 2.4595349999999998 	 29519.9749125970411114 
	 2.4689300000000003 	 29505.5372756923388806 
	 2.4783249999999999 	 29491.5689515634039708 
	 2.4877199999999999 	 29478.0498044439846126 
	 2.4971150000000000 	 29464.9540615142577735 
	 2.5065100000000005 	 29452.2559435537623358 
	 2.5159050000000001 	 29439.9344978773151524 
	 2.5253000000000001 	 29427.9652355205034837 
	 2.5346950000000001 	 29416.3294852385988634 
	 2.5440899999999997 	 29405.0081788229836093 
	 2.5534850000000002 	 29393.9803369732144347 
	 2.5628799999999998 	 29383.2277883045971976 
	 2.5722749999999999 	 29372.7309330138486985 
	 2.5816699999999999 	 29362.4772807399858721 
	 2.5910650000000000 	 29352.4488315951566619 
	 2.6004600000000000 	 29342.6292282246831746 
	 2.6098550000000000 	 29333.0087556491489522 
	 2.6192500000000001 	 29323.5666311570130347 
	 2.6286449999999997 	 29314.2885164069884922 
	 2.6380400000000002 	 29305.1713420570813469 
	 2.6474349999999998 	 29296.1946200774909812 
	 2.6568300000000002 	 29287.3527489617626998 
	 2.6662249999999998 	 29278.6338224233622896 
	 2.6756200000000003 	 29270.0272400468020351 
	 2.6850149999999999 	 29261.5240839253201557 
	 2.6944100000000004 	 29253.1153356874528981 
	 2.7038050000000000 	 29244.7943885318345565 
	 2.7132000000000001 	 29236.5527237286987656 
	 2.7225950000000001 	 29228.3828970127578941 
	 2.7319900000000001 	 29220.2794514864581288 
	 2.7413850000000002 	 29212.2356706704122189 
	 2.7507800000000002 	 29204.2451532489321835 
	 2.7601750000000003 	 29196.3073960935544164 
	 2.7695699999999999 	 29188.4129580898625136 
	 2.7789650000000004 	 29180.5596767817551154 
	 2.7883599999999999 	 29172.7433511749295576 
	 2.7977550000000004 	 29164.9604534054778924 
	 2.8071500000000000 	 29157.2068607540677476 
	 2.8165450000000001 	 29149.4807457500173768 
	 2.8259399999999997 	 29141.7803223453920509 
	 2.8353349999999997 	 29134.1036473682434007 
	 2.8447299999999998 	 29126.4472161681696889 
	 2.8541249999999998 	 29118.8084994230048324 
	 2.8635199999999998 	 29111.1874545896243944 
	 2.8729149999999999 	 29103.5828357409263845 
	 2.8823099999999995 	 29095.9907365299877711 
	 2.8917050000000000 	 29088.4101875137639581 
	 2.9010999999999996 	 29080.8440381506479753 
	 2.9104950000000001 	 29073.2854333140894596 
	 2.9198899999999997 	 29065.7361851965069945 
	 2.9292850000000001 	 29058.1939783032830746 
	 2.9386799999999997 	 29050.6554229684770689 
	 2.9480750000000002 	 29043.1231015281555301 
	 2.9574699999999998 	 29035.5915956924327475 
	 2.9668650000000003 	 29028.0618961695290636 
	 2.9762599999999999 	 29020.5310890539913089 
	 2.9856549999999999 	 29012.9966101452373550 
	 2.9950500000000000 	 29005.4575389523124613 
	 3.0044450000000000 	 28997.9094529200083343 
	 3.0138400000000001 	 28990.3509382911142893 
	 3.0232350000000001 	 28982.7814475482373382 
	 3.0326300000000002 	 28975.1961019304762885 
	 3.0420250000000002 	 28967.5922384033074195 
	 3.0514200000000002 	 28959.9670247068024764 
	 3.0608149999999998 	 28952.3165003945759963 
	 3.0702099999999999 	 28944.6390088053522049 
	 3.0796049999999999 	 28936.9295428653495037 
	 3.0890000000000000 	 28929.1853928010459640 
	 3.0983950000000000 	 28921.4023795007087756 
	 3.1077900000000001 	 28913.5776656857342459 
	 3.1171850000000001 	 28905.7059747134881036 
	 3.1265800000000001 	 28897.7860462937969714 
	 3.1359749999999997 	 28889.8129189683240838 
	 3.1453699999999998 	 28881.7830035015977046 
	 3.1547649999999998 	 28873.6930056080600480 
	 3.1641599999999999 	 28865.5388695294714125 
	 3.1735549999999995 	 28857.3180195385066327 
	 3.1829499999999999 	 28849.0270702053385321 
	 3.1923449999999995 	 28840.6627413480746327 
	 3.2017400000000000 	 28832.2218791103732656 
	 3.2111349999999996 	 28823.7017165365468827 
	 3.2205300000000001 	 28815.1002809432575305 
	 3.2299249999999997 	 28806.4145995715371100 
	 3.2393200000000002 	 28797.6428342305589467 
	 3.2487149999999998 	 28788.7824792300234549 
	 3.2581100000000003 	 28779.8328564687872131 
	 3.2675049999999999 	 28770.7914799981699616 
	 3.2769000000000004 	 28761.6574225670738088 
	 3.2862950000000000 	 28752.4297391917752975 
	 3.2956900000000005 	 28743.1074929768037691 
	 3.3050850000000001 	 28733.6903515542908281 
	 3.3144800000000001 	 28724.1774518992351659 
	 3.3238750000000001 	 28714.5686751563371217 
	 3.3332700000000002 	 28704.8648042382519634 
	 3.3426650000000002 	 28695.0655418413662119 
	 3.3520600000000003 	 28685.1709409936738666 
	 3.3614549999999999 	 28675.1824131492721790 
	 3.3708500000000003 	 28665.1006532740029797 
	 3.3802449999999999 	 28654.9264851599909889 
	 3.3896400000000000 	 28644.6611512242525350 
	 3.3990350000000000 	 28634.3063366101523570 
	 3.4084300000000001 	 28623.8627426835082588 
	 3.4178249999999997 	 28613.3322539819710073 
	 3.4272200000000002 	 28602.7170142850663979 
	 3.4366149999999998 	 28592.0182672533555888 
	 3.4460099999999998 	 28581.2382737480475043 
	 3.4554049999999998 	 28570.3794225204765098 
	 3.4647999999999999 	 28559.4428859002582612 
	 3.4741949999999999 	 28548.4312734560444369 
	 3.4835900000000000 	 28537.3473933108070923 
	 3.4929850000000000 	 28526.1927268609942985 
	 3.5023799999999996 	 28514.9697244305534696 
	 3.5117750000000001 	 28503.6809418302873382 
	 3.5211699999999997 	 28492.3289598707924597 
	 3.5305649999999997 	 28480.9162714177655289 
	 3.5399599999999998 	 28469.4452390621954692 
	 3.5493550000000003 	 28457.9182664152758662 
	 3.5587499999999999 	 28446.3382719075598288 
	 3.5681449999999999 	 28434.7073432534853055 
	 3.5775399999999999 	 28423.0273016565079161 
	 3.5869350000000004 	 28411.3021941216029518 
	 3.5963300000000000 	 28399.5341168237791862 
	 3.6057249999999996 	 28387.7245040108136891 
	 3.6151200000000001 	 28375.8767533974387334 
	 3.6245150000000002 	 28363.9933000743330922 
	 3.6339100000000002 	 28352.0761917975760298 
	 3.6433049999999998 	 28340.1284959225413331 
	 3.6527000000000003 	 28328.1521818525616254 
	 3.6620950000000003 	 28316.1490072921915271 
	 3.6714900000000004 	 28304.1220690001500770 
	 3.6808850000000000 	 28292.0740838184974564 
	 3.6902800000000000 	 28280.0062541408624384 
	 3.6996750000000000 	 28267.9217532825168746 
	 3.7090700000000001 	 28255.8223572379502002 
	 3.7184650000000001 	 28243.7104176674693008 
	 3.7278600000000002 	 28231.5877765070399619 
	 3.7372550000000002 	 28219.4564283986328519 
	 3.7466499999999998 	 28207.3191575551609276 
	 3.7560450000000003 	 28195.1777625331669697 
	 3.7654399999999999 	 28183.0333802880631993 
	 3.7748350000000004 	 28170.8890032455419714 
	 3.7842300000000000 	 28158.7462722189920896 
	 3.7936250000000000 	 28146.6064912807887595 
	 3.8030200000000001 	 28134.4728781662815891 
	 3.8124150000000006 	 28122.3462689271182171 
	 3.8218100000000002 	 28110.2275578999506251 
	 3.8312049999999997 	 28098.1201422724479926 
	 3.8406000000000002 	 28086.0246740920265438 
	 3.8499950000000003 	 28073.9431574229893158 
	 3.8593899999999999 	 28061.8776752205521916 
	 3.8687849999999999 	 28049.8285424489331490 
	 3.8781799999999995 	 28037.7990229032911884 
	 3.8875749999999996 	 28025.7888937442330644 
	 3.8969699999999996 	 28013.8005512606287084 
	 3.9063649999999996 	 28001.8354006501649565 
	 3.9157599999999997 	 27989.8947566598690173 
	 3.9251549999999997 	 27977.9797240965563105 
	 3.9345499999999998 	 27966.0917773149121786 
	 3.9439449999999998 	 27954.2323860263968527 
	 3.9533399999999999 	 27942.4024876297335140 
	 3.9627349999999995 	 27930.6036085332052608 
	 3.9721299999999999 	 27918.8368456511379918 
	 3.9815249999999995 	 27907.1031860541625065 
	 3.9909200000000000 	 27895.4038814147243102 
	 4.0003149999999996 	 27883.7400751020250027 
	 4.0097100000000001 	 27872.1124688654053898 
	 4.0191049999999997 	 27860.5229684635996819 
	 4.0285000000000002 	 27848.9715628939920862 
	 4.0378949999999998 	 27837.4598539401486050 
	 4.0472900000000003 	 27825.9884543001171551 
	 4.0566849999999999 	 27814.5580028327349282 
	 4.0660799999999995 	 27803.1699550092052959 
	 4.0754750000000000 	 27791.8252397366486548 
	 4.0848700000000004 	 27780.5242365718622750 
	 4.0942650000000000 	 27769.2675017966903397 
	 4.1036599999999996 	 27758.0565182751415705 
	 4.1130550000000001 	 27746.8918393563108111 
	 4.1224499999999997 	 27735.7733726005826611 
	 4.1318450000000002 	 27724.7028240485706192 
	 4.1412399999999998 	 27713.6804296873488056 
	 4.1506349999999994 	 27702.7065995490447676 
	 4.1600299999999999 	 27691.7823772549236310 
	 4.1694250000000004 	 27680.9083269148322870 
	 4.1788200000000000 	 27670.0846564984676661 
	 4.1882149999999996 	 27659.3119824366767716 
	 4.1976100000000001 	 27648.5907603881751129 
	 4.2070049999999997 	 27637.9216348848458438 
	 4.2164000000000001 	 27627.3051732804997300 
	 4.2257949999999997 	 27616.7416629205072240 
	 4.2351900000000002 	 27606.2315116270401631 
	 4.2445849999999998 	 27595.7752650787697348 
	 4.2539800000000003 	 27585.3732096224994166 
	 4.2633749999999999 	 27575.0256357986399962 
	 4.2727700000000004 	 27564.7329657653826871 
	 4.2821650000000000 	 27554.4953828015641193 
	 4.2915600000000005 	 27544.3133361487853108 
	 4.3009550000000001 	 27534.1872286792859086 
	 4.3103499999999997 	 27524.1167124299136049 
	 4.3197450000000002 	 27514.1027797576898593 
	 4.3291400000000007 	 27504.1451053655582655 
	 4.3385350000000003 	 27494.2445849002906471 
	 4.3479299999999999 	 27484.4006817028712248 
	 4.3573250000000003 	 27474.6138175690684875 
	 4.3667199999999999 	 27464.8843280574474193 
	 4.3761150000000004 	 27455.2120096121325332 
	 4.3855100000000000 	 27445.5973330181004712 
	 4.3949049999999996 	 27436.0405096824979410 
	 4.4043000000000001 	 27426.5410134294215823 
	 4.4136950000000006 	 27417.0992187362680852 
	 4.4230900000000002 	 27407.7157693217741325 
	 4.4324849999999998 	 27398.3901809866729309 
	 4.4418799999999994 	 27389.1224190821521915 
	 4.4512749999999999 	 27379.9130151514218596 
	 4.4606700000000004 	 27370.7615502884145826 
	 4.4700650000000000 	 27361.6677397805106011 
	 4.4794599999999996 	 27352.6323755775483733 
	 4.4888550000000000 	 27343.6547039382348885 
	 4.4982499999999996 	 27334.7353425148176029 
	 4.5076450000000001 	 27325.8736397166212555 
	 4.5170399999999997 	 27317.0700852751651837 
	 4.5264349999999993 	 27308.3243660445587011 
	 4.5358299999999998 	 27299.6362184559257003 
	 4.5452250000000003 	 27291.0059537191591517 
	 4.5546199999999999 	 27282.4332698129874188 
	 4.5640149999999995 	 27273.9180903581436723 
	 4.5734100000000000 	 27265.4604526647672174 
	 4.5828049999999996 	 27257.0601550248029525 
	 4.5922000000000001 	 27248.7170083545643138 
	 4.6015949999999997 	 27240.4305101466343331 
	 4.6109900000000001 	 27232.2013016789787798 
	 4.6203849999999997 	 27224.0288127544590679 
	 4.6297799999999993 	 27215.9129850063909544 
	 4.6391749999999998 	 27207.8534022589301458 
	 4.6485700000000003 	 27199.8504284332702809 
	 4.6579649999999999 	 27191.9031202984479023 
	 4.6673599999999995 	 27184.0119918479031185 
	 4.6767550000000000 	 27176.1766162013045687 
	 4.6861499999999996 	 27168.3966967325941368 
	 4.6955450000000001 	 27160.6722517509479076 
	 4.7049399999999997 	 27153.0028686856494460 
	 4.7143350000000002 	 27145.3885528969367442 
	 4.7237299999999998 	 27137.8290045892572380 
	 4.7331250000000002 	 27130.3237833602652245 
	 4.7425199999999998 	 27122.8729381642697263 
	 4.7519150000000003 	 27115.4760677960330213 
	 4.7613099999999999 	 27108.1332188397173013 
	 4.7707049999999995 	 27100.8438938123472326 
	 4.7801000000000000 	 27093.6079347466693434 
	 4.7894950000000005 	 27086.4251828756277973 
	 4.7988900000000001 	 27079.2952323021127086 
	 4.8082849999999997 	 27072.2178287733877369 
	 4.8176800000000002 	 27065.1928984481746738 
	 4.8270749999999998 	 27058.2200693433478591 
	 4.8364700000000003 	 27051.2992464461131021 
	 4.8458649999999999 	 27044.4298235905407637 
	 4.8552599999999995 	 27037.6118419230151630 
	 4.8646550000000000 	 27030.8451077392564912 
	 4.8740500000000004 	 27024.1290688340450288 
	 4.8834450000000000 	 27017.4635532824904658 
	 4.8928399999999996 	 27010.8483064126849058 
	 4.9022350000000001 	 27004.2831080585347081 
	 4.9116300000000006 	 26997.7675840469855757 
	 4.9210250000000002 	 26991.3015438945512869 
	 4.9304199999999998 	 26984.8847645677560649 
	 4.9398150000000003 	 26978.5167986358683265 
	 4.9492100000000008 	 26972.1973725481584552 
	 4.9586050000000004 	 26965.9263569329559687 
	 4.9680000000000000 	 26959.7035684509137354 
	 4.9773949999999996 	 26953.5283947130228626 
	 4.9867900000000001 	 26947.4007510581504903 
	 4.9961850000000005 	 26941.3202578792916029 
	 5.0055800000000001 	 26935.2866567355195002 
	 5.0149750000000006 	 26929.2997884577889636 
	 5.0243700000000002 	 26923.3592469062132295 
	 5.0337649999999989 	 26917.4647422754860600 
	 5.0431600000000003 	 26911.6160528994914785 
	 5.0525549999999999 	 26905.8128954518688261 
	 5.0619499999999995 	 26900.0548151258917642 
	 5.0713449999999991 	 26894.3418760515123722 
	 5.0807400000000005 	 26888.6730308616679395 
	 5.0901350000000001 	 26883.0443253533485404 
	 5.0995299999999997 	 26877.4642333216761472 
	 5.1089249999999993 	 26871.9280097648406809 
	 5.1183200000000006 	 26866.4351812405293458 
	 5.1277150000000002 	 26860.9854966011880606 
	 5.1371099999999998 	 26855.5789356631066767 
	 5.1465049999999994 	 26850.2148842056158173 
	 5.1558999999999999 	 26844.8931453780496668 
	 5.1652949999999995 	 26839.6135320625398890 
	 5.1746900000000000 	 26834.3757303849415621 
	 5.1840849999999996 	 26829.1794670263952867 
	 5.1934800000000001 	 26824.0243414097967616 
	 5.2028749999999997 	 26818.9101684633023979 
	 5.2122700000000002 	 26813.8367568066496460 
	 5.2216649999999998 	 26808.8037509267051064 
	 5.2310600000000003 	 26803.8108517671062145 
	 5.2404549999999999 	 26798.8576888332609087 
	 5.2498499999999995 	 26793.9441175280408061 
	 5.2592449999999999 	 26789.0700088272824360 
	 5.2686400000000004 	 26784.2347560522393906 
	 5.2780350000000000 	 26779.4383533677610103 
	 5.2874299999999996 	 26774.6804707523551770 
	 5.2968249999999992 	 26769.9607746256006067 
	 5.3062200000000006 	 26765.2790364253705775 
	 5.3156150000000002 	 26760.6349775681410392 
	 5.3250099999999998 	 26756.0283766237116652 
	 5.3344049999999994 	 26751.4589928714340203 
	 5.3437999999999999 	 26746.9264988806826295 
	 5.3531950000000004 	 26742.4306360200971540 
	 5.3625900000000000 	 26737.9712106882143416 
	 5.3719849999999996 	 26733.5479526975796034 
	 5.3813800000000001 	 26729.1605677065053897 
	 5.3907749999999997 	 26724.8088459691171010 
	 5.4001700000000001 	 26720.4925417392623785 
	 5.4095649999999997 	 26716.2113288537111657 
	 5.4189600000000002 	 26711.9650630980358983 
	 5.4283549999999998 	 26707.7534631145863386 
	 5.4377500000000003 	 26703.5763444059957692 
	 5.4471449999999999 	 26699.4333122617281333 
	 5.4565400000000004 	 26695.3243166567517619 
	 5.4659350000000000 	 26691.2490509556919278 
	 5.4753299999999996 	 26687.2072093259412213 
	 5.4847250000000001 	 26683.1986475251433149 
	 5.4941200000000006 	 26679.2231307579022541 
	 5.5035150000000002 	 26675.2803482020062802 
	 5.5129099999999998 	 26671.3701078931881057 
	 5.5223049999999994 	 26667.4924420882343838 
	 5.5317000000000007 	 26663.6464825995390129 
	 5.5410950000000003 	 26659.8332680221647024 
	 5.5504899999999999 	 26656.0557652924908325 
	 5.5598849999999995 	 26652.3049495075392770 
	 5.5692800000000009 	 26648.5855022701834969 
	 5.5786750000000005 	 26644.8971906678962114 
	 5.5880700000000001 	 26641.2397138555897982 
	 5.5974649999999997 	 26637.6128061340787099 
	 5.6068600000000011 	 26634.0163868993113283 
	 5.6162549999999998 	 26630.4501872939472378 
	 5.6256499999999994 	 26626.9140104226389667 
	 5.6350449999999999 	 26623.4076395220508857 
	 5.6444399999999995 	 26619.9309012768862885 
	 5.6538349999999999 	 26616.4836161142084165 
	 5.6632300000000004 	 26613.0655626683728769 
	 5.6726250000000000 	 26609.6765923090097203 
	 5.6820199999999996 	 26606.3164352248240903 
	 5.6914149999999992 	 26602.9849672785239818 
	 5.7008099999999997 	 26599.6820047206092568 
	 5.7102050000000002 	 26596.4073315344830917 
	 5.7195999999999998 	 26593.1607558553223498 
	 5.7289949999999994 	 26589.9421588971890742 
	 5.7383899999999999 	 26586.7513237217099231 
	 5.7477850000000004 	 26583.5880770610456239 
	 5.7571800000000000 	 26580.4522424178394431 
	 5.7665749999999996 	 26577.3436298305932723 
	 5.7759699999999992 	 26574.2620900016881933 
	 5.7853649999999996 	 26571.2074637359110056 
	 5.7947600000000001 	 26568.1795656566864636 
	 5.8041549999999997 	 26565.1782098744988616 
	 5.8135500000000002 	 26562.2032514347883989 
	 5.8229449999999998 	 26559.2545145863550715 
	 5.8323400000000003 	 26556.3318401107753743 
	 5.8417349999999999 	 26553.4351475001603831 
	 5.8511299999999995 	 26550.5641608283440291 
	 5.8605250000000000 	 26547.7187125322670909 
	 5.8699199999999996 	 26544.8987613223362132 
	 5.8793150000000001 	 26542.1040601930653793 
	 5.8887100000000006 	 26539.3344678424800804 
	 5.8981050000000002 	 26536.5898496503577917 
	 5.9074999999999998 	 26533.8700573350797640 
	 5.9168950000000002 	 26531.1749292197346222 
	 5.9262899999999998 	 26528.5043077630252810 
	 5.9356850000000003 	 26525.8580489813211898 
	 5.9450799999999999 	 26523.2360110659792554 
	 5.9544749999999995 	 26520.6380495308731042 
	 5.9638700000000000 	 26518.0640132401058509 
	 5.9732650000000005 	 26515.5137436913792044 
	 5.9826600000000001 	 26512.9870638248576142 
	 5.9920549999999997 	 26510.4838820936820412 
	 6.0014499999999993 	 26508.0040984613588080 
	 6.0108449999999998 	 26505.5474204544625536 
	 6.0202400000000003 	 26503.1139193683229678 
	 6.0296349999999999 	 26500.7032878674035601 
	 6.0390300000000003 	 26498.3153961139469175 
	 6.0484249999999999 	 26495.9501758073674864 
	 6.0578200000000004 	 26493.6074010924276081 
	 6.0672150000000000 	 26491.2870233661415114 
	 6.0766099999999996 	 26488.9888203103000706 
	 6.0860050000000001 	 26486.7126746657340846 
	 6.0953999999999997 	 26484.4585196143052599 
	 6.1047950000000002 	 26482.2262118721810111 
	 6.1141900000000007 	 26480.0155009645895916 
	 6.1235850000000003 	 26477.8263052188594884 
	 6.1329799999999999 	 26475.6585375437643961 
	 6.1423750000000004 	 26473.5119812485500006 
	 6.1517700000000000 	 26471.3865969311082154 
	 6.1611650000000004 	 26469.2820853006778634 
	 6.1705600000000000 	 26467.1985174923574959 
	 6.1799549999999996 	 26465.1356168969723512 
	 6.1893500000000010 	 26463.0933235473712557 
	 6.1987450000000006 	 26461.0714599778766569 
	 6.2081400000000002 	 26459.0699081310267502 
	 6.2175349999999998 	 26457.0886949998784985 
	 6.2269299999999994 	 26455.1259262745443266 
	 6.2363250000000008 	 26453.1835759861751285 
	 6.2457200000000004 	 26451.2639098400904913 
	 6.2551150000000000 	 26449.3631362261803588 
	 6.2645100000000005 	 26447.4803161003364949 
	 6.2739050000000010 	 26445.6172627617816033 
	 6.2833000000000006 	 26443.7733179536407988 
	 6.2926950000000001 	 26441.9484880852505739 
	 6.3020899999999997 	 26440.1426312802395842 
	 6.3114850000000002 	 26438.3555426659295335 
	 6.3208800000000007 	 26436.5871734257125354 
	 6.3302750000000003 	 26434.8374950851321046 
	 6.3396700000000008 	 26433.1060789958064561 
	 6.3490650000000004 	 26431.3929067521821707 
	 6.3584600000000000 	 26429.6991964074113639 
	 6.3678550000000005 	 26428.0224689902170212 
	 6.3772500000000001 	 26426.3633729001521715 
	 6.3866450000000006 	 26424.7221528486879834 
	 6.3960400000000002 	 26423.0984983932357864 
	 6.4054350000000007 	 26421.4922822631669987 
	 6.4148300000000011 	 26419.9034658863092773 
	 6.4242250000000007 	 26418.3318883776555595 
	 6.4336200000000003 	 26416.7773618799983524 
	 6.4430149999999999 	 26415.2398075712517311 
	 6.4524100000000004 	 26413.7190804761776235 
	 6.4618050000000009 	 26412.2151258816738846 
	 6.4712000000000005 	 26410.7276167211130087 
	 6.4805950000000001 	 26409.2565086738286482 
	 6.4899900000000006 	 26407.8017610871320358 
	 6.4993849999999993 	 26406.3631605168557144 
	 6.5087799999999998 	 26404.9405713720225322 
	 6.5181749999999994 	 26403.5338943271781318 
	 6.5275699999999990 	 26402.1429405577691796 
	 6.5369650000000004 	 26400.7676657526026247 
	 6.5463600000000000 	 26399.4078809048514813 
	 6.5557549999999996 	 26398.0634642022050684 
	 6.5651499999999992 	 26396.7342920225528360 
	 6.5745449999999988 	 26395.4201501610914420 
	 6.5839400000000001 	 26394.1210068509426492 
	 6.5933349999999997 	 26392.8367465213050309 
	 6.6027299999999993 	 26391.5671506735925504 
	 6.6121249999999998 	 26390.3121854857490689 
	 6.6215199999999994 	 26389.0716423162630235 
	 6.6309149999999999 	 26387.8454337552684592 
	 6.6403099999999995 	 26386.6334570611834351 
	 6.6497049999999991 	 26385.4354823723624577 
	 6.6590999999999996 	 26384.2514138380502118 
	 6.6684950000000001 	 26383.0813155236428429 
	 6.6778899999999997 	 26381.9247710751078557 
	 6.6872850000000001 	 26380.7820307693218638 
	 6.6966799999999997 	 26379.6526367305559688 
	 6.7060749999999993 	 26378.5363293393966160 
	 6.7154699999999998 	 26377.4332679655635729 
	 6.7248649999999994 	 26376.3432732538640266 
	 6.7342599999999999 	 26375.2662555858623818 
	 6.7436549999999995 	 26374.2018441237851221 
	 6.7530500000000000 	 26373.1508116343466099 
	 6.7624450000000005 	 26372.1131247856355913 
	 6.7718400000000001 	 26371.0864102577288577 
	 6.7812349999999997 	 26370.0721569295346853 
	 6.7906299999999993 	 26369.0700434249811224 
	 6.8000249999999998 	 26368.0800612743551028 
	 6.8094200000000003 	 26367.1020189992050291 
	 6.8188149999999998 	 26366.1358234092585917 
	 6.8282099999999994 	 26365.1813186670406139 
	 6.8376049999999999 	 26364.2383849773068505 
	 6.8469999999999995 	 26363.3069404797060997 
	 6.8563950000000000 	 26362.3868265527162293 
	 6.8657899999999996 	 26361.4780533797893440 
	 6.8751849999999992 	 26360.5804039928225393 
	 6.8845799999999997 	 26359.6936385017652356 
	 6.8939750000000002 	 26358.8178138013900025 
	 6.9033699999999998 	 26357.9528140939146397 
	 6.9127650000000003 	 26357.0984544384664332 
	 6.9221599999999999 	 26356.2546850101462041 
	 6.9315549999999995 	 26355.4213004595003440 
	 6.9409500000000000 	 26354.5983085484331241 
	 6.9503449999999996 	 26353.7854964353173273 
	 6.9597400000000000 	 26352.9828064800894936 
	 6.9691349999999996 	 26352.1901322960002290 
	 6.9785299999999992 	 26351.4073503770159732 
	 6.9879250000000006 	 26350.6343344997549138 
	 6.9973200000000002 	 26349.8710483615686826 
	 7.0067149999999998 	 26349.1173378315143054 
	 7.0161099999999994 	 26348.3730623299416038 
	 7.0255049999999990 	 26347.6381631881777139 
	 7.0349000000000004 	 26346.9125624451808108 
	 7.0442950000000000 	 26346.1961250995300361 
	 7.0536899999999996 	 26345.4887027775803290 
	 7.0630850000000001 	 26344.7902017838605389 
	 7.0724800000000005 	 26344.1005822055230965 
	 7.0818750000000001 	 26343.4197713162429864 
	 7.0912699999999997 	 26342.7476153144598356 
	 7.1006649999999993 	 26342.0839717509843467 
	 7.1100599999999998 	 26341.4288110068155220 
	 7.1194550000000003 	 26340.7819630245357985 
	 7.1288499999999999 	 26340.1434286204057571 
	 7.1382450000000004 	 26339.5131116970187577 
	 7.1476400000000000 	 26338.8908705923095113 
	 7.1570350000000005 	 26338.2765751983315567 
	 7.1664300000000001 	 26337.6701146694285853 
	 7.1758249999999997 	 26337.0715136634753435 
	 7.1852200000000002 	 26336.4806280525517650 
	 7.1946149999999998 	 26335.8973614140122663 
	 7.2040100000000002 	 26335.3216644619351428 
	 7.2134050000000007 	 26334.7533446009874751 
	 7.2228000000000003 	 26334.1923862796684261 
	 7.2321949999999999 	 26333.6387364936636004 
	 7.2415900000000004 	 26333.0921932445526181 
	 7.2509850000000000 	 26332.5528492526245827 
	 7.2603800000000005 	 26332.0204063244491408 
	 7.2697750000000001 	 26331.4949605516740121 
	 7.2791699999999997 	 26330.9763828492832545 
	 7.2885650000000002 	 26330.4644778127621976 
	 7.2979600000000007 	 26329.9593103946644987 
	 7.3073550000000003 	 26329.4607188414520351 
	 7.3167499999999999 	 26328.9686641923544812 
	 7.3261449999999995 	 26328.4830280406531529 
	 7.3355399999999999 	 26328.0037477161713468 
	 7.3449350000000004 	 26327.5307911670533940 
	 7.3543300000000000 	 26327.0640416331480083 
	 7.3637250000000005 	 26326.6033952020952711 
	 7.3731200000000001 	 26326.1487904461973812 
	 7.3825150000000006 	 26325.7001548672669742 
	 7.3919100000000002 	 26325.2574543611408444 
	 7.4013049999999998 	 26324.8206380556148360 
	 7.4107000000000003 	 26324.3894963191814895 
	 7.4200949999999999 	 26323.9641353132210497 
	 7.4294900000000004 	 26323.5442902189679444 
	 7.4388850000000009 	 26323.1300626327647478 
	 7.4482800000000005 	 26322.7212502312904689 
	 7.4576750000000001 	 26322.3178991458516975 
	 7.4670700000000005 	 26321.9199072096234886 
	 7.4764650000000001 	 26321.5271470595689607 
	 7.4858600000000006 	 26321.1396240514332021 
	 7.4952550000000002 	 26320.7572292761178687 
	 7.5046499999999998 	 26320.3798830392115633 
	 7.5140450000000012 	 26320.0076322623463057 
	 7.5234400000000008 	 26319.6403100702627853 
	 7.5328350000000004 	 26319.2777913603858906 
	 7.5422300000000000 	 26318.9201694009061612 
	 7.5516249999999996 	 26318.5672929318425304 
	 7.5610200000000010 	 26318.2191216780229297 
	 7.5704150000000006 	 26317.8755985441202938 
	 7.5798100000000002 	 26317.5366601177265693 
	 7.5892050000000006 	 26317.2022410185563785 
	 7.5986000000000002 	 26316.8722816572117154 
	 7.6079950000000007 	 26316.5467304318590323 
	 7.6173900000000003 	 26316.2255586013998254 
	 7.6267849999999999 	 26315.9086458365709404 
	 7.6361800000000004 	 26315.5959871563682100 
	 7.6455750000000009 	 26315.2875017260339519 
	 7.6549700000000005 	 26314.9831848978501512 
	 7.6643650000000010 	 26314.6829359180410393 
	 7.6737599999999988 	 26314.3866377504855336 
	 7.6831549999999993 	 26314.0943576818135625 
	 7.6925499999999998 	 26313.8060215952828003 
	 7.7019449999999994 	 26313.5215240081852244 
	 7.7113399999999999 	 26313.2408579064212972 
	 7.7207349999999995 	 26312.9639696832236950 
	 7.7301299999999991 	 26312.6908414034878660 
	 7.7395249999999995 	 26312.4212687054714479 
	 7.7489199999999991 	 26312.1554199377569603 
	 7.7583149999999996 	 26311.8930715885253449 
	 7.7677099999999992 	 26311.6342359339832910 
	 7.7771049999999997 	 26311.3790164972306229 
	 7.7865000000000002 	 26311.1271208741309238 
	 7.7958949999999998 	 26310.8786044364060217 
	 7.8052899999999994 	 26310.6334806593913527 
	 7.8146849999999990 	 26310.3915981185091368 
	 7.8240799999999995 	 26310.1530152821542288 
	 7.8334750000000000 	 26309.9176734541579208 
	 7.8428699999999996 	 26309.6854274714023632 
	 7.8522649999999992 	 26309.4563627902061853 
	 7.8616600000000005 	 26309.2303662542835809 
	 7.8710550000000001 	 26309.0075098329762113 
	 7.8804499999999997 	 26308.7873847312657745 
	 7.8898449999999993 	 26308.5703963151499920 
	 7.8992399999999989 	 26308.3657274760043947 
	 7.9086350000000003 	 26308.1553308367292630 
	 7.9180299999999999 	 26307.9465650641213870 
	 7.9274249999999995 	 26307.7411417314069695 
	 7.9368200000000000 	 26307.5382922196477011 
	 7.9462149999999996 	 26307.3382341654178163 
	 7.9556100000000001 	 26307.1408759978403396 
	 7.9650049999999997 	 26306.9461712519514549 
	 7.9743999999999993 	 26306.7540834148821887 
	 7.9837949999999998 	 26306.5646123617989360 
	 7.9931900000000002 	 26306.3776958026101056 
	 8.0025849999999998 	 26306.1933067901336472 
	 8.0119799999999994 	 26306.0113856737152673 
	 8.0213749999999990 	 26305.8319018724250782 
	 8.0307700000000004 	 26305.6548685166671930 
	 8.0401650000000000 	 26305.4802400152329938 
	 8.0495599999999996 	 26305.3079655498659122 
	 8.0589549999999992 	 26305.1380182423708902 
	 8.0683500000000006 	 26304.9703588295597001 
	 8.0777450000000002 	 26304.8048614157014526 
	 8.0871399999999998 	 26304.6417506125580985 
	 8.0965349999999994 	 26304.4807785200391663 
	 8.1059300000000007 	 26304.3219639741182618 
	 8.1153250000000003 	 26304.1653429680736735 
	 8.1247199999999999 	 26304.0107724324334413 
	 8.1341149999999995 	 26303.8583467556272808 
	 8.1435099999999991 	 26303.7080018947963254 
	 8.1529050000000005 	 26303.5595968805791927 
	 8.1623000000000001 	 26303.4132664220269362 
	 8.1716949999999997 	 26303.2689254216093104 
	 8.1810899999999993 	 26303.1265129900275497 
	 8.1904849999999989 	 26302.9860253902734257 
	 8.1998800000000003 	 26302.8474761200486682 
	 8.2092749999999999 	 26302.7107176367753709 
	 8.2186699999999995 	 26302.5758590512559749 
	 8.2280649999999991 	 26302.4428120712254895 
	 8.2374600000000004 	 26302.3115914558075019 
	 8.2468550000000000 	 26302.1821014855122485 
	 8.2562499999999996 	 26302.0544153481459944 
	 8.2656449999999992 	 26301.9284526533701865 
	 8.2750399999999988 	 26301.8041541022357706 
	 8.2844350000000002 	 26301.6815437643635960 
	 8.2938299999999998 	 26301.5606094097929599 
	 8.3032249999999994 	 26301.4413275530423562 
	 8.3126200000000008 	 26301.3236228668320109 
	 8.3220150000000004 	 26301.2075324499819544 
	 8.3314100000000000 	 26301.0930889216251671 
	 8.3408049999999996 	 26300.9801178972920752 
	 8.3501999999999992 	 26300.8686733153699606 
	 8.3595950000000006 	 26300.7588063676776073 
	 8.3689900000000002 	 26300.6503463086955890 
	 8.3783849999999997 	 26300.5434726328385295 
	 8.3877800000000011 	 26300.4379577395484375 
	 8.3971750000000007 	 26300.3339577234510216 
	 8.4065700000000003 	 26300.2313026321171492 
	 8.4159649999999999 	 26300.1302427183982218 
	 8.4253599999999995 	 26300.0294087640795624 
	 8.4347550000000009 	 26299.9288065207074396 
	 8.4441500000000005 	 26299.8308327551421826 
	 8.4535450000000001 	 26299.7352670652144297 
	 8.4629399999999997 	 26299.6406885263313598 
	 8.4723350000000011 	 26299.5475730091711739 
	 8.4817300000000007 	 26299.4556830145229469 
	 8.4911250000000003 	 26299.3650498999559204 
	 8.5005199999999999 	 26299.2756704501116474 
	 8.5099149999999995 	 26299.1874781580954732 
	 8.5193100000000008 	 26299.1005374245723942 
	 8.5287050000000004 	 26299.0147717332147295 
	 8.5381000000000000 	 26298.9301845128866262 
	 8.5474949999999996 	 26298.8467843624821398 
	 8.5568900000000010 	 26298.7644984477774415 
	 8.5662850000000006 	 26298.6833786880524713 
	 8.5756800000000002 	 26298.6034024291257083 
	 8.5850749999999998 	 26298.5245024301839294 
	 8.5944700000000012 	 26298.4466984585997125 
	 8.6038650000000008 	 26298.3699964253028156 
	 8.6132600000000004 	 26298.2943365760875167 
	 8.6226550000000000 	 26298.2197104051374481 
	 8.6320499999999996 	 26298.1461460451027961 
	 8.6414450000000009 	 26298.0736171555581677 
	 8.6508400000000005 	 26298.0021331496864150 
	 8.6602350000000001 	 26297.9315854893029609 
	 8.6696299999999997 	 26297.8620348047188600 
	 8.6790249999999993 	 26297.7935139696819533 
	 8.6884200000000007 	 26297.7259063169767614 
	 8.6978150000000003 	 26297.6592963596376649 
	 8.7072099999999999 	 26297.5936165738858108 
	 8.7166049999999995 	 26297.5288599398918450 
	 8.7259999999999991 	 26297.4650048958828847 
	 8.7353950000000005 	 26297.4020071488557733 
	 8.7447900000000001 	 26297.3400011731864652 
	 8.7541850000000014 	 26297.2788949624919042 
	 8.7635800000000010 	 26297.2186058758525178 
	 8.7729750000000006 	 26297.1591947786873789 
	 8.7823700000000002 	 26297.1006142284313682 
	 8.7917649999999998 	 26297.0429762581879913 
	 8.8011599999999994 	 26296.9860918849190057 
	 8.8105549999999990 	 26296.9300060355781170 
	 8.8199500000000022 	 26296.8747631502701552 
	 8.8293450000000018 	 26296.8203900451007939 
	 8.8387400000000014 	 26296.7667213363856717 
	 8.8481349999999992 	 26296.7138424385630060 
	 8.8575299999999988 	 26296.6617452622667770 
	 8.8669249999999984 	 26296.6104791221478081 
	 8.8763199999999998 	 26296.5599471186287701 
	 8.8857149999999994 	 26296.5101667498747702 
	 8.8951099999999990 	 26296.4611234755902842 
	 8.9045050000000003 	 26296.4127712049485126 
	 8.9138999999999999 	 26296.3651520678140514 
	 8.9232949999999995 	 26296.3183061417184945 
	 8.9326899999999991 	 26296.2721741985405970 
	 8.9420850000000005 	 26296.2266733380201913 
	 8.9514800000000001 	 26296.1818916260926926 
	 8.9608749999999997 	 26296.1378139251028188 
	 8.9702699999999993 	 26296.0944270346590201 
	 8.9796649999999989 	 26296.0516869257735380 
	 8.9890599999999985 	 26296.0095777287497185 
	 8.9984549999999999 	 26295.9681081989765516 
	 9.0078499999999995 	 26295.9273847300719353 
	 9.0172449999999991 	 26295.8872279467541375 
	 9.0266400000000004 	 26295.8477186717318546 
	 9.0360350000000000 	 26295.8088363055794616 
	 9.0454299999999996 	 26295.7705420200654771 
	 9.0548249999999992 	 26295.7328887185758504 
	 9.0642199999999988 	 26295.6958617225245689 
	 9.0736149999999984 	 26295.6594090399412380 
	 9.0830099999999980 	 26295.6235462342592655 
	 9.0924050000000012 	 26295.5882949515871587 
	 9.1018000000000008 	 26295.5536067645116418 
	 9.1111950000000004 	 26295.5194773323746631 
	 9.1205900000000000 	 26295.4858855394813872 
	 9.1299849999999996 	 26295.4528907774802065 
	 9.1393799999999992 	 26295.4204950239727623 
	 9.1487749999999988 	 26295.3886649357154965 
	 9.1581699999999984 	 26295.3573001517652301 
	 9.1675649999999997 	 26295.3264371129262145 
	 9.1769600000000011 	 26295.2961532079352764 
	 9.1863550000000007 	 26295.2663675393669109 
	 9.1957500000000003 	 26295.2371252208395163 
	 9.2051449999999999 	 26295.2084351567427802 
	 9.2145399999999995 	 26295.1802305050296127 
	 9.2239349999999991 	 26295.1524886252227589 
	 9.2333299999999987 	 26295.1252609193470562 
	 9.2427250000000001 	 26295.0985827892982343 
	 9.2521200000000015 	 26295.0723507697512105 
	 9.2615150000000011 	 26295.0465511614675052 
	 9.2709100000000007 	 26295.0212492826503876 
	 9.2803050000000002 	 26294.9964400711578492 
	 9.2896999999999998 	 26294.9721226879701135 
	 9.2990949999999994 	 26294.9482632030449167 
	 9.3084899999999990 	 26294.9248334517324110 
	 9.3178849999999986 	 26294.9018217776720121 
	 9.3272800000000000 	 26294.8792676733319240 
	 9.3366749999999996 	 26294.8572324103843130 
	 9.3460700000000010 	 26294.8355575447349111 
	 9.3554650000000006 	 26294.8144761762559938 
	 9.3648600000000002 	 26294.7932049863011343 
	 9.3742549999999998 	 26294.7749437581624079 
	 9.3836499999999994 	 26294.7577894173336972 
	 9.3930450000000008 	 26294.7376211121772940 
	 9.4024400000000004 	 26294.7185175335689564 
	 9.4118350000000000 	 26294.6996720326351351 
	 9.4212299999999995 	 26294.6813210126820195 
	 9.4306249999999991 	 26294.6632923764955194 
	 9.4400200000000005 	 26294.6457283216223004 
	 9.4494150000000001 	 26294.6285402761495789 
	 9.4588099999999997 	 26294.6117257435689680 
	 9.4682049999999993 	 26294.5953185259531892 
	 9.4776000000000007 	 26294.5792805349883565 
	 9.4869950000000003 	 26294.5636533094693732 
	 9.4963899999999999 	 26294.5483500050395378 
	 9.5057849999999995 	 26294.5334438969621260 
	 9.5151799999999991 	 26294.5189060379634611 
	 9.5245749999999987 	 26294.5047270583709178 
	 9.5339700000000001 	 26294.4909089476022928 
	 9.5433650000000014 	 26294.4773952376272064 
	 9.5527600000000010 	 26294.4642702631354041 
	 9.5621550000000006 	 26294.4515173362669884 
	 9.5715500000000002 	 26294.4390793589191162 
	 9.5809449999999998 	 26294.4270024715333420 
	 9.5903399999999994 	 26294.4152160313169588 
	 9.5997349999999990 	 26294.4037702511704993 
	 9.6091299999999986 	 26294.3926787261152640 
	 9.6185250000000000 	 26294.3819320666261774 
	 9.6279200000000014 	 26294.3714949787499791 
	 9.6373150000000010 	 26294.3613289500208339 
	 9.6467100000000006 	 26294.3514410943280382 
	 9.6561050000000002 	 26294.3419055047161237 
	 9.6654999999999998 	 26294.3327164196925878 
	 9.6748949999999994 	 26294.3237995938179665 
	 9.6842899999999990 	 26294.3151620930693753 
	 9.6936850000000003 	 26294.3068361500954779 
	 9.7030800000000017 	 26294.2987982842605561 
	 9.7124750000000013 	 26294.2910267858715088 
	 9.7218700000000009 	 26294.2834954428253695 
	 9.7312650000000005 	 26294.2762615196006664 
	 9.7406600000000001 	 26294.2693986224585387 
	 9.7500549999999997 	 26294.2626718443207210 
	 9.7594499999999993 	 26294.2563500031938020 
	 9.7688449999999989 	 26294.2501606464211363 
	 9.7782400000000003 	 26294.2442667707655346 
	 9.7876350000000016 	 26294.2386967694801569 
	 9.7970300000000012 	 26294.2332945905473025 
	 9.8064250000000008 	 26294.2282385754479037 
	 9.8158200000000004 	 26294.2232570089108776 
	 9.8252150000000000 	 26294.2191455413158110 
	 9.8346099999999996 	 26294.2125343802072166 
	 9.8440050000000010 	 26294.2056975768282427 
	 9.8534000000000006 	 26294.2022543556813616 
	 9.8627950000000002 	 26294.1984052977568354 
	 9.8721899999999998 	 26294.1949074352414755 
	 9.8815850000000012 	 26294.1916917201924662 
	 9.8909800000000008 	 26294.1885770750777738 
	 9.9003750000000004 	 26294.1857855896269029 
	 9.9097700000000000 	 26294.1831169144279556 
	 9.9191649999999996 	 26294.1807036860118387 
	 9.9285600000000009 	 26294.1785061989285168 
	 9.9379550000000005 	 26294.1765131263309740 
	 9.9473500000000001 	 26294.1747676106060680 
	 9.9567449999999997 	 26294.1731644307510578 
	 9.9661400000000011 	 26294.1717469878167321 
	 9.9755350000000007 	 26294.1705732929622172 
	 9.9849300000000003 	 26294.1695454352739034 
	 9.9943250000000017 	 26294.1687406812525296 
	 10.0037200000000013 	 26294.1681462567466951 
	 10.0131150000000009 	 26294.1676748121244600 
	 10.0225099999999987 	 26294.1674643893529719 
	 10.0319049999999983 	 26294.1674055351832067 
	 10.0412999999999979 	 26294.1674539068953891 
	 10.0506950000000010 	 26294.1677855099551380 
	 10.0600900000000006 	 26294.1682308363160701 
	 10.0694850000000002 	 26294.1687846634777088 
	 10.0788799999999998 	 26294.1695753991116362 
	 10.0882749999999994 	 26294.1705610767894541 
	 10.0976699999999990 	 26294.1716476378969674 
	 10.1070649999999986 	 26294.1729268421113375 
	 10.1164600000000000 	 26294.1743132496339967 
	 10.1258549999999996 	 26294.1759000860802189 
	 10.1352499999999992 	 26294.1776427757758938 
	 10.1446450000000006 	 26294.1795059442047204 
	 10.1540400000000002 	 26294.1815099217783427 
	 10.1634349999999998 	 26294.1836621594920871 
	 10.1728299999999994 	 26294.1859782317878853 
	 10.1822249999999990 	 26294.1884017041447805 
	 10.1916199999999986 	 26294.1910112311707053 
	 10.2010149999999999 	 26294.1936812459753128 
	 10.2104099999999995 	 26294.1964818766646204 
	 10.2198049999999991 	 26294.1994263101987599 
	 10.2291999999999987 	 26294.2025102426014200 
	 10.2385950000000001 	 26294.2057293698999274 
	 10.2479899999999997 	 26294.2090793881325226 
	 10.2573849999999993 	 26294.2125559933301702 
	 10.2667800000000007 	 26294.2161548815165588 
	 10.2761750000000003 	 26294.2198717487262911 
	 10.2855699999999999 	 26294.2237022909903317 
	 10.2949649999999995 	 26294.2276422043323691 
	 10.3043599999999991 	 26294.2316872304290882 
	 10.3137550000000005 	 26294.2358343611849705 
	 10.3231500000000000 	 26294.2400819616741501 
	 10.3325449999999996 	 26294.2444284672383219 
	 10.3419399999999992 	 26294.2488723132009909 
	 10.3513350000000006 	 26294.2534119349038519 
	 10.3607300000000002 	 26294.2580457676813239 
	 10.3701249999999998 	 26294.2627722468860156 
	 10.3795199999999994 	 26294.2675898078377941 
	 10.3889149999999990 	 26294.2724968858819921 
	 10.3983099999999986 	 26294.2774919163566665 
	 10.4077050000000000 	 26294.2825732935780252 
	 10.4171000000000014 	 26294.2877391276488197 
	 10.4264950000000010 	 26294.2929874082437891 
	 10.4358900000000006 	 26294.2983161246338568 
	 10.4452850000000002 	 26294.3037232660790323 
	 10.4546799999999998 	 26294.3092068218502391 
	 10.4640749999999993 	 26294.3147647812147625 
	 10.4734699999999989 	 26294.3203951334216981 
	 10.4828649999999985 	 26294.3260958677383314 
	 10.4922599999999981 	 26294.3318649734319479 
	 10.5016550000000013 	 26294.3377004400863370 
	 10.5110500000000009 	 26294.3436003502720268 
	 10.5204450000000005 	 26294.3495630085526500 
	 10.5298400000000001 	 26294.3555867518189189 
	 10.5392349999999997 	 26294.3616699170197535 
	 10.5486299999999993 	 26294.3678108410676941 
	 10.5580249999999989 	 26294.3740078609043849 
	 10.5674200000000003 	 26294.3802593134496419 
	 10.5768149999999999 	 26294.3865635356305575 
	 10.5862100000000012 	 26294.3929188643814996 
	 10.5956050000000008 	 26294.3993236366150086 
	 10.6050000000000004 	 26294.4057761933363508 
	 10.6143949999999982 	 26294.4122749562811805 
	 10.6237899999999996 	 26294.4188184214290231 
	 10.6331849999999992 	 26294.4254050875351822 
	 10.6425799999999988 	 26294.4320334533258574 
	 10.6519749999999984 	 26294.4387020175563521 
	 10.6613699999999998 	 26294.4454092789601418 
	 10.6707649999999994 	 26294.4521537362925301 
	 10.6801600000000008 	 26294.4589338882760785 
	 10.6895550000000004 	 26294.4657482336806424 
	 10.6989500000000000 	 26294.4725952712215076 
	 10.7083449999999996 	 26294.4794735145333107 
	 10.7177400000000009 	 26294.4863815606404387 
	 10.7271349999999988 	 26294.4933180356092635 
	 10.7365300000000001 	 26294.5002815655570885 
	 10.7459249999999980 	 26294.5072707765757514 
	 10.7553199999999993 	 26294.5142842947898316 
	 10.7647149999999989 	 26294.5213207462875289 
	 10.7741100000000003 	 26294.5283787571897847 
	 10.7835049999999999 	 26294.5354569535847986 
	 10.7928999999999995 	 26294.5425539615935122 
	 10.8022949999999991 	 26294.5496684079844272 
	 10.8116900000000005 	 26294.5567990057788847 
	 10.8210849999999983 	 26294.5639446381173912 
	 10.8304799999999997 	 26294.5711042080874904 
	 10.8398749999999993 	 26294.5782766187512607 
	 10.8492700000000006 	 26294.5854607731889701 
	 10.8586650000000002 	 26294.5926555744699726 
	 10.8680600000000016 	 26294.5998599256708985 
	 10.8774549999999994 	 26294.6070727298683778 
	 10.8868500000000008 	 26294.6142928901317646 
	 10.8962449999999986 	 26294.6215193095340510 
	 10.9056400000000000 	 26294.6287508915811486 
	 10.9150349999999978 	 26294.6359865459671710 
	 10.9244299999999992 	 26294.6432251872502093 
	 10.9338249999999988 	 26294.6504657300502004 
	 10.9432200000000002 	 26294.6577070890198229 
	 10.9526149999999998 	 26294.6649481787935656 
	 10.9620100000000011 	 26294.6721879140350211 
	 10.9714049999999990 	 26294.6794252093641262 
	 10.9808000000000003 	 26294.6866589794444735 
	 10.9901949999999999 	 26294.6938881389069138 
	 10.9995899999999995 	 26294.7011116024077637 
	 11.0089849999999991 	 26294.7083283068495803 
	 11.0183800000000005 	 26294.7155372906745470 
	 11.0277750000000001 	 26294.7227376212686067 
	 11.0371700000000015 	 26294.7299283659885987 
	 11.0465649999999993 	 26294.7371085922277416 
	 11.0559600000000007 	 26294.7442773673610645 
	 11.0653549999999985 	 26294.7514337587490445 
	 11.0747499999999999 	 26294.7585768337849004 
	 11.0841449999999995 	 26294.7657056598363852 
	 11.0935399999999991 	 26294.7728193042712519 
	 11.1029349999999987 	 26294.7799168365781952 
	 11.1123300000000000 	 26294.7869974731183902 
	 11.1217249999999996 	 26294.7940606710653810 
	 11.1311200000000010 	 26294.8011059099590057 
	 11.1405150000000006 	 26294.8081326693099982 
	 11.1499100000000002 	 26294.8151404286400066 
	 11.1593049999999998 	 26294.8221286674743169 
	 11.1687000000000012 	 26294.8290968653309392 
	 11.1780949999999990 	 26294.8360445017387974 
	 11.1874900000000004 	 26294.8429710562159016 
	 11.1968849999999982 	 26294.8498760082838999 
	 11.2062799999999996 	 26294.8567588276091556 
	 11.2156749999999992 	 26294.8636188702148502 
	 11.2250700000000005 	 26294.8704554190990166 
	 11.2344650000000001 	 26294.8772677560809825 
	 11.2438599999999997 	 26294.8840551629618858 
	 11.2532549999999993 	 26294.8908169215683301 
	 11.2626500000000007 	 26294.8975523136978154 
	 11.2720449999999985 	 26294.9042606211660313 
	 11.2814399999999999 	 26294.9109411257959437 
	 11.2908350000000013 	 26294.9175931093741383 
	 11.3002300000000009 	 26294.9242158537308569 
	 11.3096250000000005 	 26294.9308087265781069 
	 11.3190200000000019 	 26294.9373714149369334 
	 11.3284149999999997 	 26294.9439036799958558 
	 11.3378100000000011 	 26294.9504052829652210 
	 11.3472049999999989 	 26294.9568759850117203 
	 11.3566000000000003 	 26294.9633155473347870 
	 11.3659949999999981 	 26294.9697237311338540 
	 11.3753899999999994 	 26294.9761002975938027 
	 11.3847850000000008 	 26294.9824450079104281 
	 11.3941800000000004 	 26294.9887576232795254 
	 11.4035750000000000 	 26294.9950379006659205 
	 11.4129700000000014 	 26295.0012854124870501 
	 11.4223649999999992 	 26295.0074994787937612 
	 11.4317600000000006 	 26295.0136794014215411 
	 11.4411550000000002 	 26295.0198244822058768 
	 11.4505499999999998 	 26295.0259340230040834 
	 11.4599449999999994 	 26295.0320073256443720 
	 11.4693400000000025 	 26295.0380436919658678 
	 11.4787350000000004 	 26295.0440424238186097 
	 11.4881300000000017 	 26295.0500028230380849 
	 11.4975249999999996 	 26295.0559241914743325 
	 11.5069200000000009 	 26295.0618058877662406 
	 11.5163149999999987 	 26295.0676477878405422 
	 11.5257100000000001 	 26295.0734500439066323 
	 11.5351049999999997 	 26295.0792128108078032 
	 11.5444999999999993 	 26295.0849362433982606 
	 11.5538950000000007 	 26295.0906204964812787 
	 11.5632900000000021 	 26295.0962657249074255 
	 11.5726849999999999 	 26295.1018720834981650 
	 11.5820800000000013 	 26295.1074397270931513 
	 11.5914750000000009 	 26295.1129688105174864 
	 11.6008700000000005 	 26295.1184594885562547 
	 11.6102650000000001 	 26295.1239117971963424 
	 11.6196600000000014 	 26295.1293254119627818 
	 11.6290549999999993 	 26295.1346999401721405 
	 11.6384500000000006 	 26295.1400349891300721 
	 11.6478450000000002 	 26295.1453301661531441 
	 11.6572400000000016 	 26295.1505850785761140 
	 11.6666349999999994 	 26295.1557993337082735 
	 11.6760300000000008 	 26295.1609725388734660 
	 11.6854250000000004 	 26295.1661043013882590 
	 11.6948200000000000 	 26295.1711942285655823 
	 11.7042149999999996 	 26295.1762419352744473 
	 11.7136100000000010 	 26295.1812472601377522 
	 11.7230049999999988 	 26295.1862102976556343 
	 11.7324000000000002 	 26295.1911311563344498 
	 11.7417950000000015 	 26295.1960099446696404 
	 11.7511900000000011 	 26295.2008467711675621 
	 11.7605850000000007 	 26295.2056417443236569 
	 11.7699800000000021 	 26295.2103949726442806 
	 11.7793749999999999 	 26295.2151065646321513 
	 11.7887699999999978 	 26295.2197766287681588 
	 11.7981649999999991 	 26295.2244052735877631 
	 11.8075599999999987 	 26295.2289925958102685 
	 11.8169549999999983 	 26295.2335386065533385 
	 11.8263499999999997 	 26295.2380432790669147 
	 11.8357450000000011 	 26295.2425065864335920 
	 11.8451399999999989 	 26295.2469285017359653 
	 11.8545350000000003 	 26295.2513089980384393 
	 11.8639299999999999 	 26295.2556480484345229 
	 11.8733249999999995 	 26295.2599456259958970 
	 11.8827199999999991 	 26295.2642017037978803 
	 11.8921150000000004 	 26295.2684162549267057 
	 11.9015099999999983 	 26295.2725892525231757 
	 11.9109049999999996 	 26295.2767206958742463 
	 11.9202999999999992 	 26295.2808106494012463 
	 11.9296950000000006 	 26295.2848591875408601 
	 11.9390899999999984 	 26295.2888663847006683 
	 11.9484849999999998 	 26295.2928323152918892 
	 11.9578799999999994 	 26295.2967570537512074 
	 11.9672749999999990 	 26295.3006406744825654 
	 11.9766699999999986 	 26295.3044832518971816 
	 11.9860650000000000 	 26295.3082848604390165 
	 11.9954599999999978 	 26295.3120455744938226 
	 12.0048550000000009 	 26295.3157654702954460 
	 12.0142500000000005 	 26295.3194446619163500 
	 12.0236450000000001 	 26295.3230832997614925 
	 12.0330399999999997 	 26295.3266815356801089 
	 12.0424350000000011 	 26295.3302395215105207 
	 12.0518299999999989 	 26295.3337574091128772 
	 12.0612250000000003 	 26295.3372353503073100 
	 12.0706199999999981 	 26295.3406734969612444 
	 12.0800149999999995 	 26295.3440720009020879 
	 12.0894099999999991 	 26295.3474310140009038 
	 12.0988050000000005 	 26295.3507506880778237 
	 12.1082000000000001 	 26295.3540311726537766 
	 12.1175949999999997 	 26295.3572726034872176 
	 12.1269899999999993 	 26295.3604751113125531 
	 12.1363850000000006 	 26295.3636388268860173 
	 12.1457799999999985 	 26295.3667638809420168 
	 12.1551749999999998 	 26295.3698504042185959 
	 12.1645699999999994 	 26295.3728985274501611 
	 12.1739649999999990 	 26295.3759083813929465 
	 12.1833600000000004 	 26295.3788800967704447 
	 12.1927550000000018 	 26295.3818138043352519 
	 12.2021499999999996 	 26295.3847096353674715 
	 12.2115450000000010 	 26295.3875678025069647 
	 12.2209399999999988 	 26295.3903886859079648 
	 12.2303350000000002 	 26295.3931726863847871 
	 12.2397299999999980 	 26295.3959202047444705 
	 12.2491249999999994 	 26295.3986316417722264 
	 12.2585199999999990 	 26295.4013073982860078 
	 12.2679150000000003 	 26295.4039478750855778 
	 12.2773099999999999 	 26295.4065534729706997 
	 12.2867050000000013 	 26295.4091245927447744 
	 12.2960999999999991 	 26295.4116616352075653 
	 12.3054950000000005 	 26295.4141649912671710 
	 12.3148900000000001 	 26295.4166348944345373 
	 12.3242849999999997 	 26295.4190714521901100 
	 12.3336799999999993 	 26295.4214747684272879 
	 12.3430750000000007 	 26295.4238449470831256 
	 12.3524700000000003 	 26295.4261820920692116 
	 12.3618650000000017 	 26295.4284863072971348 
	 12.3712599999999995 	 26295.4307576967039495 
	 12.3806550000000009 	 26295.4329963641866925 
	 12.3900499999999987 	 26295.4352024136824184 
	 12.3994450000000001 	 26295.4373759491063538 
	 12.4088399999999996 	 26295.4395171057549305 
	 12.4182349999999992 	 26295.4416261689220846 
	 12.4276299999999988 	 26295.4437034686197876 
	 12.4370250000000002 	 26295.4457493348563730 
	 12.4464199999999998 	 26295.4477640976583643 
	 12.4558150000000012 	 26295.4497480870377331 
	 12.4652100000000008 	 26295.4517016330210026 
	 12.4746050000000004 	 26295.4536250656237826 
	 12.4840000000000000 	 26295.4555187148689583 
	 12.4933950000000014 	 26295.4573829107612255 
	 12.5027899999999992 	 26295.4592179830578971 
	 12.5121850000000006 	 26295.4610242391063366 
	 12.5215799999999984 	 26295.4628019480733201 
	 12.5309750000000015 	 26295.4645513753275736 
	 12.5403699999999994 	 26295.4662727862887550 
	 12.5497650000000007 	 26295.4679664463401423 
	 12.5591600000000003 	 26295.4696326208904793 
	 12.5685549999999999 	 26295.4712715753303200 
	 12.5779499999999995 	 26295.4728835750574945 
	 12.5873450000000009 	 26295.4744688854734704 
	 12.5967399999999987 	 26295.4760277719760779 
	 12.6061350000000001 	 26295.4775605029899452 
	 12.6155299999999997 	 26295.4790673838760995 
	 12.6249250000000011 	 26295.4805487447592895 
	 12.6343200000000007 	 26295.4820049161862698 
	 12.6437150000000020 	 26295.4834362287074327 
	 12.6531099999999999 	 26295.4848430128877226 
	 12.6625050000000012 	 26295.4862255992775317 
	 12.6718999999999991 	 26295.4875843184418045 
	 12.6812950000000004 	 26295.4889195009236573 
	 12.6906899999999982 	 26295.4902314772916725 
	 12.7000849999999996 	 26295.4915205780998804 
	 12.7094800000000010 	 26295.4927871281652187 
	 12.7188750000000006 	 26295.4940314299710735 
	 12.7282700000000002 	 26295.4952537805729662 
	 12.7376650000000016 	 26295.4964544770227803 
	 12.7470599999999994 	 26295.4976338163614855 
	 12.7564550000000008 	 26295.4987920956518792 
	 12.7658500000000004 	 26295.4999296119422070 
	 12.7752450000000000 	 26295.5010466622843524 
	 12.7846399999999996 	 26295.5021435437265609 
	 12.7940350000000009 	 26295.5032205533243541 
	 12.8034300000000005 	 26295.5042779879331647 
	 12.8128250000000019 	 26295.5053161355717748 
	 12.8222199999999997 	 26295.5063352716242662 
	 12.8316150000000011 	 26295.5073356704888283 
	 12.8410099999999989 	 26295.5083176066218584 
	 12.8504050000000003 	 26295.5092813543997181 
	 12.8597999999999999 	 26295.5102271882569767 
	 12.8691949999999995 	 26295.5111553826136515 
	 12.8785899999999991 	 26295.5120662118897599 
	 12.8879850000000022 	 26295.5129599505016813 
	 12.8973800000000001 	 26295.5138368728512432 
	 12.9067750000000014 	 26295.5146972547154292 
	 12.9161700000000010 	 26295.5155413846478041 
	 12.9255650000000006 	 26295.5163695583651133 
	 12.9349600000000002 	 26295.5171820716495859 
	 12.9443550000000016 	 26295.5179792202980025 
	 12.9537499999999994 	 26295.5187613000998681 
	 12.9631449999999973 	 26295.5195286068374116 
	 12.9725400000000004 	 26295.5202814363001380 
	 12.9819350000000000 	 26295.5210200842702761 
	 12.9913299999999996 	 26295.5217448465409689 
	 13.0007249999999992 	 26295.5224560189126350 
	 13.0101200000000006 	 26295.5231538972002454 
	 13.0195149999999984 	 26295.5238387773897557 
	 13.0289099999999998 	 26295.5245109554925875 
	 13.0383049999999994 	 26295.5251707274910586 
	 13.0476999999999990 	 26295.5258183894038666 
	 13.0570950000000003 	 26295.5264542372351571 
	 13.0664900000000017 	 26295.5270785669890756 
	 13.0758849999999995 	 26295.5276916746661300 
	 13.0852800000000009 	 26295.5282938562813797 
	 13.0946749999999987 	 26295.5288854078244185 
	 13.1040700000000001 	 26295.5294666248555586 
	 13.1134649999999979 	 26295.5300377880375891 
	 13.1228599999999993 	 26295.5305991604072915 
	 13.1322549999999989 	 26295.5311510039391578 
	 13.1416499999999985 	 26295.5316935805894900 
	 13.1510449999999999 	 26295.5322271523582458 
	 13.1604400000000012 	 26295.5327519812053652 
	 13.1698349999999991 	 26295.5332683291235298 
	 13.1792300000000004 	 26295.5337764580726798 
	 13.1886250000000000 	 26295.5342766300418589 
	 13.1980199999999996 	 26295.5347691069946450 
	 13.2074149999999992 	 26295.5352541400534392 
	 13.2168100000000006 	 26295.5357318971691711 
	 13.2262049999999984 	 26295.5362025078866282 
	 13.2356000000000016 	 26295.5366661015541467 
	 13.2449949999999994 	 26295.5371228075055114 
	 13.2543900000000008 	 26295.5375727550926968 
	 13.2637849999999986 	 26295.5380160736494872 
	 13.2731800000000000 	 26295.5384528925314953 
	 13.2825749999999996 	 26295.5388833410615916 
	 13.2919699999999992 	 26295.5393075485917507 
	 13.3013649999999988 	 26295.5397256446522078 
	 13.3107600000000001 	 26295.5401378465394373 
	 13.3201549999999980 	 26295.5405446003351244 
	 13.3295500000000011 	 26295.5409463888863684 
	 13.3389450000000007 	 26295.5413436950584583 
	 13.3483400000000003 	 26295.5417370016912173 
	 13.3577349999999999 	 26295.5421267916499346 
	 13.3671300000000013 	 26295.5425135477962613 
	 13.3765249999999991 	 26295.5428977529882104 
	 13.3859200000000005 	 26295.5432798900619673 
	 13.3953149999999983 	 26295.5436604419010109 
	 13.4047099999999997 	 26295.5440398764440033 
	 13.4141049999999993 	 26295.5444183213767246 
	 13.4235000000000007 	 26295.5447955652125529 
	 13.4328950000000003 	 26295.5451713818401913 
	 13.4422899999999998 	 26295.5455455451301532 
	 13.4516849999999994 	 26295.5459178289602278 
	 13.4610800000000008 	 26295.5462880072082044 
	 13.4704749999999986 	 26295.5466558537518722 
	 13.4798700000000000 	 26295.5470211424799345 
	 13.4892649999999996 	 26295.5473836472556286 
	 13.4986599999999992 	 26295.5477431419567438 
	 13.5080550000000006 	 26295.5480994940953678 
	 13.5174500000000020 	 26295.5484531485490152 
	 13.5268449999999998 	 26295.5488047701073810 
	 13.5362400000000012 	 26295.5491550239712524 
	 13.5456349999999990 	 26295.5495045753414161 
	 13.5550300000000004 	 26295.5498540894441248 
	 13.5644249999999982 	 26295.5502042314765276 
	 13.5738199999999996 	 26295.5505556666576013 
	 13.5832149999999992 	 26295.5509090601990465 
	 13.5926100000000005 	 26295.5512650772870984 
	 13.6020050000000001 	 26295.5516243817874056 
	 13.6114000000000015 	 26295.5519873920420650 
	 13.6207949999999993 	 26295.5523539988207631 
	 13.6301900000000007 	 26295.5527240244991845 
	 13.6395850000000003 	 26295.5530972915075836 
	 13.6489799999999999 	 26295.5534736222289212 
	 13.6583749999999995 	 26295.5538528390825377 
	 13.6677700000000009 	 26295.5542347644441179 
	 13.6771649999999987 	 26295.5546192207257263 
	 13.6865600000000018 	 26295.5550060303357895 
	 13.6959549999999997 	 26295.5553950156609062 
	 13.7053500000000010 	 26295.5557860093213094 
	 13.7147449999999989 	 26295.5561790170067979 
	 13.7241400000000002 	 26295.5565741887367039 
	 13.7335349999999998 	 26295.5569716789432277 
	 13.7429299999999994 	 26295.5573716420658457 
	 13.7523249999999990 	 26295.5577742325476720 
	 13.7617200000000004 	 26295.5581796048209071 
	 13.7711150000000000 	 26295.5585879133359413 
	 13.7805100000000014 	 26295.5589993125176989 
	 13.7899050000000010 	 26295.5594139568092942 
	 13.7993000000000006 	 26295.5598320006538415 
	 13.8086950000000002 	 26295.5602536186088400 
	 13.8180900000000015 	 26295.5606790859274042 
	 13.8274849999999994 	 26295.5611087093129754 
	 13.8368800000000007 	 26295.5615427954762708 
	 13.8462749999999986 	 26295.5619816511352838 
	 13.8556699999999999 	 26295.5624255830007314 
	 13.8650649999999995 	 26295.5628748977796931 
	 13.8744600000000009 	 26295.5633299022010760 
	 13.8838550000000005 	 26295.5637909029574075 
	 13.8932500000000001 	 26295.5642582067703188 
	 13.9026449999999997 	 26295.5647321183787426 
	 13.9120400000000011 	 26295.5652127651192131 
	 13.9214349999999989 	 26295.5656999581187847 
	 13.9308300000000003 	 26295.5661934758718417 
	 13.9402249999999999 	 26295.5666930968618544 
	 13.9496200000000012 	 26295.5671985995941213 
	 13.9590150000000008 	 26295.5677097625630267 
	 13.9684100000000022 	 26295.5682263642411272 
	 13.9778050000000000 	 26295.5687481831337209 
	 13.9872000000000014 	 26295.5692749977388303 
	 13.9965949999999992 	 26295.5698065865362878 
	 14.0059900000000006 	 26295.5703427512380586 
	 14.0153849999999984 	 26295.5708835941768484 
	 14.0247799999999998 	 26295.5714294272038387 
	 14.0341750000000012 	 26295.5719805664484738 
	 14.0435700000000008 	 26295.5725373280511121 
	 14.0529650000000004 	 26295.5731000281157321 
	 14.0623600000000017 	 26295.5736689827936061 
	 14.0717549999999996 	 26295.5742445082105405 
	 14.0811500000000009 	 26295.5748269204705139 
	 14.0905450000000005 	 26295.5754165357466263 
	 14.0999400000000001 	 26295.5760136701355805 
	 14.1093349999999997 	 26295.5766185676948226 
	 14.1187300000000011 	 26295.5772311786386126 
	 14.1281250000000007 	 26295.5778513782533992 
	 14.1375199999999985 	 26295.5784790418620105 
	 14.1469149999999999 	 26295.5791140447727230 
	 14.1563099999999995 	 26295.5797562622938131 
	 14.1657049999999991 	 26295.5804055697299191 
	 14.1750999999999987 	 26295.5810618424038694 
	 14.1844950000000001 	 26295.5817249556093884 
	 14.1938899999999979 	 26295.5823947846547526 
	 14.2032849999999993 	 26295.5830712071074231 
	 14.2126800000000006 	 26295.5837542206245416 
	 14.2220750000000002 	 26295.5844440010769176 
	 14.2314699999999998 	 26295.5851407388108782 
	 14.2408650000000012 	 26295.5858446241545607 
	 14.2502599999999990 	 26295.5865558474397403 
	 14.2596550000000004 	 26295.5872745989836403 
	 14.2690499999999982 	 26295.5880010691398638 
	 14.2784449999999996 	 26295.5887354482292722 
	 14.2878399999999974 	 26295.5894779265800025 
	 14.2972350000000006 	 26295.5902286945201922 
	 14.3066300000000002 	 26295.5909879183236626 
	 14.3160249999999998 	 26295.5917555206360703 
	 14.3254199999999994 	 26295.5925312825784204 
	 14.3348150000000008 	 26295.5933149835364020 
	 14.3442099999999986 	 26295.5941064029066183 
	 14.3536049999999999 	 26295.5949053200420167 
	 14.3629999999999995 	 26295.5957115143537521 
	 14.3723949999999991 	 26295.5965247652129619 
	 14.3817899999999987 	 26295.5973448519907834 
	 14.3911850000000019 	 26295.5981715540838195 
	 14.4005799999999997 	 26295.5990046508886735 
	 14.4099750000000011 	 26295.5998440112380194 
	 14.4193699999999989 	 26295.6006898014384205 
	 14.4287650000000003 	 26295.6015422495802341 
	 14.4381599999999981 	 26295.6024015837356274 
	 14.4475549999999995 	 26295.6032680319767678 
	 14.4569499999999991 	 26295.6041418223867367 
	 14.4663449999999987 	 26295.6050231830558914 
	 14.4757400000000001 	 26295.6059123420527612 
	 14.4851350000000014 	 26295.6068095274531515 
	 14.4945299999999992 	 26295.6077149673474196 
	 14.5039250000000006 	 26295.6086288856713509 
	 14.5133200000000002 	 26295.6095513610925991 
	 14.5227149999999998 	 26295.6104822922097810 
	 14.5321099999999994 	 26295.6114215664129006 
	 14.5415050000000008 	 26295.6123690710664960 
	 14.5508999999999986 	 26295.6133246935678471 
	 14.5602950000000000 	 26295.6142883212960442 
	 14.5696899999999996 	 26295.6152598416374531 
	 14.5790850000000010 	 26295.6162391419566120 
	 14.5884799999999988 	 26295.6172261096653529 
	 14.5978750000000002 	 26295.6182206321245758 
	 14.6072699999999998 	 26295.6192225967242848 
	 14.6166649999999994 	 26295.6202318908435700 
	 14.6260599999999990 	 26295.6212484018724354 
	 14.6354550000000003 	 26295.6222720171972469 
	 14.6448499999999981 	 26295.6233026241825428 
	 14.6542450000000013 	 26295.6243401102256030 
	 14.6636400000000009 	 26295.6253843627055176 
	 14.6730350000000005 	 26295.6264352690050146 
	 14.6824300000000001 	 26295.6274927165031841 
	 14.6918250000000015 	 26295.6285565925863921 
	 14.7012199999999993 	 26295.6296267847283161 
	 14.7106150000000007 	 26295.6307032318691199 
	 14.7200099999999985 	 26295.6317860132912756 
	 14.7294049999999999 	 26295.6328752319095656 
	 14.7387999999999995 	 26295.6339709906678763 
	 14.7481950000000008 	 26295.6350733924991800 
	 14.7575900000000004 	 26295.6361825403291732 
	 14.7669850000000000 	 26295.6372985370835522 
	 14.7763799999999996 	 26295.6384214857098414 
	 14.7857750000000010 	 26295.6395514891373750 
	 14.7951699999999988 	 26295.6406886502772977 
	 14.8045650000000002 	 26295.6418330676606274 
	 14.8139599999999998 	 26295.6429847307626915 
	 14.8233549999999994 	 26295.6441435159940738 
	 14.8327500000000008 	 26295.6453092945230310 
	 14.8421450000000021 	 26295.6464819374959916 
	 14.8515400000000000 	 26295.6476613160702982 
	 14.8609350000000013 	 26295.6488473014178453 
	 14.8703299999999992 	 26295.6500397646923375 
	 14.8797250000000005 	 26295.6512385770402034 
	 14.8891199999999984 	 26295.6524436096333375 
	 14.8985149999999997 	 26295.6536547336290823 
	 14.9079099999999993 	 26295.6548718358826591 
	 14.9173049999999989 	 26295.6560949049053306 
	 14.9267000000000003 	 26295.6573239696699602 
	 14.9360950000000017 	 26295.6585590592330846 
	 14.9454899999999995 	 26295.6598002026767062 
	 14.9548850000000009 	 26295.6610474290646380 
	 14.9642800000000005 	 26295.6623007674643304 
	 14.9736750000000001 	 26295.6635602469432342 
	 14.9830699999999997 	 26295.6648258965724381 
	 14.9924650000000010 	 26295.6660977454303065 
	 15.0018600000000006 	 26295.6673758221586468 
	 15.0112550000000020 	 26295.6686600650464243 
	 15.0206499999999998 	 26295.6699502096234937 
	 15.0300450000000012 	 26295.6712459637856227 
	 15.0394399999999990 	 26295.6725470354576828 
	 15.0488350000000004 	 26295.6738531325208896 
	 15.0582300000000000 	 26295.6751639629001147 
	 15.0676249999999996 	 26295.6764792345020396 
	 15.0770199999999992 	 26295.6777986552224320 
	 15.0864150000000006 	 26295.6791219329788873 
	 15.0958100000000002 	 26295.6804487756780873 
	 15.1052050000000015 	 26295.6817789093474858 
	 15.1146000000000011 	 26295.6831123876399943 
	 15.1239950000000007 	 26295.6844495487166569 
	 15.1333900000000003 	 26295.6857907401899865 
	 15.1427850000000017 	 26295.6871363096834102 
	 15.1521799999999995 	 26295.6884866048239928 
	 15.1615750000000009 	 26295.6898419732096954 
	 15.1709699999999987 	 26295.6912027624639450 
	 15.1803650000000001 	 26295.6925693202138063 
	 15.1897599999999997 	 26295.6939419940717926 
	 15.1991550000000011 	 26295.6953211316613306 
	 15.2085500000000007 	 26295.6967069761667517 
	 15.2179450000000003 	 26295.6980992230855918 
	 15.2273399999999999 	 26295.6994973888940876 
	 15.2367350000000012 	 26295.7009009900102683 
	 15.2461299999999991 	 26295.7023095428121451 
	 15.2555250000000004 	 26295.7037225637177471 
	 15.2649200000000000 	 26295.7051395691014477 
	 15.2743150000000014 	 26295.7065600753776380 
	 15.2837100000000010 	 26295.7079835989352432 
	 15.2931050000000024 	 26295.7094096561777405 
	 15.3025000000000002 	 26295.7108377658587415 
	 15.3118949999999980 	 26295.7122676917751960 
	 15.3212899999999994 	 26295.7136996530862234 
	 15.3306849999999990 	 26295.7151339185147663 
	 15.3400799999999986 	 26295.7165707567837671 
	 15.3494749999999982 	 26295.7180104366198066 
	 15.3588699999999996 	 26295.7194532267494651 
	 15.3682649999999992 	 26295.7208993958956853 
	 15.3776600000000006 	 26295.7223492127814097 
	 15.3870550000000001 	 26295.7238029461186670 
	 15.3964499999999997 	 26295.7252608646558656 
	 15.4058449999999993 	 26295.7267232181147847 
	 15.4152400000000007 	 26295.7281899956833513 
	 15.4246349999999985 	 26295.7296609973163868 
	 15.4340299999999999 	 26295.7311360187413811 
	 15.4434249999999977 	 26295.7326148556676344 
	 15.4528200000000009 	 26295.7340973038044467 
	 15.4622149999999987 	 26295.7355831588647561 
	 15.4716100000000001 	 26295.7370722165760526 
	 15.4810049999999997 	 26295.7385642726403603 
	 15.4903999999999993 	 26295.7400591227778932 
	 15.4997949999999989 	 26295.7415565626943135 
	 15.5091900000000003 	 26295.7430563881025591 
	 15.5185849999999981 	 26295.7445583947337582 
	 15.5279799999999994 	 26295.7460623782899347 
	 15.5373750000000008 	 26295.7475681344840268 
	 15.5467700000000004 	 26295.7490754590362485 
	 15.5561650000000000 	 26295.7505841476522619 
	 15.5655600000000014 	 26295.7520939960522810 
	 15.5749549999999992 	 26295.7536047999528819 
	 15.5843500000000006 	 26295.7551163550524507 
	 15.5937449999999984 	 26295.7566284570857533 
	 15.6031399999999998 	 26295.7581409048871137 
	 15.6125349999999976 	 26295.7596536840137560 
	 15.6219299999999990 	 26295.7611670687256265 
	 15.6313250000000004 	 26295.7626813580500311 
	 15.6407200000000000 	 26295.7641968509997241 
	 15.6501149999999996 	 26295.7657138465983735 
	 15.6595100000000009 	 26295.7672326438769232 
	 15.6689049999999988 	 26295.7687535418299376 
	 15.6783000000000001 	 26295.7702768395101884 
	 15.6876949999999997 	 26295.7718028359158779 
	 15.6970899999999993 	 26295.7733318300743122 
	 15.7064849999999989 	 26295.7748640852369135 
	 15.7158800000000021 	 26295.7763994823872054 
	 15.7252749999999999 	 26295.7779376710495853 
	 15.7346700000000013 	 26295.7794782974997361 
	 15.7440649999999991 	 26295.7810210080169782 
	 15.7534600000000005 	 26295.7825654488769942 
	 15.7628549999999983 	 26295.7841112663663807 
	 15.7722499999999997 	 26295.7856581067571824 
	 15.7816449999999993 	 26295.7872056163105299 
	 15.7910399999999989 	 26295.7887534413421236 
	 15.8004350000000002 	 26295.7903012281058182 
	 15.8098300000000016 	 26295.7918487200040545 
	 15.8192249999999994 	 26295.7933959985675756 
	 15.8286200000000008 	 26295.7949432188870560 
	 15.8380150000000004 	 26295.7964905360568082 
	 15.8474100000000000 	 26295.7980381051675067 
	 15.8568049999999996 	 26295.7995860813098261 
	 15.8662000000000010 	 26295.8011346195817168 
	 15.8755949999999988 	 26295.8026838750593015 
	 15.8849900000000002 	 26295.8042340028587205 
	 15.8943849999999998 	 26295.8057851580560964 
	 15.9037800000000011 	 26295.8073374901505304 
	 15.9131749999999990 	 26295.8088909339785459 
	 15.9225700000000003 	 26295.8104451472645451 
	 15.9319649999999999 	 26295.8119997694047925 
	 15.9413599999999995 	 26295.8135544397446210 
	 15.9507549999999991 	 26295.8151087976912095 
	 15.9601500000000005 	 26295.8166624825862527 
	 15.9695449999999983 	 26295.8182151338223775 
	 15.9789400000000015 	 26295.8197663907703827 
	 15.9883350000000011 	 26295.8213158928047051 
	 15.9977300000000007 	 26295.8228632792961434 
	 16.0071249999999985 	 26295.8244082397359307 
	 16.0165199999999999 	 26295.8259508877090411 
	 16.0259150000000012 	 26295.8274915502406657 
	 16.0353100000000026 	 26295.8290305559312401 
	 16.0447050000000004 	 26295.8305682334175799 
	 16.0541000000000018 	 26295.8321049113328627 
	 16.0634949999999996 	 26295.8336409182775242 
	 16.0728900000000010 	 26295.8351765828956559 
	 16.0822849999999988 	 26295.8367122337949695 
	 16.0916800000000002 	 26295.8382481996122806 
	 16.1010749999999980 	 26295.8397848088025057 
	 16.1104699999999994 	 26295.8413222427770961 
	 16.1198650000000008 	 26295.8428602639869496 
	 16.1292600000000022 	 26295.8443985607846116 
	 16.1386550000000000 	 26295.8459368215117138 
	 16.1480500000000013 	 26295.8474747345098876 
	 16.1574449999999992 	 26295.8490119881134888 
	 16.1668400000000005 	 26295.8505482706823386 
	 16.1762349999999984 	 26295.8520832705544308 
	 16.1856299999999997 	 26295.8536166760677588 
	 16.1950249999999976 	 26295.8551481755712302 
	 16.2044200000000025 	 26295.8566774641731172 
	 16.2138150000000003 	 26295.8582044164177205 
	 16.2232100000000017 	 26295.8597291006954038 
	 16.2326049999999995 	 26295.8612515950262605 
	 16.2420000000000009 	 26295.8627719774267462 
	 16.2513949999999987 	 26295.8642903259242303 
	 16.2607900000000001 	 26295.8658067185460823 
	 16.2701850000000015 	 26295.8673212333123956 
	 16.2795799999999993 	 26295.8688339482359879 
	 16.2889750000000006 	 26295.8703449413660564 
	 16.2983700000000020 	 26295.8718542906899529 
	 16.3077649999999998 	 26295.8733620579514536 
	 16.3171600000000012 	 26295.8748681940815004 
	 16.3265549999999990 	 26295.8763726039542235 
	 16.3359500000000004 	 26295.8778751922727679 
	 16.3453449999999982 	 26295.8793758637693827 
	 16.3547399999999996 	 26295.8808745231544890 
	 16.3641349999999974 	 26295.8823710751530598 
	 16.3735299999999988 	 26295.8838654244755162 
	 16.3829250000000002 	 26295.8853574758431932 
	 16.3923200000000016 	 26295.8868471339592361 
	 16.4017150000000029 	 26295.8883343037377927 
	 16.4111100000000008 	 26295.8898189365463622 
	 16.4205050000000021 	 26295.8913010927208234 
	 16.4299000000000035 	 26295.8927808481639659 
	 16.4392950000000013 	 26295.8942582788185973 
	 16.4486900000000027 	 26295.8957334605911456 
	 16.4580850000000005 	 26295.8972064694025903 
	 16.4674800000000019 	 26295.8986773811557214 
	 16.4768749999999997 	 26295.9001462717824324 
	 16.4862699999999975 	 26295.9016132172000653 
	 16.4956649999999989 	 26295.9030782933114097 
	 16.5050599999999967 	 26295.9045415697582939 
	 16.5144549999999981 	 26295.9060029946740542 
	 16.5238499999999959 	 26295.9074624063250667 
	 16.5332449999999973 	 26295.9089196390377765 
	 16.5426399999999987 	 26295.9103745271204389 
	 16.5520349999999965 	 26295.9118269048849470 
	 16.5614300000000014 	 26295.9132766066759359 
	 16.5708250000000028 	 26295.9147234667980229 
	 16.5802200000000006 	 26295.9161673195594631 
	 16.5896150000000020 	 26295.9176079992976156 
	 16.5990099999999998 	 26295.9190453403207357 
	 16.6084050000000012 	 26295.9204792062701017 
	 16.6177999999999990 	 26295.9219096220185747 
	 16.6271950000000004 	 26295.9233366675580328 
	 16.6365899999999982 	 26295.9247604229240096 
	 16.6459849999999996 	 26295.9261809681629529 
	 16.6553799999999974 	 26295.9275983833103965 
	 16.6647749999999988 	 26295.9290127484055120 
	 16.6741700000000002 	 26295.9304241434911091 
	 16.6835649999999980 	 26295.9318326486063597 
	 16.6929599999999994 	 26295.9332383437904355 
	 16.7023550000000007 	 26295.9346413090752321 
	 16.7117499999999986 	 26295.9360416245108354 
	 16.7211449999999999 	 26295.9374393701255030 
	 16.7305400000000013 	 26295.9388346259838727 
	 16.7399350000000027 	 26295.9402274720960122 
	 16.7493300000000005 	 26295.9416179885192832 
	 16.7587250000000019 	 26295.9430062552746676 
	 16.7681199999999997 	 26295.9443923524231650 
	 16.7775150000000011 	 26295.9457763599966711 
	 16.7869099999999989 	 26295.9471583580343577 
	 16.7963050000000003 	 26295.9485384265608445 
	 16.8056999999999981 	 26295.9499166274654272 
	 16.8150949999999995 	 26295.9512927575742651 
	 16.8244899999999973 	 26295.9526664133336453 
	 16.8338849999999987 	 26295.9540371862422035 
	 16.8432800000000000 	 26295.9554046677621955 
	 16.8526749999999979 	 26295.9567684493813431 
	 16.8620699999999992 	 26295.9581281225764542 
	 16.8714650000000006 	 26295.9594832788461645 
	 16.8808599999999984 	 26295.9608335096490919 
	 16.8902549999999998 	 26295.9621784064875101 
	 16.8996499999999976 	 26295.9635175608345889 
	 16.9090450000000025 	 26295.9648506757694122 
	 16.9184400000000004 	 26295.9661779534726520 
	 16.9278350000000017 	 26295.9674997357033135 
	 16.9372299999999996 	 26295.9688163641840219 
	 16.9466250000000009 	 26295.9701281806446787 
	 16.9560199999999988 	 26295.9714355268370127 
	 16.9654150000000001 	 26295.9727387444909255 
	 16.9748100000000015 	 26295.9740381753472320 
	 16.9842049999999993 	 26295.9753341611358337 
	 16.9936000000000007 	 26295.9766270435939077 
	 17.0029950000000021 	 26295.9779171619156841 
	 17.0123899999999999 	 26295.9792046844959259 
	 17.0217850000000013 	 26295.9804895045454032 
	 17.0311799999999991 	 26295.9817714903438173 
	 17.0405750000000005 	 26295.9830505101526796 
	 17.0499699999999983 	 26295.9843264322407776 
	 17.0593649999999997 	 26295.9855991248732607 
	 17.0687599999999975 	 26295.9868684563116403 
	 17.0781549999999989 	 26295.9881342948319798 
	 17.0875500000000002 	 26295.9893965087067045 
	 17.0969450000000016 	 26295.9906549661827739 
	 17.1063399999999994 	 26295.9919095454461058 
	 17.1157350000000008 	 26295.9931602364777063 
	 17.1251299999999986 	 26295.9944070998390089 
	 17.1345250000000000 	 26295.9956501971973921 
	 17.1439200000000014 	 26295.9968895902093209 
	 17.1533149999999992 	 26295.9981253405676398 
	 17.1627100000000006 	 26295.9993575099324516 
	 17.1721050000000020 	 26296.0005861599638592 
	 17.1814999999999998 	 26296.0018113523401553 
	 17.1908950000000011 	 26296.0030331487323565 
	 17.2002899999999990 	 26296.0042516107932897 
	 17.2096850000000003 	 26296.0054667558179062 
	 17.2190799999999982 	 26296.0066784391856345 
	 17.2284749999999995 	 26296.0078864794377296 
	 17.2378699999999974 	 26296.0090906950717908 
	 17.2472649999999987 	 26296.0102909046072455 
	 17.2566599999999966 	 26296.0114869265526067 
	 17.2660550000000015 	 26296.0126785794236639 
	 17.2754500000000029 	 26296.0138656817398441 
	 17.2848450000000007 	 26296.0150480520096608 
	 17.2942400000000021 	 26296.0162255087489029 
	 17.3036350000000034 	 26296.0173978751190589 
	 17.3130300000000013 	 26296.0185651695683191 
	 17.3224250000000026 	 26296.0197276731560123 
	 17.3318200000000004 	 26296.0208856854187616 
	 17.3412150000000018 	 26296.0220395058786380 
	 17.3506099999999996 	 26296.0231894340904546 
	 17.3600050000000010 	 26296.0243357695617306 
	 17.3693999999999988 	 26296.0254788118400029 
	 17.3787950000000002 	 26296.0266188604400668 
	 17.3881899999999980 	 26296.0277562149167352 
	 17.3975849999999994 	 26296.0288911747884413 
	 17.4069799999999972 	 26296.0300239884563780 
	 17.4163749999999986 	 26296.0311544485921331 
	 17.4257699999999964 	 26296.0322821086447220 
	 17.4351649999999978 	 26296.0334065199349425 
	 17.4445600000000027 	 26296.0345272337908682 
	 17.4539550000000006 	 26296.0356438015405729 
	 17.4633500000000019 	 26296.0367557745194063 
	 17.4727450000000033 	 26296.0378627040518040 
	 17.4821400000000011 	 26296.0389641414622020 
	 17.4915350000000025 	 26296.0400596380677598 
	 17.5009300000000003 	 26296.0411487453602604 
	 17.5103250000000017 	 26296.0422312185619376 
	 17.5197199999999995 	 26296.0433074200991541 
	 17.5291150000000009 	 26296.0443778250337346 
	 17.5385099999999987 	 26296.0454429083838477 
	 17.5479050000000001 	 26296.0465031451967661 
	 17.5572999999999979 	 26296.0475590105343144 
	 17.5666949999999993 	 26296.0486109794219374 
	 17.5760900000000007 	 26296.0496595269069076 
	 17.5854849999999985 	 26296.0507051280255837 
	 17.5948799999999999 	 26296.0517482578252384 
	 17.6042750000000012 	 26296.0527893788312213 
	 17.6136700000000026 	 26296.0538285943075607 
	 17.6230650000000040 	 26296.0548656034989108 
	 17.6324600000000018 	 26296.0559000841494708 
	 17.6418550000000032 	 26296.0569317139888881 
	 17.6512500000000010 	 26296.0579601707831898 
	 17.6606449999999988 	 26296.0589851322583854 
	 17.6700400000000002 	 26296.0600062761768640 
	 17.6794349999999980 	 26296.0610232802609971 
	 17.6888299999999994 	 26296.0620358222586219 
	 17.6982249999999972 	 26296.0630435799212137 
	 17.7076199999999986 	 26296.0640462672417925 
	 17.7170150000000000 	 26296.0650438568700338 
	 17.7264099999999978 	 26296.0660364338546060 
	 17.7358049999999992 	 26296.0670240836734592 
	 17.7452000000000005 	 26296.0680068918227335 
	 17.7545949999999984 	 26296.0689849437949306 
	 17.7639899999999997 	 26296.0699583250680007 
	 17.7733849999999975 	 26296.0709271211417217 
	 17.7827799999999989 	 26296.0718914175085956 
	 17.7921750000000003 	 26296.0728512996647623 
	 17.8015700000000017 	 26296.0738068531354656 
	 17.8109649999999995 	 26296.0747581808864197 
	 17.8203600000000009 	 26296.0757054285058985 
	 17.8297549999999987 	 26296.0766487479777425 
	 17.8391500000000001 	 26296.0775882913003443 
	 17.8485450000000014 	 26296.0785242104575445 
	 17.8579399999999993 	 26296.0794566574550117 
	 17.8673350000000006 	 26296.0803857842583966 
	 17.8767300000000020 	 26296.0813117428733676 
	 17.8861249999999998 	 26296.0822346853019553 
	 17.8955200000000012 	 26296.0831547635098104 
	 17.9049149999999990 	 26296.0840721181375557 
	 17.9143100000000004 	 26296.0849866545831901 
	 17.9237049999999982 	 26296.0858980568591505 
	 17.9330999999999996 	 26296.0868060003376740 
	 17.9424949999999974 	 26296.0877101604201016 
	 17.9518899999999988 	 26296.0886102124859462 
	 17.9612849999999966 	 26296.0895058319110831 
	 17.9706800000000015 	 26296.0903966941041290 
	 17.9800749999999994 	 26296.0912824744300451 
	 17.9894700000000007 	 26296.0921628482938104 
	 17.9988649999999986 	 26296.0930374910676619 
	 18.0082599999999999 	 26296.0939061669778312 
	 18.0176550000000013 	 26296.0947691523506364 
	 18.0270499999999991 	 26296.0956269066446112 
	 18.0364450000000005 	 26296.0964798895438435 
	 18.0458400000000019 	 26296.0973285607215075 
	 18.0552349999999997 	 26296.0981733798580535 
	 18.0646300000000011 	 26296.0990148066630354 
	 18.0740249999999989 	 26296.0998533007914375 
	 18.0834200000000003 	 26296.1006893219491758 
	 18.0928149999999981 	 26296.1015233298057865 
	 18.1022099999999995 	 26296.1023557822045404 
	 18.1116049999999973 	 26296.1031868783502432 
	 18.1209999999999987 	 26296.1040162942626921 
	 18.1303949999999965 	 26296.1048436428172863 
	 18.1397899999999979 	 26296.1056685369076149 
	 18.1491850000000028 	 26296.1064905894163530 
	 18.1585800000000006 	 26296.1073094132225378 
	 18.1679750000000020 	 26296.1081246212233964 
	 18.1773700000000034 	 26296.1089358263016038 
	 18.1867650000000012 	 26296.1097426413361973 
	 18.1961600000000026 	 26296.1105446792134899 
	 18.2055550000000004 	 26296.1113415711624839 
	 18.2149500000000018 	 26296.1121332325710682 
	 18.2243449999999996 	 26296.1129198026283120 
	 18.2337400000000009 	 26296.1137014265950711 
	 18.2431349999999988 	 26296.1144782497212873 
	 18.2525300000000001 	 26296.1152504172787303 
	 18.2619249999999980 	 26296.1160180745246180 
	 18.2713199999999993 	 26296.1167813666979782 
	 18.2807149999999972 	 26296.1175404390633048 
	 18.2901099999999985 	 26296.1182954368887295 
	 18.2995049999999964 	 26296.1190465054169181 
	 18.3088999999999977 	 26296.1197937921351695 
	 18.3182949999999991 	 26296.1205374548844702 
	 18.3276900000000005 	 26296.1212776545798988 
	 18.3370850000000019 	 26296.1220145521037921 
	 18.3464800000000032 	 26296.1227483083566767 
	 18.3558750000000011 	 26296.1234790842463553 
	 18.3652700000000024 	 26296.1242070406515268 
	 18.3746650000000002 	 26296.1249323384763557 
	 18.3840600000000016 	 26296.1256551386177307 
	 18.3934549999999994 	 26296.1263756019761786 
	 18.4028500000000008 	 26296.1270938873931300 
	 18.4122449999999986 	 26296.1278099988776376 
	 18.4216400000000000 	 26296.1285236803632870 
	 18.4310349999999978 	 26296.1292346509144409 
	 18.4404299999999992 	 26296.1299426295481680 
	 18.4498250000000006 	 26296.1306473353179172 
	 18.4592199999999984 	 26296.1313484872589470 
	 18.4686149999999998 	 26296.1320458044356201 
	 18.4780100000000012 	 26296.1327390058504534 
	 18.4874049999999990 	 26296.1334278105678095 
	 18.4968000000000004 	 26296.1341119376338611 
	 18.5061950000000017 	 26296.1347911306584137 
	 18.5155900000000031 	 26296.1354654266942816 
	 18.5249850000000009 	 26296.1361350557963306 
	 18.5343800000000023 	 26296.1368002514282125 
	 18.5437750000000001 	 26296.1374612470281136 
	 18.5531700000000015 	 26296.1381182760487718 
	 18.5625649999999993 	 26296.1387715719429252 
	 18.5719600000000007 	 26296.1394213681669498 
	 18.5813549999999985 	 26296.1400678981553938 
	 18.5907499999999999 	 26296.1407113953791850 
	 18.6001449999999977 	 26296.1413520932655956 
	 18.6095399999999991 	 26296.1419901632398251 
	 18.6189350000000005 	 26296.1426255397309433 
	 18.6283299999999983 	 26296.1432581006265536 
	 18.6377249999999997 	 26296.1438877238288114 
	 18.6471200000000010 	 26296.1445142872107681 
	 18.6565149999999988 	 26296.1451376686527510 
	 18.6659100000000002 	 26296.1457577460460016 
	 18.6753050000000016 	 26296.1463743972781231 
	 18.6847000000000030 	 26296.1469875002403569 
	 18.6940950000000008 	 26296.1475969328057545 
	 18.7034900000000022 	 26296.1482025747864100 
	 18.7128850000000000 	 26296.1488043946956168 
	 18.7222800000000014 	 26296.1494024853273004 
	 18.7316749999999992 	 26296.1499969487231283 
	 18.7410700000000006 	 26296.1505878869356820 
	 18.7504650000000019 	 26296.1511754020393710 
	 18.7598599999999998 	 26296.1517595960758626 
	 18.7692550000000011 	 26296.1523405711050145 
	 18.7786500000000025 	 26296.1529184291866841 
	 18.7880450000000003 	 26296.1534932723807287 
	 18.7974400000000017 	 26296.1540652027251781 
	 18.8068349999999995 	 26296.1546343192785571 
	 18.8162300000000009 	 26296.1552006925376190 
	 18.8256249999999987 	 26296.1557643775086035 
	 18.8350199999999965 	 26296.1563254289576435 
	 18.8444149999999979 	 26296.1568839016981656 
	 18.8538099999999993 	 26296.1574398504999408 
	 18.8632050000000007 	 26296.1579933301873098 
	 18.8725999999999985 	 26296.1585443955373194 
	 18.8819949999999999 	 26296.1590931013670343 
	 18.8913900000000012 	 26296.1596395024498634 
	 18.9007849999999991 	 26296.1601836535737675 
	 18.9101800000000004 	 26296.1607255777125829 
	 18.9195750000000018 	 26296.1612651986033597 
	 18.9289699999999996 	 26296.1618024207018607 
	 18.9383650000000010 	 26296.1623371484674863 
	 18.9477599999999988 	 26296.1628692863632750 
	 18.9571550000000002 	 26296.1633987388522655 
	 18.9665499999999980 	 26296.1639254103793064 
	 18.9759449999999994 	 26296.1644492054110742 
	 18.9853399999999972 	 26296.1649700284142455 
	 18.9947349999999986 	 26296.1654877838373068 
	 19.0041299999999964 	 26296.1660023770018597 
	 19.0135249999999978 	 26296.1665137404852430 
	 19.0229199999999992 	 26296.1670218386825582 
	 19.0323150000000005 	 26296.1675266378115339 
	 19.0417100000000019 	 26296.1680281041190028 
	 19.0511050000000033 	 26296.1685262038154178 
	 19.0605000000000011 	 26296.1690209031221457 
	 19.0698950000000025 	 26296.1695121682714671 
	 19.0792900000000003 	 26296.1699999654811108 
	 19.0886850000000017 	 26296.1704842609797197 
	 19.0980799999999995 	 26296.1709650209959364 
	 19.1074750000000009 	 26296.1714422318145807 
	 19.1168699999999987 	 26296.1719160301763623 
	 19.1262650000000001 	 26296.1723866210377309 
	 19.1356599999999979 	 26296.1728542097407626 
	 19.1450549999999993 	 26296.1733190015766013 
	 19.1544499999999971 	 26296.1737812018945988 
	 19.1638449999999985 	 26296.1742410159786232 
	 19.1732399999999963 	 26296.1746986491634743 
	 19.1826349999999977 	 26296.1751543067730381 
	 19.1920299999999990 	 26296.1756081941020966 
	 19.2014249999999969 	 26296.1760605162671709 
	 19.2108200000000018 	 26296.1765113802866836 
	 19.2202150000000032 	 26296.1769606423258665 
	 19.2296100000000010 	 26296.1774081189760182 
	 19.2390050000000024 	 26296.1778536268502648 
	 19.2484000000000002 	 26296.1782969825471810 
	 19.2577950000000016 	 26296.1787380026689789 
	 19.2671899999999994 	 26296.1791765038215090 
	 19.2765850000000007 	 26296.1796123026178975 
	 19.2859799999999986 	 26296.1800452156494430 
	 19.2953749999999999 	 26296.1804750595183577 
	 19.3047699999999978 	 26296.1809016576262366 
	 19.3141649999999991 	 26296.1813249842962250 
	 19.3235600000000005 	 26296.1817451617025654 
	 19.3329549999999983 	 26296.1821623182404437 
	 19.3423499999999997 	 26296.1825765823014081 
	 19.3517450000000011 	 26296.1829880822733685 
	 19.3611399999999989 	 26296.1833969465515111 
	 19.3705350000000003 	 26296.1838033035273838 
	 19.3799300000000017 	 26296.1842072815925349 
	 19.3893250000000030 	 26296.1846090091421502 
	 19.3987200000000009 	 26296.1850086145641399 
	 19.4081150000000022 	 26296.1854062121856259 
	 19.4175100000000000 	 26296.1858018313068897 
	 19.4269050000000014 	 26296.1861954694468295 
	 19.4362999999999992 	 26296.1865871240443084 
	 19.4456950000000006 	 26296.1869767925745691 
	 19.4550899999999984 	 26296.1873644724728365 
	 19.4644849999999998 	 26296.1877501612107153 
	 19.4738799999999976 	 26296.1881338562343444 
	 19.4832749999999990 	 26296.1885155550044146 
	 19.4926700000000004 	 26296.1888952549634269 
	 19.5020649999999982 	 26296.1892729534629325 
	 19.5114599999999996 	 26296.1896486282239493 
	 19.5208550000000010 	 26296.1900222155672964 
	 19.5302499999999988 	 26296.1903936465860170 
	 19.5396450000000002 	 26296.1907628523404128 
	 19.5490399999999980 	 26296.1911297639053373 
	 19.5584349999999993 	 26296.1914943123592820 
	 19.5678300000000007 	 26296.1918564287771005 
	 19.5772250000000021 	 26296.1922160442227323 
	 19.5866199999999999 	 26296.1925730897855829 
	 19.5960150000000013 	 26296.1929274965332297 
	 19.6054099999999991 	 26296.1932792026054813 
	 19.6148050000000005 	 26296.1936282623755687 
	 19.6242000000000019 	 26296.1939748256736493 
	 19.6335949999999997 	 26296.1943190450947441 
	 19.6429900000000011 	 26296.1946610732484260 
	 19.6523850000000024 	 26296.1950010627624579 
	 19.6617800000000003 	 26296.1953391662282229 
	 19.6711750000000016 	 26296.1956755362807598 
	 19.6805699999999995 	 26296.1960103255114518 
	 19.6899650000000008 	 26296.1963436865335098 
	 19.6993599999999986 	 26296.1966757719637826 
	 19.7087550000000000 	 26296.1970066996946116 
	 19.7181499999999978 	 26296.1973364170735294 
	 19.7275449999999992 	 26296.1976648192139692 
	 19.7369400000000006 	 26296.1979918012366397 
	 19.7463350000000020 	 26296.1983172582367843 
	 19.7557299999999998 	 26296.1986410853096459 
	 19.7651250000000012 	 26296.1989631775759335 
	 19.7745199999999990 	 26296.1992834301272524 
	 19.7839150000000004 	 26296.1996017380806734 
	 19.7933100000000017 	 26296.1999179965205258 
	 19.8027049999999996 	 26296.2002321008949366 
	 19.8121000000000009 	 26296.2005439751628728 
	 19.8214950000000023 	 26296.2008535932327504 
	 19.8308900000000001 	 26296.2011609340479481 
	 19.8402850000000015 	 26296.2014659765627584 
	 19.8496799999999993 	 26296.2017686997387500 
	 19.8590750000000007 	 26296.2020690825156635 
	 19.8684699999999985 	 26296.2023671038514294 
	 19.8778649999999999 	 26296.2026627426930645 
	 19.8872599999999977 	 26296.2029559779984993 
	 19.8966549999999991 	 26296.2032467887111125 
	 19.9060499999999969 	 26296.2035351600279682 
	 19.9154450000000018 	 26296.2038211559447518 
	 19.9248400000000032 	 26296.2041048944811337 
	 19.9342350000000010 	 26296.2043864946972462 
	 19.9436300000000024 	 26296.2046660756859637 
	 19.9530250000000038 	 26296.2049437564928667 
	 19.9624200000000016 	 26296.2052196561962774 
	 19.9718150000000030 	 26296.2054938938672422 
	 19.9812100000000008 	 26296.2057665885768074 
	 19.9906050000000022 	 26296.2060378593996575 
	 20.0000000000000000 	 26296.2063078253995627 
