	 1.2100000000000000 	 66754.9533522950077895 
	 1.2193950000000000 	 65679.2134095747314859 
	 1.2287900000000000 	 64630.3310567701555556 
	 1.2381850000000001 	 63607.6446713485784130 
	 1.2475799999999999 	 62610.2329529218113748 
	 1.2569750000000002 	 61637.2708089698207914 
	 1.2663700000000000 	 60688.0194309898070060 
	 1.2757650000000000 	 59761.7641811530484119 
	 1.2851600000000001 	 58857.8326017832805519 
	 1.2945550000000001 	 57975.5856574166682549 
	 1.3039499999999999 	 57114.4171023435847019 
	 1.3133450000000000 	 56273.7495940807420993 
	 1.3227400000000000 	 55453.0338332735627773 
	 1.3321350000000001 	 54651.7459789885251666 
	 1.3415300000000001 	 53869.3854941204044735 
	 1.3509249999999999 	 53105.4745949385178392 
	 1.3603200000000000 	 52359.5552301431816886 
	 1.3697150000000000 	 51631.1888853933924111 
	 1.3791099999999998 	 50919.9546141082682880 
	 1.3885049999999999 	 50225.4472525782330194 
	 1.3978999999999999 	 49547.2775011859339429 
	 1.4072950000000000 	 48885.0705843405521591 
	 1.4166900000000000 	 48238.4639433993506827 
	 1.4260850000000000 	 47607.1088390283402987 
	 1.4354799999999999 	 46990.6673320015834179 
	 1.4448749999999999 	 46388.8121202390029794 
	 1.4542700000000000 	 45801.2273112142793252 
	 1.4636650000000000 	 45227.6052577456284780 
	 1.4730600000000000 	 44667.6476521767617669 
	 1.4824550000000001 	 44121.0660237120537204 
	 1.4918499999999999 	 43587.5776733642487670 
	 1.5012450000000002 	 43066.9088233593938639 
	 1.5106400000000000 	 42558.7942975307378219 
	 1.5200350000000000 	 42062.9723808685739641 
	 1.5294300000000001 	 41579.1900069933326449 
	 1.5388250000000001 	 41107.2001061406117515 
	 1.5482200000000002 	 40646.7608415951763163 
	 1.5576150000000002 	 40197.6365847416382167 
	 1.5670099999999998 	 39759.5962796459280071 
	 1.5764049999999998 	 39332.4146723030353314 
	 1.5857999999999999 	 38915.8712390512009733 
	 1.5951949999999999 	 38509.7493523544326308 
	 1.6045900000000000 	 38113.8375298954488244 
	 1.6139850000000000 	 37727.9286955500065233 
	 1.6233799999999998 	 37351.8192550493622548 
	 1.6327749999999999 	 36985.3098792041710112 
	 1.6421699999999999 	 36628.2052763407191378 
	 1.6515649999999999 	 36280.3134295089184889 
	 1.6609600000000000 	 35941.4459730351809412 
	 1.6703550000000000 	 35611.4184342698063119 
	 1.6797499999999999 	 35290.0484933634652407 
	 1.6891450000000001 	 34977.1577734437742038 
	 1.6985399999999999 	 34672.5711591947765555 
	 1.7079350000000000 	 34376.1160947186508565 
	 1.7173300000000000 	 34087.6231075127507211 
	 1.7267250000000001 	 33806.9253414905469981 
	 1.7361199999999999 	 33533.8585543526423862 
	 1.7455150000000001 	 33268.2618920892127790 
	 1.7549100000000000 	 33009.9759243350999895 
	 1.7643049999999998 	 32758.8446546309714904 
	 1.7736999999999998 	 32514.7144786357785051 
	 1.7830949999999999 	 32277.4334004821430426 
	 1.7924899999999999 	 32046.8526731048441434 
	 1.8018850000000000 	 31822.8250824606038805 
	 1.8112800000000000 	 31605.2066939163232746 
	 1.8206750000000000 	 31393.8543460373948619 
	 1.8300700000000001 	 31188.6281970608324627 
	 1.8394650000000001 	 30989.3898733702953905 
	 1.8488600000000002 	 30796.0031024829586386 
	 1.8582550000000002 	 30608.3341675342708186 
	 1.8676499999999998 	 30426.2514169311398291 
	 1.8770449999999999 	 30249.6241321517954930 
	 1.8864399999999999 	 30078.3244305047956004 
	 1.8958349999999999 	 29912.2267060515805497 
	 1.9052300000000000 	 29751.2064758733431518 
	 1.9146250000000000 	 29595.1411018079561472 
	 1.9240199999999998 	 29443.9106381207784580 
	 1.9334150000000001 	 29297.3968378454483172 
	 1.9428099999999999 	 29155.4826627584006928 
	 1.9522050000000000 	 29018.0532546679423831 
	 1.9616000000000000 	 28884.9959333169499587 
	 1.9709950000000001 	 28756.1989509975028341 
	 1.9803900000000001 	 28631.5539673361490713 
	 1.9897850000000001 	 28510.9524966739045340 
	 1.9991800000000000 	 28394.2841542868663964 
	 2.0085750000000000 	 28281.5491640367799846 
	 2.0179700000000000 	 28172.4653407025798515 
	 2.0273649999999996 	 28066.9913285575566988 
	 2.0367600000000001 	 27965.0580011551319330 
	 2.0461549999999997 	 27866.5579624297097325 
	 2.0555499999999998 	 27771.3994374670473917 
	 2.0649449999999998 	 27679.4875983042766165 
	 2.0743399999999999 	 27590.7311346351852990 
	 2.0837349999999999 	 27505.0410806022118777 
	 2.0931299999999999 	 27422.3258372558339033 
	 2.1025250000000000 	 27342.5091029580835311 
	 2.1119199999999996 	 27265.5104155780500150 
	 2.1213150000000001 	 27191.2146843036680366 
	 2.1307099999999997 	 27119.5632118740431906 
	 2.1401050000000001 	 27050.4738265025771398 
	 2.1494999999999997 	 26983.8685986497403064 
	 2.1588950000000002 	 26919.6718945213688130 
	 2.1682899999999998 	 26857.8093603748930036 
	 2.1776850000000003 	 26798.2080472195993934 
	 2.1870799999999999 	 26740.7970295435261505 
	 2.1964750000000000 	 26685.5073143252739101 
	 2.2058700000000000 	 26632.2710581976389221 
	 2.2152650000000000 	 26581.0224912711200886 
	 2.2246600000000001 	 26531.6972406483946543 
	 2.2340550000000001 	 26484.2326701276142558 
	 2.2434500000000002 	 26438.5680597928148927 
	 2.2528449999999998 	 26394.6440231722153840 
	 2.2622400000000003 	 26352.4027561951224925 
	 2.2716349999999998 	 26311.7878596931259381 
	 2.2810300000000003 	 26272.7454385094788449 
	 2.2904249999999999 	 26235.2219098629211658 
	 2.2998200000000000 	 26199.1659378376243694 
	 2.3092150000000000 	 26164.5285259185948235 
	 2.3186100000000001 	 26131.2410976297469460 
	 2.3280050000000001 	 26099.2906184794519504 
	 2.3373999999999997 	 26068.6205641847955121 
	 2.3467950000000002 	 26039.1812389981132583 
	 2.3561899999999998 	 26010.9316032823480782 
	 2.3655850000000003 	 25983.8295453218524926 
	 2.3749799999999999 	 25957.8352543696346402 
	 2.3843749999999999 	 25932.9090535248615197 
	 2.3937700000000000 	 25909.0153674886933004 
	 2.4031650000000000 	 25886.1112625013302022 
	 2.4125600000000000 	 25864.1826573553080379 
	 2.4219550000000001 	 25843.2028870958056359 
	 2.4313500000000001 	 25823.0760477584954060 
	 2.4407449999999997 	 25803.8127550394856371 
	 2.4501400000000002 	 25785.3603778223987320 
	 2.4595349999999998 	 25767.7277734199415136 
	 2.4689300000000003 	 25750.8682944682805100 
	 2.4783249999999999 	 25734.7521512143866858 
	 2.4877199999999999 	 25719.3532926952793787 
	 2.4971150000000000 	 25704.6462492792088597 
	 2.5065100000000005 	 25690.6053450626459380 
	 2.5159050000000001 	 25677.2080855407511990 
	 2.5253000000000001 	 25664.4317279189781402 
	 2.5346950000000001 	 25652.2527685883833328 
	 2.5440899999999997 	 25640.6498628550471039 
	 2.5534850000000002 	 25629.6047207966003043 
	 2.5628799999999998 	 25619.0966923565865727 
	 2.5722749999999999 	 25609.1041860817422275 
	 2.5816699999999999 	 25599.6124922094786598 
	 2.5910650000000000 	 25590.6037147612587432 
	 2.6004600000000000 	 25582.0611555604882597 
	 2.6098550000000000 	 25573.9685210598399863 
	 2.6192500000000001 	 25566.3090895973946317 
	 2.6286449999999997 	 25559.0687128751160344 
	 2.6380400000000002 	 25552.2371465649521269 
	 2.6474349999999998 	 25545.7957803980607423 
	 2.6568300000000002 	 25539.7356006048212294 
	 2.6662249999999998 	 25534.0432087014123681 
	 2.6756200000000003 	 25528.7073495569602528 
	 2.6850149999999999 	 25523.7166889030922903 
	 2.6944100000000004 	 25519.0600627037056256 
	 2.7038050000000000 	 25514.7293049900035840 
	 2.7132000000000001 	 25510.7148398100653139 
	 2.7225950000000001 	 25507.0067567441255960 
	 2.7319900000000001 	 25503.5970604990943684 
	 2.7413850000000002 	 25500.4784270651616680 
	 2.7507800000000002 	 25497.6413320525716699 
	 2.7601750000000003 	 25495.0837534859092557 
	 2.7695699999999999 	 25492.7941871736438770 
	 2.7789650000000004 	 25490.7682289066324302 
	 2.7883599999999999 	 25489.0003000692413480 
	 2.7977550000000004 	 25487.4835422412033950 
	 2.8071500000000000 	 25486.2129115824973269 
	 2.8165450000000001 	 25485.1835840123167145 
	 2.8259399999999997 	 25484.3921785149323114 
	 2.8353349999999997 	 25483.8341351300405222 
	 2.8447299999999998 	 25483.5040112783572113 
	 2.8541249999999998 	 25483.3971595064940630 
	 2.8635199999999998 	 25483.5111161172135326 
	 2.8729149999999999 	 25483.8427138845108857 
	 2.8823099999999995 	 25484.3850908146923757 
	 2.8917050000000000 	 25485.1361676945089130 
	 2.9010999999999996 	 25486.0958188481672551 
	 2.9104950000000001 	 25487.2548977641963575 
	 2.9198899999999997 	 25488.6130517082674487 
	 2.9292850000000001 	 25490.1656396966609464 
	 2.9386799999999997 	 25491.9070179772024858 
	 2.9480750000000002 	 25493.8370272200954787 
	 2.9574699999999998 	 25495.9490756388549926 
	 2.9668650000000003 	 25498.2402728564484278 
	 2.9762599999999999 	 25500.7063555313834513 
	 2.9856549999999999 	 25503.3427304505275970 
	 2.9950500000000000 	 25506.1455773275010870 
	 3.0044450000000000 	 25509.1081788178889838 
	 3.0138400000000001 	 25512.2266660124332702 
	 3.0232350000000001 	 25515.4981220690824557 
	 3.0326300000000002 	 25518.9153048445514287 
	 3.0420250000000002 	 25522.4730099422704370 
	 3.0514200000000002 	 25526.1658285658995737 
	 3.0608149999999998 	 25529.9875815563718788 
	 3.0702099999999999 	 25533.9338139673709520 
	 3.0796049999999999 	 25537.9972295630650478 
	 3.0890000000000000 	 25542.1724877689193818 
	 3.0983950000000000 	 25546.4526074204695760 
	 3.1077900000000001 	 25550.8324316994767287 
	 3.1171850000000001 	 25555.3038730443513487 
	 3.1265800000000001 	 25559.8630404586147051 
	 3.1359749999999997 	 25564.5023931078540045 
	 3.1453699999999998 	 25569.2154057556908811 
	 3.1547649999999998 	 25573.9964718320879911 
	 3.1641599999999999 	 25578.8387410808500135 
	 3.1735549999999995 	 25583.7363783322216477 
	 3.1829499999999999 	 25588.6835353931382997 
	 3.1923449999999995 	 25593.6742599730350776 
	 3.2017400000000000 	 25598.7023282332629606 
	 3.2111349999999996 	 25603.7622226154526288 
	 3.2205300000000001 	 25608.8496422606040142 
	 3.2299249999999997 	 25613.9578476742608473 
	 3.2393200000000002 	 25619.0821997273633315 
	 3.2487149999999998 	 25624.2247632625621918 
	 3.2581100000000003 	 25629.3692047649783490 
	 3.2675049999999999 	 25634.5145884722296614 
	 3.2769000000000004 	 25639.6589345203283301 
	 3.2862950000000000 	 25644.7979021606588503 
	 3.2956900000000005 	 25649.9275516746711219 
	 3.3050850000000001 	 25655.0447344551903370 
	 3.3144800000000001 	 25660.1459791458109976 
	 3.3238750000000001 	 25665.2281982809690817 
	 3.3332700000000002 	 25670.2892838529514847 
	 3.3426650000000002 	 25675.3260620367072988 
	 3.3520600000000003 	 25680.3360666546468565 
	 3.3614549999999999 	 25685.3178053093579365 
	 3.3708500000000003 	 25690.2688321500754682 
	 3.3802449999999999 	 25695.1876251203430002 
	 3.3896400000000000 	 25700.0727305724722100 
	 3.3990350000000000 	 25704.9226187382591888 
	 3.4084300000000001 	 25709.7360794635060302 
	 3.4178249999999997 	 25714.5116228635306470 
	 3.4272200000000002 	 25719.2490231295669219 
	 3.4366149999999998 	 25723.9473105273318652 
	 3.4460099999999998 	 25728.6056467078560672 
	 3.4554049999999998 	 25733.2239575941457588 
	 3.4647999999999999 	 25737.8013589486763522 
	 3.4741949999999999 	 25742.3374854447356483 
	 3.4835900000000000 	 25746.8324342869309476 
	 3.4929850000000000 	 25751.2857162220825558 
	 3.5023799999999996 	 25755.6973874883078679 
	 3.5117750000000001 	 25760.0676142667871318 
	 3.5211699999999997 	 25764.3965412195975659 
	 3.5305649999999997 	 25768.6841792316372448 
	 3.5399599999999998 	 25772.9308700330439024 
	 3.5493550000000003 	 25777.1366852342835045 
	 3.5587499999999999 	 25781.3022447356706834 
	 3.5681449999999999 	 25785.4274536677476135 
	 3.5775399999999999 	 25789.5120717373429216 
	 3.5869350000000004 	 25793.5580229709885316 
	 3.5963300000000000 	 25797.5652938930288656 
	 3.6057249999999996 	 25801.5332113070144260 
	 3.6151200000000001 	 25805.4631518759451865 
	 3.6245150000000002 	 25809.3556313964872970 
	 3.6339100000000002 	 25813.2106500806803524 
	 3.6433049999999998 	 25817.0293758392399468 
	 3.6527000000000003 	 25820.8119689262421161 
	 3.6620950000000003 	 25824.5581376883528719 
	 3.6714900000000004 	 25828.2691946210507012 
	 3.6808850000000000 	 25831.9461202381389739 
	 3.6902800000000000 	 25835.5884277772747737 
	 3.6996750000000000 	 25839.1973205926042283 
	 3.7090700000000001 	 25842.7728580044822593 
	 3.7184650000000001 	 25846.3158913027618837 
	 3.7278600000000002 	 25849.8266215258336160 
	 3.7372550000000002 	 25853.3053803280199645 
	 3.7466499999999998 	 25856.7532495075101906 
	 3.7560450000000003 	 25860.1704958180380345 
	 3.7654399999999999 	 25863.5568347247281054 
	 3.7748350000000004 	 25866.9136727338518540 
	 3.7842300000000000 	 25870.2412302402772184 
	 3.7936250000000000 	 25873.5393816171454091 
	 3.8030200000000001 	 25876.8098335510076140 
	 3.8124150000000006 	 25880.0522171366719704 
	 3.8218100000000002 	 25883.2660185557215300 
	 3.8312049999999997 	 25886.4531781098667125 
	 3.8406000000000002 	 25889.6132765469264996 
	 3.8499950000000003 	 25892.7468993914953899 
	 3.8593899999999999 	 25895.8549253602541285 
	 3.8687849999999999 	 25898.9365837007280788 
	 3.8781799999999995 	 25901.9938320856017526 
	 3.8875749999999996 	 25905.0254402229584230 
	 3.8969699999999996 	 25908.0325551299974904 
	 3.9063649999999996 	 25911.0157572907628492 
	 3.9157599999999997 	 25913.9750578212479013 
	 3.9251549999999997 	 25916.9105375480976363 
	 3.9345499999999998 	 25919.8228852536522027 
	 3.9439449999999998 	 25922.7124734893804998 
	 3.9533399999999999 	 25925.5793365548124711 
	 3.9627349999999995 	 25928.4240978638918023 
	 3.9721299999999999 	 25931.2467882213459234 
	 3.9815249999999995 	 25934.0475325173938472 
	 3.9909200000000000 	 25936.8267018355218170 
	 4.0003149999999996 	 25939.5846010776549520 
	 4.0097100000000001 	 25942.3208989256963832 
	 4.0191049999999997 	 25945.0366428208544676 
	 4.0285000000000002 	 25947.7310829187008494 
	 4.0378949999999998 	 25950.4050464991451008 
	 4.0472900000000003 	 25953.0582669171344605 
	 4.0566849999999999 	 25955.6906918823260639 
	 4.0660799999999995 	 25958.3031537854767521 
	 4.0754750000000000 	 25960.8959843017219100 
	 4.0848700000000004 	 25963.4690002541792637 
	 4.0942650000000000 	 25966.0221486068112426 
	 4.1036599999999996 	 25968.5564511576267250 
	 4.1130550000000001 	 25971.0718866678616905 
	 4.1224499999999997 	 25973.5677539641656040 
	 4.1318450000000002 	 25976.0455313794773247 
	 4.1412399999999998 	 25978.5048198824915744 
	 4.1506349999999994 	 25980.9455263901108992 
	 4.1600299999999999 	 25983.3684146153100301 
	 4.1694250000000004 	 25985.7735310522475629 
	 4.1788200000000000 	 25988.1607333713400294 
	 4.1882149999999996 	 25990.5302878803122439 
	 4.1976100000000001 	 25992.8821359347057296 
	 4.2070049999999997 	 25995.2167517994312220 
	 4.2164000000000001 	 25997.5343178483672091 
	 4.2257949999999997 	 25999.8347773421446618 
	 4.2351900000000002 	 26002.1182018872968911 
	 4.2445849999999998 	 26004.3849228747858433 
	 4.2539800000000003 	 26006.6350401413073996 
	 4.2633749999999999 	 26008.8684801765230077 
	 4.2727700000000004 	 26011.0854130338047980 
	 4.2821650000000000 	 26013.2859161095766467 
	 4.2915600000000005 	 26015.4702266881686228 
	 4.3009550000000001 	 26017.6384920016425895 
	 4.3103499999999997 	 26019.7903836097830208 
	 4.3197450000000002 	 26021.9265735497501737 
	 4.3291400000000007 	 26024.0466884846318862 
	 4.3385350000000003 	 26026.1513710328217712 
	 4.3479299999999999 	 26028.2400225793389836 
	 4.3573250000000003 	 26030.3133260363902082 
	 4.3667199999999999 	 26032.3710646557919972 
	 4.3761150000000004 	 26034.4131555328385730 
	 4.3855100000000000 	 26036.4400559440473444 
	 4.3949049999999996 	 26038.4518659766436031 
	 4.4043000000000001 	 26040.4481817260202661 
	 4.4136950000000006 	 26042.4292922569802613 
	 4.4230900000000002 	 26044.3957451181668148 
	 4.4324849999999998 	 26046.3470735889350181 
	 4.4418799999999994 	 26048.2833857622681535 
	 4.4512749999999999 	 26050.2053146750549786 
	 4.4606700000000004 	 26052.1122291912324727 
	 4.4700650000000000 	 26054.0041457466904831 
	 4.4794599999999996 	 26055.8819483726656472 
	 4.4888550000000000 	 26057.7447038359532598 
	 4.4982499999999996 	 26059.5932542387781723 
	 4.5076450000000001 	 26061.4270630786522815 
	 4.5170399999999997 	 26063.2467972025842755 
	 4.5264349999999993 	 26065.0520788538924535 
	 4.5358299999999998 	 26066.8429313607412041 
	 4.5452250000000003 	 26068.6197860834690800 
	 4.5546199999999999 	 26070.3823941344489867 
	 4.5640149999999995 	 26072.1308715760933410 
	 4.5734100000000000 	 26073.8654120081337169 
	 4.5828049999999996 	 26075.5859904008029844 
	 4.5922000000000001 	 26077.2926267284819914 
	 4.6015949999999997 	 26078.9850334349575860 
	 4.6109900000000001 	 26080.6638550244715589 
	 4.6203849999999997 	 26082.3289214903197717 
	 4.6297799999999993 	 26083.9801449355327350 
	 4.6391749999999998 	 26085.6176467429904733 
	 4.6485700000000003 	 26087.2417087571375305 
	 4.6579649999999999 	 26088.8518174561831984 
	 4.6673599999999995 	 26090.4485165637233877 
	 4.6767550000000000 	 26092.0317829626292223 
	 4.6861499999999996 	 26093.6015164892960456 
	 4.6955450000000001 	 26095.1578923828055849 
	 4.7049399999999997 	 26096.7008636537575512 
	 4.7143350000000002 	 26098.2306476764861145 
	 4.7237299999999998 	 26099.7471296694529883 
	 4.7331250000000002 	 26101.2501063512136170 
	 4.7425199999999998 	 26102.7402508534214576 
	 4.7519150000000003 	 26104.2166194781057129 
	 4.7613099999999999 	 26105.6815483439495438 
	 4.7707049999999995 	 26107.1430397279327735 
	 4.7801000000000000 	 26108.5905420839953877 
	 4.7894950000000005 	 26110.0155757112115680 
	 4.7988900000000001 	 26111.4274776588135865 
	 4.8082849999999997 	 26112.8266111639895826 
	 4.8176800000000002 	 26114.2129219289381581 
	 4.8270749999999998 	 26115.5864832403094624 
	 4.8364700000000003 	 26116.9474261732320883 
	 4.8458649999999999 	 26118.2954891840054188 
	 4.8552599999999995 	 26119.6310040926800866 
	 4.8646550000000000 	 26120.9540888330338930 
	 4.8740500000000004 	 26122.2645191747724311 
	 4.8834450000000000 	 26123.5624103638292581 
	 4.8928399999999996 	 26124.8478443264975795 
	 4.9022350000000001 	 26126.1209276639565360 
	 4.9116300000000006 	 26127.3815710166236386 
	 4.9210250000000002 	 26128.6299614013332757 
	 4.9304199999999998 	 26129.8661515220119327 
	 4.9398150000000003 	 26131.0900442235360970 
	 4.9492100000000008 	 26132.3016887693702301 
	 4.9586050000000004 	 26133.5012779573589796 
	 4.9680000000000000 	 26134.6889488051238004 
	 4.9773949999999996 	 26135.8644715595910384 
	 4.9867900000000001 	 26137.0280518452564138 
	 4.9961850000000005 	 26138.1796515570895281 
	 5.0055800000000001 	 26139.3193272264870757 
	 5.0149750000000006 	 26140.4472758418705780 
	 5.0243700000000002 	 26141.5634372734748467 
	 5.0337649999999989 	 26142.6678310270071961 
	 5.0431600000000003 	 26143.7605994261975866 
	 5.0525549999999999 	 26144.8417534624350083 
	 5.0619499999999995 	 26145.9113078155824041 
	 5.0713449999999991 	 26146.9692907112876128 
	 5.0807400000000005 	 26148.0158447745343437 
	 5.0901350000000001 	 26149.0510077350736537 
	 5.0995299999999997 	 26150.0747777632641373 
	 5.1089249999999993 	 26151.0872532244138711 
	 5.1183200000000006 	 26152.0884652572967752 
	 5.1277150000000002 	 26153.0783806404215284 
	 5.1371099999999998 	 26154.0573630847284221 
	 5.1465049999999994 	 26155.0251145724068920 
	 5.1558999999999999 	 26155.9817792495050526 
	 5.1652949999999995 	 26156.9275190540683980 
	 5.1746900000000000 	 26157.8623719293354952 
	 5.1840849999999996 	 26158.7863826525790500 
	 5.1934800000000001 	 26159.6994779346568976 
	 5.2028749999999997 	 26160.6018231510824990 
	 5.2122700000000002 	 26161.4935687338365824 
	 5.2216649999999998 	 26162.3746592687275552 
	 5.2310600000000003 	 26163.2451501195537276 
	 5.2404549999999999 	 26164.1050430774739652 
	 5.2498499999999995 	 26164.9544945439629373 
	 5.2592449999999999 	 26165.7936843610586948 
	 5.2686400000000004 	 26166.6224061101383995 
	 5.2780350000000000 	 26167.4409107746796508 
	 5.2874299999999996 	 26168.2492125533535727 
	 5.2968249999999992 	 26169.0473333820482367 
	 5.3062200000000006 	 26169.8353745152853662 
	 5.3156150000000002 	 26170.6133554954576539 
	 5.3250099999999998 	 26171.3813951305783121 
	 5.3344049999999994 	 26172.1395760547711689 
	 5.3437999999999999 	 26172.8879036457547045 
	 5.3531950000000004 	 26173.6264652456884505 
	 5.3625900000000000 	 26174.3553374818111479 
	 5.3719849999999996 	 26175.0745795504190028 
	 5.3813800000000001 	 26175.7842745072084654 
	 5.3907749999999997 	 26176.4844869908847613 
	 5.4001700000000001 	 26177.1752593584606075 
	 5.4095649999999997 	 26177.8566247932467377 
	 5.4189600000000002 	 26178.5287532617076067 
	 5.4283549999999998 	 26179.1916765859386942 
	 5.4377500000000003 	 26179.8454894996211806 
	 5.4471449999999999 	 26180.4901646949510905 
	 5.4565400000000004 	 26181.1259137055385509 
	 5.4659350000000000 	 26181.7527614042410278 
	 5.4753299999999996 	 26182.3706996349428664 
	 5.4847250000000001 	 26182.9798923972484772 
	 5.4941200000000006 	 26183.5804159389444976 
	 5.5035150000000002 	 26184.1722922701083007 
	 5.5129099999999998 	 26184.7556173066514020 
	 5.5223049999999994 	 26185.3304809438304801 
	 5.5317000000000007 	 26185.8969625013378391 
	 5.5410950000000003 	 26186.4551406983955530 
	 5.5504899999999999 	 26187.0051017722180404 
	 5.5598849999999995 	 26187.5468750841864676 
	 5.5692800000000009 	 26188.0805845940303698 
	 5.5786750000000005 	 26188.6063508472470858 
	 5.5880700000000001 	 26189.1242393824068131 
	 5.5974649999999997 	 26189.6342087133052701 
	 5.6068600000000011 	 26190.1365091161605960 
	 5.6162549999999998 	 26190.6311539313683170 
	 5.6256499999999994 	 26191.1182301645312691 
	 5.6350449999999999 	 26191.5977996357651136 
	 5.6444399999999995 	 26192.0699581305489119 
	 5.6538349999999999 	 26192.5348245145578403 
	 5.6632300000000004 	 26192.9924604099942371 
	 5.6726250000000000 	 26193.4429700406726624 
	 5.6820199999999996 	 26193.8863659422677301 
	 5.6914149999999992 	 26194.3228663117515680 
	 5.7008099999999997 	 26194.7523748808089294 
	 5.7102050000000002 	 26195.1752549985940277 
	 5.7195999999999998 	 26195.5915385505577433 
	 5.7289949999999994 	 26195.9986439934582449 
	 5.7383899999999999 	 26196.4385568492652965 
	 5.7477850000000004 	 26196.8418537428151467 
	 5.7571800000000000 	 26197.2292664352644351 
	 5.7665749999999996 	 26197.6138306478023878 
	 5.7759699999999992 	 26197.9910649080084113 
	 5.7853649999999996 	 26198.3626107965937990 
	 5.7947600000000001 	 26198.7280651979708637 
	 5.8041549999999997 	 26199.0876212718321767 
	 5.8135500000000002 	 26199.4413610379633610 
	 5.8229449999999998 	 26199.7893761666964565 
	 5.8323400000000003 	 26200.1317684019486478 
	 5.8417349999999999 	 26200.4686980743535969 
	 5.8511299999999995 	 26200.8001372347316646 
	 5.8605250000000000 	 26201.1261575690150494 
	 5.8699199999999996 	 26201.4469859780583647 
	 5.8793150000000001 	 26201.7626134444362833 
	 5.8887100000000006 	 26202.0731494406172715 
	 5.8981050000000002 	 26202.3786952683840354 
	 5.9074999999999998 	 26202.6793376144560170 
	 5.9168950000000002 	 26202.9751834348426200 
	 5.9262899999999998 	 26203.2662846267376153 
	 5.9356850000000003 	 26203.5527366712776711 
	 5.9450799999999999 	 26203.8346503927241429 
	 5.9544749999999995 	 26204.1121073100621288 
	 5.9638700000000000 	 26204.3851898143548169 
	 5.9732650000000005 	 26204.6539813126582885 
	 5.9826600000000001 	 26204.9185279674893536 
	 5.9920549999999997 	 26205.1789515786113043 
	 6.0014499999999993 	 26205.4354009570924973 
	 6.0108449999999998 	 26205.6878180361891282 
	 6.0202400000000003 	 26205.9364553953419090 
	 6.0296349999999999 	 26206.1812421484610240 
	 6.0390300000000003 	 26206.4223362707525666 
	 6.0484249999999999 	 26206.6598352271503245 
	 6.0578200000000004 	 26206.8937689125814359 
	 6.0672150000000000 	 26207.1242500066909997 
	 6.0766099999999996 	 26207.3513211160679930 
	 6.0860050000000001 	 26207.5750840854634589 
	 6.0953999999999997 	 26207.7956532164280361 
	 6.1047950000000002 	 26208.0130973495688522 
	 6.1141900000000007 	 26208.2274102950214001 
	 6.1235850000000003 	 26208.4387184598381282 
	 6.1329799999999999 	 26208.6471238121703209 
	 6.1423750000000004 	 26208.8526348044288170 
	 6.1517700000000000 	 26209.0554050045757322 
	 6.1611650000000004 	 26209.2553551149103441 
	 6.1705600000000000 	 26209.4527419808800914 
	 6.1799549999999996 	 26209.6475202462315792 
	 6.1893500000000010 	 26209.8398114774827263 
	 6.1987450000000006 	 26210.0296312250138726 
	 6.2081400000000002 	 26210.2171155158612237 
	 6.2175349999999998 	 26210.4022313796522212 
	 6.2269299999999994 	 26210.5850825375237036 
	 6.2363250000000008 	 26210.7658336506974592 
	 6.2457200000000004 	 26210.9443481992893794 
	 6.2551150000000000 	 26211.1207709369409713 
	 6.2645100000000005 	 26211.2952445936789445 
	 6.2739050000000010 	 26211.4677445654706389 
	 6.2833000000000006 	 26211.6383221702417359 
	 6.2926950000000001 	 26211.8070359272278438 
	 6.3020899999999997 	 26211.9739745057995606 
	 6.3114850000000002 	 26212.1391013954598748 
	 6.3208800000000007 	 26212.3025553272673278 
	 6.3302750000000003 	 26212.4644151266438712 
	 6.3396700000000008 	 26212.6246654409333132 
	 6.3490650000000004 	 26212.7833068831314449 
	 6.3584600000000000 	 26212.9404531726686400 
	 6.3678550000000005 	 26213.0961234586939099 
	 6.3772500000000001 	 26213.2504151213179284 
	 6.3866450000000006 	 26213.4033474773386843 
	 6.3960400000000002 	 26213.5549097473995062 
	 6.4054350000000007 	 26213.7051236306178907 
	 6.4148300000000011 	 26213.8541277463154984 
	 6.4242250000000007 	 26214.0019165278681612 
	 6.4336200000000003 	 26214.1484916710214748 
	 6.4430149999999999 	 26214.2939369376326795 
	 6.4524100000000004 	 26214.4382773659672239 
	 6.4618050000000009 	 26214.5816075402290153 
	 6.4712000000000005 	 26214.7237746133032488 
	 6.4805950000000001 	 26214.8649266383581562 
	 6.4899900000000006 	 26215.0051460800641507 
	 6.4993849999999993 	 26215.1444183725106996 
	 6.5087799999999998 	 26215.2827137609674537 
	 6.5181749999999994 	 26215.4201418837728852 
	 6.5275699999999990 	 26215.5566388677616487 
	 6.5369650000000004 	 26215.6923799139622133 
	 6.5463600000000000 	 26215.8271258798558847 
	 6.5557549999999996 	 26215.9619659545132890 
	 6.5651499999999992 	 26216.0968020205546054 
	 6.5745449999999988 	 26216.2298691434407374 
	 6.5839400000000001 	 26216.3614496565423906 
	 6.5933349999999997 	 26216.4925135891062382 
	 6.6027299999999993 	 26216.6227823970803001 
	 6.6121249999999998 	 26216.7524340847812709 
	 6.6215199999999994 	 26216.8813779555130168 
	 6.6309149999999999 	 26217.0096883491678454 
	 6.6403099999999995 	 26217.1374079708548379 
	 6.6497049999999991 	 26217.2644394903290959 
	 6.6590999999999996 	 26217.3908363979935530 
	 6.6684950000000001 	 26217.5167993935574486 
	 6.6778899999999997 	 26217.6420823666267097 
	 6.6872850000000001 	 26217.7668667412581271 
	 6.6966799999999997 	 26217.8910662938433234 
	 6.7060749999999993 	 26218.0146441500473884 
	 6.7154699999999998 	 26218.1377377226672252 
	 6.7248649999999994 	 26218.2603017232468119 
	 6.7342599999999999 	 26218.3823466172398184 
	 6.7436549999999995 	 26218.5039141572015069 
	 6.7530500000000000 	 26218.6249418172919832 
	 6.7624450000000005 	 26218.7455097323108930 
	 6.7718400000000001 	 26218.8656431885683560 
	 6.7812349999999997 	 26218.9852225544418616 
	 6.7906299999999993 	 26219.1043205583373492 
	 6.8000249999999998 	 26219.2230119546038623 
	 6.8094200000000003 	 26219.3412160110601690 
	 6.8188149999999998 	 26219.4589838173451426 
	 6.8282099999999994 	 26219.5762726436987577 
	 6.8376049999999999 	 26219.6930804734074627 
	 6.8469999999999995 	 26219.8094701295267441 
	 6.8563950000000000 	 26219.9253852281763102 
	 6.8657899999999996 	 26220.0409507342119468 
	 6.8751849999999992 	 26220.1560713357612258 
	 6.8845799999999997 	 26220.2706232460004685 
	 6.8939750000000002 	 26220.3847908715579251 
	 6.9033699999999998 	 26220.4985604365974723 
	 6.9127650000000003 	 26220.6118520061972959 
	 6.9221599999999999 	 26220.7247602793977421 
	 6.9315549999999995 	 26220.8371804949565558 
	 6.9409500000000000 	 26220.9492079156552791 
	 6.9503449999999996 	 26221.0607629629703297 
	 6.9597400000000000 	 26221.1718844108581834 
	 6.9691349999999996 	 26221.2825848730644793 
	 6.9785299999999992 	 26221.3928448644110176 
	 6.9879250000000006 	 26221.5026285296589776 
	 6.9973200000000002 	 26221.6120357269610395 
	 7.0067149999999998 	 26221.7209895765008696 
	 7.0161099999999994 	 26221.8294706996312016 
	 7.0255049999999990 	 26221.9375272964934993 
	 7.0349000000000004 	 26222.0451594059268245 
	 7.0442950000000000 	 26222.1523410970257828 
	 7.0536899999999996 	 26222.2590405808259675 
	 7.0630850000000001 	 26222.3652502883560373 
	 7.0724800000000005 	 26222.4710197529821016 
	 7.0818750000000001 	 26222.5763960067306471 
	 7.0912699999999997 	 26222.6813084064269788 
	 7.1006649999999993 	 26222.7856924183433875 
	 7.1100599999999998 	 26222.8896473951317603 
	 7.1194550000000003 	 26222.9930808062927099 
	 7.1288499999999999 	 26223.0960878207952192 
	 7.1382450000000004 	 26223.1986598329640401 
	 7.1476400000000000 	 26223.3007405915814161 
	 7.1570350000000005 	 26223.4023031238029944 
	 7.1664300000000001 	 26223.5033430403746024 
	 7.1758249999999997 	 26223.6039475792786106 
	 7.1852200000000002 	 26223.7040524950643885 
	 7.1946149999999998 	 26223.8036706160273752 
	 7.2040100000000002 	 26223.9028260672639590 
	 7.2134050000000007 	 26224.0014143143598631 
	 7.2228000000000003 	 26224.0995189587774803 
	 7.2321949999999999 	 26224.1971509157992841 
	 7.2415900000000004 	 26224.2942014162035775 
	 7.2509850000000000 	 26224.3908372717669408 
	 7.2603800000000005 	 26224.4868612152531568 
	 7.2697750000000001 	 26224.5824250351506635 
	 7.2791699999999997 	 26224.6775043180641660 
	 7.2885650000000002 	 26224.7719775101359119 
	 7.2979600000000007 	 26224.8659638911740331 
	 7.3073550000000003 	 26224.9593989976419834 
	 7.3167499999999999 	 26225.0523185448182630 
	 7.3261449999999995 	 26225.1446843722842459 
	 7.3355399999999999 	 26225.2365070019950508 
	 7.3449350000000004 	 26225.3278340869183012 
	 7.3543300000000000 	 26225.4186086900117516 
	 7.3637250000000005 	 26225.5088024407632474 
	 7.3731200000000001 	 26225.5984469106515462 
	 7.3825150000000006 	 26225.6875285824608000 
	 7.3919100000000002 	 26225.7760843469550309 
	 7.4013049999999998 	 26225.8641236741386820 
	 7.4107000000000003 	 26225.9515158781250648 
	 7.4200949999999999 	 26226.0384425878983166 
	 7.4294900000000004 	 26226.1247102941742924 
	 7.4388850000000009 	 26226.2104788428732718 
	 7.4482800000000005 	 26226.2956148658813618 
	 7.4576750000000001 	 26226.3802211145048204 
	 7.4670700000000005 	 26226.4642897219709994 
	 7.4764650000000001 	 26226.5477408615515742 
	 7.4858600000000006 	 26226.6306357328830927 
	 7.4952550000000002 	 26226.7129407220236317 
	 7.5046499999999998 	 26226.7946374298335286 
	 7.5140450000000012 	 26226.8758275241489173 
	 7.5234400000000008 	 26226.9564198302141449 
	 7.5328350000000004 	 26227.0363513131887885 
	 7.5422300000000000 	 26227.1157642848993419 
	 7.5516249999999996 	 26227.1945899736274441 
	 7.5610200000000010 	 26227.2728216178293223 
	 7.5704150000000006 	 26227.3504634773962607 
	 7.5798100000000002 	 26227.4275194991278113 
	 7.5892050000000006 	 26227.5039900922893139 
	 7.5986000000000002 	 26227.5798657199266017 
	 7.6079950000000007 	 26227.6551422231277684 
	 7.6173900000000003 	 26227.7298515693073568 
	 7.6267849999999999 	 26227.8039512779796496 
	 7.6361800000000004 	 26227.8774643175202073 
	 7.6455750000000009 	 26227.9503683800066938 
	 7.6549700000000005 	 26228.0227248732626322 
	 7.6643650000000010 	 26228.0944771194190253 
	 7.6737599999999988 	 26228.1655666189290059 
	 7.6831549999999993 	 26228.2361112123726343 
	 7.6925499999999998 	 26228.3060794982666266 
	 7.7019449999999994 	 26228.3754251866739651 
	 7.7113399999999999 	 26228.4441962936070922 
	 7.7207349999999995 	 26228.5123899724821968 
	 7.7301299999999991 	 26228.5800170438706118 
	 7.7395249999999995 	 26228.6469510288334277 
	 7.7489199999999991 	 26228.7133984785832581 
	 7.7583149999999996 	 26228.7791760921463720 
	 7.7677099999999992 	 26228.8443467369543214 
	 7.7771049999999997 	 26228.9090661990339868 
	 7.7865000000000002 	 26228.9730899112910265 
	 7.7958949999999998 	 26229.0365163958304038 
	 7.8052899999999994 	 26229.0994048433203716 
	 7.8146849999999990 	 26229.1616524311320973 
	 7.8240799999999995 	 26229.2233558017105679 
	 7.8334750000000000 	 26229.2844998485670658 
	 7.8428699999999996 	 26229.3449997887582867 
	 7.8522649999999992 	 26229.4049555685414816 
	 7.8616600000000005 	 26229.4643549632164650 
	 7.8710550000000001 	 26229.5231571153926780 
	 7.8804499999999997 	 26229.5813350476237247 
	 7.8898449999999993 	 26229.6389705049186887 
	 7.8992399999999989 	 26229.6960536170845444 
	 7.9086350000000003 	 26229.7525730851411936 
	 7.9180299999999999 	 26229.8084941632878326 
	 7.9274249999999995 	 26229.8638599454425275 
	 7.9368200000000000 	 26229.9186567022734380 
	 7.9462149999999996 	 26229.9728772317284893 
	 7.9556100000000001 	 26230.0265577953141474 
	 7.9650049999999997 	 26230.0796660582236655 
	 7.9743999999999993 	 26230.1322123747813748 
	 7.9837949999999998 	 26230.1842202881925914 
	 7.9931900000000002 	 26230.2356725168538105 
	 8.0025849999999998 	 26230.2865863232291304 
	 8.0119799999999994 	 26230.3369360288888856 
	 8.0213749999999990 	 26230.3867202019464457 
	 8.0307700000000004 	 26230.4359799512421887 
	 8.0401650000000000 	 26230.4847157261865505 
	 8.0495599999999996 	 26230.5329168947682774 
	 8.0589549999999992 	 26230.5805712636865792 
	 8.0683500000000006 	 26230.6276836306751647 
	 8.0777450000000002 	 26230.6741739381395746 
	 8.0871399999999998 	 26230.7202925403034897 
	 8.0965349999999994 	 26230.7658173593081301 
	 8.1059300000000007 	 26230.8108028833048593 
	 8.1153250000000003 	 26230.8553189614613075 
	 8.1247199999999999 	 26230.8992457747517619 
	 8.1341149999999995 	 26230.9427290752792032 
	 8.1435099999999991 	 26230.9857240253877535 
	 8.1529050000000005 	 26231.0281097788720217 
	 8.1623000000000001 	 26231.0700790470727952 
	 8.1716949999999997 	 26231.1115352389606414 
	 8.1810899999999993 	 26231.1524772237426077 
	 8.1904849999999989 	 26231.1929395942643168 
	 8.1998800000000003 	 26231.2329375598310435 
	 8.2092749999999999 	 26231.2723613824855420 
	 8.2186699999999995 	 26231.3113737472631328 
	 8.2280649999999991 	 26231.3498708016632008 
	 8.2374600000000004 	 26231.3879258094384568 
	 8.2468550000000000 	 26231.4254594354461005 
	 8.2562499999999996 	 26231.4625714753092325 
	 8.2656449999999992 	 26231.4992152525956044 
	 8.2750399999999988 	 26231.5353585697739618 
	 8.2844350000000002 	 26231.5710352646528918 
	 8.2938299999999998 	 26231.6062715944790398 
	 8.3032249999999994 	 26231.6410804939805530 
	 8.3126200000000008 	 26231.6753921160016034 
	 8.3220150000000004 	 26231.7092844088256243 
	 8.3314100000000000 	 26231.7428004257599241 
	 8.3408049999999996 	 26231.7757977787696291 
	 8.3501999999999992 	 26231.8083664242076338 
	 8.3595950000000006 	 26231.8405527009854268 
	 8.3689900000000002 	 26231.8722376467994764 
	 8.3783849999999997 	 26231.9036085111765715 
	 8.3877800000000011 	 26231.9344673388113733 
	 8.3971750000000007 	 26231.9649712583486689 
	 8.4065700000000003 	 26231.9950609315528709 
	 8.4159649999999999 	 26232.0247190030859201 
	 8.4253599999999995 	 26232.0539419770393579 
	 8.4347550000000009 	 26232.0827514057200460 
	 8.4441500000000005 	 26232.1112769840692636 
	 8.4535450000000001 	 26232.1393742427717370 
	 8.4629399999999997 	 26232.1669936337602849 
	 8.4723350000000011 	 26232.1943426663019636 
	 8.4817300000000007 	 26232.2212709044324583 
	 8.4911250000000003 	 26232.2478215129413002 
	 8.5005199999999999 	 26232.2740108963989769 
	 8.5099149999999995 	 26232.2998026865097927 
	 8.5193100000000008 	 26232.3252643722626090 
	 8.5287050000000004 	 26232.3503414950282604 
	 8.5381000000000000 	 26232.3750683301914250 
	 8.5474949999999996 	 26232.3994617619064229 
	 8.5568900000000010 	 26232.4234745421090338 
	 8.5662850000000006 	 26232.4471707523662189 
	 8.5756800000000002 	 26232.4705372101816465 
	 8.5850749999999998 	 26232.4935576630196010 
	 8.5944700000000012 	 26232.5162448419250723 
	 8.6038650000000008 	 26232.5386118552960397 
	 8.6132600000000004 	 26232.5606502229202306 
	 8.6226550000000000 	 26232.5823425158705504 
	 8.6320499999999996 	 26232.6037321524163417 
	 8.6414450000000009 	 26232.6248249568816391 
	 8.6508400000000005 	 26232.6456407532605226 
	 8.6602350000000001 	 26232.6660903115080146 
	 8.6696299999999997 	 26232.6862437090530875 
	 8.6790249999999993 	 26232.7061642697954085 
	 8.6884200000000007 	 26232.7257280127996637 
	 8.6978150000000003 	 26232.7450698293760070 
	 8.7072099999999999 	 26232.7640955376373313 
	 8.7166049999999995 	 26232.7828422839447740 
	 8.7259999999999991 	 26232.8012965679808985 
	 8.7353950000000005 	 26232.8194299035021686 
	 8.7447900000000001 	 26232.8373909986985382 
	 8.7541850000000014 	 26232.8550914365077915 
	 8.7635800000000010 	 26232.8724839231581427 
	 8.7729750000000006 	 26232.8896439282216306 
	 8.7823700000000002 	 26232.9065153969895619 
	 8.7917649999999998 	 26232.9232284222707676 
	 8.8011599999999994 	 26232.9396248136836221 
	 8.8105549999999990 	 26232.9557590733274992 
	 8.8199500000000022 	 26232.9716832244557736 
	 8.8293450000000018 	 26232.9874298664981325 
	 8.8387400000000014 	 26233.0028611765155802 
	 8.8481349999999992 	 26233.0180688777109026 
	 8.8575299999999988 	 26233.0330649299139623 
	 8.8669249999999984 	 26233.0479033109731972 
	 8.8763199999999998 	 26233.0625012116688595 
	 8.8857149999999994 	 26233.0768904860487964 
	 8.8951099999999990 	 26233.0910665695919306 
	 8.9045050000000003 	 26233.1049947011197219 
	 8.9138999999999999 	 26233.1187299505363626 
	 8.9232949999999995 	 26233.1323330838531547 
	 8.9326899999999991 	 26233.1457545008706802 
	 8.9420850000000005 	 26233.1589108738917275 
	 8.9514800000000001 	 26233.1719057465343212 
	 8.9608749999999997 	 26233.1847326470960979 
	 8.9702699999999993 	 26233.1974069635543856 
	 8.9796649999999989 	 26233.2098800136191130 
	 8.9890599999999985 	 26233.2221357778907986 
	 8.9984549999999999 	 26233.2342281000965158 
	 9.0078499999999995 	 26233.2462511044250277 
	 9.0172449999999991 	 26233.2580251102262991 
	 9.0266400000000004 	 26233.2696694563746860 
	 9.0360350000000000 	 26233.2811587668838911 
	 9.0454299999999996 	 26233.2924615636147792 
	 9.0548249999999992 	 26233.3036393167858478 
	 9.0642199999999988 	 26233.3146948870708002 
	 9.0736149999999984 	 26233.3255917143505940 
	 9.0830099999999980 	 26233.3363377284331364 
	 9.0924050000000012 	 26233.3469765332993120 
	 9.1018000000000008 	 26233.3574760579904250 
	 9.1111950000000004 	 26233.3678264952395693 
	 9.1205900000000000 	 26233.3780177663102222 
	 9.1299849999999996 	 26233.3881147128449811 
	 9.1393799999999992 	 26233.3981378824646526 
	 9.1487749999999988 	 26233.4080690357550338 
	 9.1581699999999984 	 26233.4177968711483118 
	 9.1675649999999997 	 26233.4273754402820487 
	 9.1769600000000011 	 26233.4369085551152239 
	 9.1863550000000007 	 26233.4462985153113550 
	 9.1957500000000003 	 26233.4555986736813793 
	 9.2051449999999999 	 26233.4648489820356190 
	 9.2145399999999995 	 26233.4739743170539441 
	 9.2239349999999991 	 26233.4829530201386660 
	 9.2333299999999987 	 26233.4918589348490059 
	 9.2427250000000001 	 26233.5007368553269771 
	 9.2521200000000015 	 26233.5094831747373973 
	 9.2615150000000011 	 26233.5180787990648241 
	 9.2709100000000007 	 26233.5266246241480985 
	 9.2803050000000002 	 26233.5351033812221431 
	 9.2896999999999998 	 26233.5435434293431172 
	 9.2990949999999994 	 26233.5518851684500987 
	 9.3084899999999990 	 26233.5601337242587761 
	 9.3178849999999986 	 26233.5682643558211566 
	 9.3272800000000000 	 26233.5763450425911287 
	 9.3366749999999996 	 26233.5844237934798002 
	 9.3460700000000010 	 26233.5924164183852554 
	 9.3554650000000006 	 26233.6003133279118629 
	 9.3648600000000002 	 26233.6082000793212501 
	 9.3742549999999998 	 26233.6159801244830305 
	 9.3836499999999994 	 26233.6236838760487444 
	 9.3930450000000008 	 26233.6313915054852259 
	 9.4024400000000004 	 26233.6389631532038038 
	 9.4118350000000000 	 26233.6465213406845578 
	 9.4212299999999995 	 26233.6540812574603478 
	 9.4306249999999991 	 26233.6615072531130863 
	 9.4400200000000005 	 26233.6689445443553268 
	 9.4494150000000001 	 26233.6763410670973826 
	 9.4588099999999997 	 26233.6836530443906668 
	 9.4682049999999993 	 26233.6909652832946449 
	 9.4776000000000007 	 26233.6982022165648232 
	 9.4869950000000003 	 26233.7054394273400248 
	 9.4963899999999999 	 26233.7125951821617491 
	 9.5057849999999995 	 26233.7197372091322904 
	 9.5151799999999991 	 26233.7268520910001826 
	 9.5245749999999987 	 26233.7339299210725585 
	 9.5339700000000001 	 26233.7409817030384147 
	 9.5433650000000014 	 26233.7479549228846736 
	 9.5527600000000010 	 26233.7549311716102238 
	 9.5621550000000006 	 26233.7619162015544134 
	 9.5715500000000002 	 26233.7688435269119509 
	 9.5809449999999998 	 26233.7757573490234790 
	 9.5903399999999994 	 26233.7826231145954807 
	 9.5997349999999990 	 26233.7894790578284301 
	 9.6091299999999986 	 26233.7963256343828107 
	 9.6185250000000000 	 26233.8031880388371064 
	 9.6279200000000014 	 26233.8100283882813528 
	 9.6373150000000010 	 26233.8167942002437485 
	 9.6467100000000006 	 26233.8235205711498566 
	 9.6561050000000002 	 26233.8302731602343556 
	 9.6654999999999998 	 26233.8370583688702027 
	 9.6748949999999994 	 26233.8438052657911612 
	 9.6842899999999990 	 26233.8505193494529522 
	 9.6936850000000003 	 26233.8572454116037989 
	 9.7030800000000017 	 26233.8639534952199028 
	 9.7124750000000013 	 26233.8706321193130862 
	 9.7218700000000009 	 26233.8772713334219588 
	 9.7312650000000005 	 26233.8839196410226577 
	 9.7406600000000001 	 26233.8906592245257343 
	 9.7500549999999997 	 26233.8972500527015654 
	 9.7594499999999993 	 26233.9039763378095813 
	 9.7688449999999989 	 26233.9105680243119423 
	 9.7782400000000003 	 26233.9171898638378480 
	 9.7876350000000016 	 26233.9238678593974328 
	 9.7970300000000012 	 26233.9304760293161962 
	 9.8064250000000008 	 26233.9371244274407218 
	 9.8158200000000004 	 26233.9437935334390204 
	 9.8252150000000000 	 26233.9504056857476826 
	 9.8346099999999996 	 26233.9570343264895200 
	 9.8440050000000010 	 26233.9636329281966027 
	 9.8534000000000006 	 26233.9702390421407472 
	 9.8627950000000002 	 26233.9768858125789848 
	 9.8721899999999998 	 26233.9834901717258617 
	 9.8815850000000012 	 26233.9901915190494037 
	 9.8909800000000008 	 26233.9967579622025369 
	 9.9003750000000004 	 26234.0034388930471323 
	 9.9097700000000000 	 26234.0100279330144986 
	 9.9191649999999996 	 26234.0166653011874587 
	 9.9285600000000009 	 26234.0233109353830514 
	 9.9379550000000005 	 26234.0299420497613028 
	 9.9473500000000001 	 26234.0366329405442229 
	 9.9567449999999997 	 26234.0432581142158597 
	 9.9661400000000011 	 26234.0498826429902692 
	 9.9755350000000007 	 26234.0565647739422275 
	 9.9849300000000003 	 26234.0631878857820993 
	 9.9943250000000017 	 26234.0698497486773704 
	 10.0037200000000013 	 26234.0765487866992771 
	 10.0131150000000009 	 26234.0831881244957913 
	 10.0225099999999987 	 26234.0899027114392084 
	 10.0319049999999983 	 26234.0965895743065630 
	 10.0412999999999979 	 26234.1032249860763841 
	 10.0506950000000010 	 26234.1099726403663226 
	 10.0600900000000006 	 26234.1166585498285713 
	 10.0694850000000002 	 26234.1232981335197110 
	 10.0788799999999998 	 26234.1299945154787565 
	 10.0882749999999994 	 26234.1367492470453726 
	 10.0976699999999990 	 26234.1434383088453615 
	 10.1070649999999986 	 26234.1501599176954187 
	 10.1164600000000000 	 26234.1568429949256824 
	 10.1258549999999996 	 26234.1635746758765890 
	 10.1352499999999992 	 26234.1703165868202632 
	 10.1446450000000006 	 26234.1770408089832927 
	 10.1540400000000002 	 26234.1837587577101658 
	 10.1634349999999998 	 26234.1904809666375513 
	 10.1728299999999994 	 26234.1972329878335586 
	 10.1822249999999990 	 26234.2039598792434845 
	 10.1916199999999986 	 26234.2107428764829820 
	 10.2010149999999999 	 26234.2174383197816496 
	 10.2104099999999995 	 26234.2241354568286624 
	 10.2198049999999991 	 26234.2308528643407044 
	 10.2291999999999987 	 26234.2375878265374922 
	 10.2385950000000001 	 26234.2443376276496565 
	 10.2479899999999997 	 26234.2510995519078278 
	 10.2573849999999993 	 26234.2578708835389989 
	 10.2667800000000007 	 26234.2646489067665243 
	 10.2761750000000003 	 26234.2714309058210347 
	 10.2855699999999999 	 26234.2782141649440746 
	 10.2949649999999995 	 26234.2849959683444467 
	 10.3043599999999991 	 26234.2917736494928249 
	 10.3137550000000005 	 26234.2985458903567633 
	 10.3231500000000000 	 26234.3053128540195758 
	 10.3325449999999996 	 26234.3120747793473129 
	 10.3419399999999992 	 26234.3188319052242150 
	 10.3513350000000006 	 26234.3255844704945048 
	 10.3607300000000002 	 26234.3323327140496986 
	 10.3701249999999998 	 26234.3390768747631228 
	 10.3795199999999994 	 26234.3458171914899140 
	 10.3889149999999990 	 26234.3525539031143126 
	 10.3983099999999986 	 26234.3592872485060070 
	 10.4077050000000000 	 26234.3660173972675693 
	 10.4171000000000014 	 26234.3727440389993717 
	 10.4264950000000010 	 26234.3794666599496850 
	 10.4358900000000006 	 26234.3861847456828400 
	 10.4452850000000002 	 26234.3928977817340638 
	 10.4546799999999998 	 26234.3996052536458592 
	 10.4640749999999993 	 26234.4063066469716432 
	 10.4734699999999989 	 26234.4130014472430048 
	 10.4828649999999985 	 26234.4196891400097229 
	 10.4922599999999981 	 26234.4263692108070245 
	 10.5016550000000013 	 26234.4330411453265697 
	 10.5110500000000009 	 26234.4397044692159398 
	 10.5204450000000005 	 26234.4463588035105204 
	 10.5298400000000001 	 26234.4530037831755180 
	 10.5392349999999997 	 26234.4596390431615873 
	 10.5486299999999993 	 26234.4662642184375727 
	 10.5580249999999989 	 26234.4728789439614047 
	 10.5674200000000003 	 26234.4794828546946519 
	 10.5768149999999999 	 26234.4860755855988828 
	 10.5862100000000012 	 26234.4926567716320278 
	 10.5956050000000008 	 26234.4992260477520176 
	 10.6050000000000004 	 26234.5057830480291159 
	 10.6143949999999982 	 26234.5123273888057156 
	 10.6237899999999996 	 26234.5188586701297027 
	 10.6331849999999992 	 26234.5253764914268686 
	 10.6425799999999988 	 26234.5318804521302809 
	 10.6519749999999984 	 26234.5383701516802830 
	 10.6613699999999998 	 26234.5448451895099424 
	 10.6707649999999994 	 26234.5513051650596026 
	 10.6801600000000008 	 26234.5577496777586930 
	 10.6895550000000004 	 26234.5641783270439191 
	 10.6989500000000000 	 26234.5705907123556244 
	 10.7083449999999996 	 26234.5769864293615683 
	 10.7177400000000009 	 26234.5833650527092686 
	 10.7271349999999988 	 26234.5897261496756983 
	 10.7365300000000001 	 26234.5960692875705718 
	 10.7459249999999980 	 26234.6023940336599480 
	 10.7553199999999993 	 26234.6086999552499037 
	 10.7647149999999989 	 26234.6149866196283256 
	 10.7741100000000003 	 26234.6212535940831003 
	 10.7835049999999999 	 26234.6275004459057527 
	 10.7928999999999995 	 26234.6337267423805315 
	 10.8022949999999991 	 26234.6399320511263795 
	 10.8116900000000005 	 26234.6461159825703362 
	 10.8210849999999983 	 26234.6522782315114455 
	 10.8304799999999997 	 26234.6584185026695195 
	 10.8398749999999993 	 26234.6645365007498185 
	 10.8492700000000006 	 26234.6706319304430508 
	 10.8586650000000002 	 26234.6767044964690285 
	 10.8680600000000016 	 26234.6827539035366499 
	 10.8774549999999994 	 26234.6887798563402612 
	 10.8868500000000008 	 26234.6947820595923986 
	 10.8962449999999986 	 26234.7007602179946844 
	 10.9056400000000000 	 26234.7067140331237169 
	 10.9150349999999978 	 26234.7126431597498595 
	 10.9244299999999992 	 26234.7185472166602267 
	 10.9338249999999988 	 26234.7244258216960588 
	 10.9432200000000002 	 26234.7302785927240620 
	 10.9526149999999998 	 26234.7361051475745626 
	 10.9620100000000011 	 26234.7419051041288185 
	 10.9714049999999990 	 26234.7476780802171561 
	 10.9808000000000003 	 26234.7534236937026435 
	 10.9901949999999999 	 26234.7591415624337969 
	 10.9995899999999995 	 26234.7648313042773225 
	 11.0089849999999991 	 26234.7704925402795197 
	 11.0183800000000005 	 26234.7761249061732087 
	 11.0277750000000001 	 26234.7817280418239534 
	 11.0371700000000015 	 26234.7873015871446114 
	 11.0465649999999993 	 26234.7928451820189366 
	 11.0559600000000007 	 26234.7983584663270449 
	 11.0653549999999985 	 26234.8038410799636040 
	 11.0747499999999999 	 26234.8092926628196437 
	 11.0841449999999995 	 26234.8147128547934699 
	 11.0935399999999991 	 26234.8201012957506464 
	 11.1029349999999987 	 26234.8254576269428071 
	 11.1123300000000000 	 26234.8307815836487862 
	 11.1217249999999996 	 26234.8360730553358735 
	 11.1311200000000010 	 26234.8413319457904436 
	 11.1405150000000006 	 26234.8465581587734050 
	 11.1499100000000002 	 26234.8517515980565804 
	 11.1593049999999998 	 26234.8569121674227063 
	 11.1687000000000012 	 26234.8620397706399672 
	 11.1780949999999990 	 26234.8671343114765477 
	 11.1874900000000004 	 26234.8721956937297364 
	 11.1968849999999982 	 26234.8772238211422518 
	 11.2062799999999996 	 26234.8822185906283266 
	 11.2156749999999992 	 26234.8871798196450982 
	 11.2250700000000005 	 26234.8921072746634309 
	 11.2344650000000001 	 26234.8970007212919882 
	 11.2438599999999997 	 26234.9018599251612613 
	 11.2532549999999993 	 26234.9066846519090177 
	 11.2626500000000007 	 26234.9114746671330067 
	 11.2720449999999985 	 26234.9162297364637197 
	 11.2814399999999999 	 26234.9209496255498379 
	 11.2908350000000013 	 26234.9256340999672830 
	 11.3002300000000009 	 26234.9302829253720120 
	 11.3096250000000005 	 26234.9348959085073147 
	 11.3190200000000019 	 26234.9394730089952645 
	 11.3284149999999997 	 26234.9440142219282279 
	 11.3378100000000011 	 26234.9485195424640551 
	 11.3472049999999989 	 26234.9529889657023887 
	 11.3566000000000003 	 26234.9574224867574230 
	 11.3659949999999981 	 26234.9618201007688185 
	 11.3753899999999994 	 26234.9661818028434936 
	 11.3847850000000008 	 26234.9705075881211087 
	 11.3941800000000004 	 26234.9747974517085822 
	 11.4035750000000000 	 26234.9790513855077734 
	 11.4129700000000014 	 26234.9832692406234855 
	 11.4223649999999992 	 26234.9874506756787014 
	 11.4317600000000006 	 26234.9915953353483928 
	 11.4411550000000002 	 26234.9957028643329977 
	 11.4505499999999998 	 26234.9997729073511437 
	 11.4599449999999994 	 26235.0038051090959925 
	 11.4693400000000025 	 26235.0077991142861720 
	 11.4787350000000004 	 26235.0117545676002919 
	 11.4881300000000017 	 26235.0156711137606180 
	 11.4975249999999996 	 26235.0195483974748640 
	 11.5069200000000009 	 26235.0233861053966393 
	 11.5163149999999987 	 26235.0271843064401764 
	 11.5257100000000001 	 26235.0309432736285089 
	 11.5351049999999997 	 26235.0346632819455408 
	 11.5444999999999993 	 26235.0383446063751762 
	 11.5538950000000007 	 26235.0419875218649395 
	 11.5632900000000021 	 26235.0455923034169246 
	 11.5726849999999999 	 26235.0491592259859317 
	 11.5820800000000013 	 26235.0526885645449511 
	 11.5914750000000009 	 26235.0561805940742488 
	 11.6008700000000005 	 26235.0596355894958833 
	 11.6102650000000001 	 26235.0630537348552025 
	 11.6196600000000014 	 26235.0664349383660010 
	 11.6290549999999993 	 26235.0697790560589056 
	 11.6384500000000006 	 26235.0730859439536289 
	 11.6478450000000002 	 26235.0763554580771597 
	 11.6572400000000016 	 26235.0795874544710387 
	 11.6666349999999994 	 26235.0827817891549785 
	 11.6760300000000008 	 26235.0859383181668818 
	 11.6854250000000004 	 26235.0890568975300994 
	 11.6948200000000000 	 26235.0921373832788959 
	 11.7042149999999996 	 26235.0951796362896857 
	 11.7136100000000010 	 26235.0981836614919303 
	 11.7230049999999988 	 26235.1011496284772875 
	 11.7324000000000002 	 26235.1040777158959827 
	 11.7417950000000015 	 26235.1069681023436715 
	 11.7511900000000011 	 26235.1098209664742171 
	 11.7605850000000007 	 26235.1126364868832752 
	 11.7699800000000021 	 26235.1154148422137951 
	 11.7793749999999999 	 26235.1181562110868981 
	 11.7887699999999978 	 26235.1208607721127919 
	 11.7981649999999991 	 26235.1235287039380637 
	 11.8075599999999987 	 26235.1261601762525970 
	 11.8169549999999983 	 26235.1287552938229055 
	 11.8263499999999997 	 26235.1313141326754703 
	 11.8357450000000011 	 26235.1338367687167192 
	 11.8451399999999989 	 26235.1363232778749079 
	 11.8545350000000003 	 26235.1387737360237224 
	 11.8639299999999999 	 26235.1411882191096083 
	 11.8733249999999995 	 26235.1435668030098896 
	 11.8827199999999991 	 26235.1459095636382699 
	 11.8921150000000004 	 26235.1482165769084531 
	 11.9015099999999983 	 26235.1504879187632469 
	 11.9109049999999996 	 26235.1527236817491939 
	 11.9202999999999992 	 26235.1549239997366385 
	 11.9296950000000006 	 26235.1570890129551117 
	 11.9390899999999984 	 26235.1592188616377825 
	 11.9484849999999998 	 26235.1613136859814404 
	 11.9578799999999994 	 26235.1633736262374441 
	 11.9672749999999990 	 26235.1653988226025831 
	 11.9766699999999986 	 26235.1673894153063884 
	 11.9860650000000000 	 26235.1693455445711152 
	 11.9954599999999978 	 26235.1712673506190185 
	 12.0048550000000009 	 26235.1731549746727978 
	 12.0142500000000005 	 26235.1750085790263256 
	 12.0236450000000001 	 26235.1768283462006366 
	 12.0330399999999997 	 26235.1786144595134829 
	 12.0424350000000011 	 26235.1803671022898925 
	 12.0518299999999989 	 26235.1820864578585315 
	 12.0612250000000003 	 26235.1837727095116861 
	 12.0706199999999981 	 26235.1854260405962123 
	 12.0800149999999995 	 26235.1870466344189481 
	 12.0894099999999991 	 26235.1886346743158356 
	 12.0988050000000005 	 26235.1901903435900749 
	 12.1082000000000001 	 26235.1917138230564888 
	 12.1175949999999997 	 26235.1932052787524299 
	 12.1269899999999993 	 26235.1946648713128525 
	 12.1363850000000006 	 26235.1960927613763488 
	 12.1457799999999985 	 26235.1974891096069769 
	 12.1551749999999998 	 26235.1988540766069491 
	 12.1645699999999994 	 26235.2001878230366856 
	 12.1739649999999990 	 26235.2014905095420545 
	 12.1833600000000004 	 26235.2027622967361822 
	 12.1927550000000018 	 26235.2040033452904026 
	 12.2021499999999996 	 26235.2052138162434858 
	 12.2115450000000010 	 26235.2063939349973225 
	 12.2209399999999988 	 26235.2075440593507665 
	 12.2303350000000002 	 26235.2086645634444722 
	 12.2397299999999980 	 26235.2097558213972661 
	 12.2491249999999994 	 26235.2108182073425269 
	 12.2585199999999990 	 26235.2118520954099949 
	 12.2679150000000003 	 26235.2128578597221349 
	 12.2773099999999999 	 26235.2138358744123252 
	 12.2867050000000013 	 26235.2147865135993925 
	 12.2960999999999991 	 26235.2157101514276292 
	 12.3054950000000005 	 26235.2166071538158576 
	 12.3148900000000001 	 26235.2174777564723627 
	 12.3242849999999997 	 26235.2183220907827490 
	 12.3336799999999993 	 26235.2191402851894964 
	 12.3430750000000007 	 26235.2199324681459984 
	 12.3524700000000003 	 26235.2206987681202008 
	 12.3618650000000017 	 26235.2214393135436694 
	 12.3712599999999995 	 26235.2221542328807118 
	 12.3806550000000009 	 26235.2228436545774457 
	 12.3900499999999987 	 26235.2235077070872649 
	 12.3994450000000001 	 26235.2241465188744769 
	 12.4088399999999996 	 26235.2247602406750957 
	 12.4182349999999992 	 26235.2253491298179142 
	 12.4276299999999988 	 26235.2259134753876424 
	 12.4370250000000002 	 26235.2264535664980940 
	 12.4464199999999998 	 26235.2269696922448929 
	 12.4558150000000012 	 26235.2274621417163871 
	 12.4652100000000008 	 26235.2279312040373043 
	 12.4746050000000004 	 26235.2283771682887163 
	 12.4840000000000000 	 26235.2288003235880751 
	 12.4933950000000014 	 26235.2292009590164525 
	 12.5027899999999992 	 26235.2295793636403687 
	 12.5121850000000006 	 26235.2299358210257196 
	 12.5215799999999984 	 26235.2302706055488670 
	 12.5309750000000015 	 26235.2305839906293841 
	 12.5403699999999994 	 26235.2308762497050338 
	 12.5497650000000007 	 26235.2311476561990276 
	 12.5591600000000003 	 26235.2313984835564042 
	 12.5685549999999999 	 26235.2316290052076511 
	 12.5779499999999995 	 26235.2318394945832551 
	 12.5873450000000009 	 26235.2320302251173416 
	 12.5967399999999987 	 26235.2322014702513115 
	 12.6061350000000001 	 26235.2323535017603717 
	 12.6155299999999997 	 26235.2324865712798783 
	 12.6249250000000011 	 26235.2326009169628378 
	 12.6343200000000007 	 26235.2326967767148744 
	 12.6437150000000020 	 26235.2327743884379743 
	 12.6531099999999999 	 26235.2328339900377614 
	 12.6625050000000012 	 26235.2328758194162219 
	 12.6718999999999991 	 26235.2329001144789800 
	 12.6812950000000004 	 26235.2329071131280216 
	 12.6906899999999982 	 26235.2328970532616950 
	 12.7000849999999996 	 26235.2328701728038141 
	 12.7094800000000010 	 26235.2328267221782880 
	 12.7188750000000006 	 26235.2327670006598055 
	 12.7282700000000002 	 26235.2326913193937798 
	 12.7376650000000016 	 26235.2325999895292625 
	 12.7470599999999994 	 26235.2324933222007530 
	 12.7564550000000008 	 26235.2323716285609407 
	 12.7658500000000004 	 26235.2322352197588771 
	 12.7752450000000000 	 26235.2320844069363375 
	 12.7846399999999996 	 26235.2319195012278215 
	 12.7940350000000009 	 26235.2317408137969323 
	 12.8034300000000005 	 26235.2315486550396599 
	 12.8128250000000019 	 26235.2313433002127567 
	 12.8222199999999997 	 26235.2311249744670931 
	 12.8316150000000011 	 26235.2308938990863680 
	 12.8410099999999989 	 26235.2306502953906602 
	 12.8504050000000003 	 26235.2303943846854963 
	 12.8597999999999999 	 26235.2301263882764033 
	 12.8691949999999995 	 26235.2298465274798218 
	 12.8785899999999991 	 26235.2295550235940027 
	 12.8879850000000022 	 26235.2292520979317487 
	 12.8973800000000001 	 26235.2289379718022246 
	 12.9067750000000014 	 26235.2286128689338511 
	 12.9161700000000010 	 26235.2282770363417512 
	 12.9255650000000006 	 26235.2279307339886145 
	 12.9349600000000002 	 26235.2275742220008397 
	 12.9443550000000016 	 26235.2272077605011873 
	 12.9537499999999994 	 26235.2268316096015042 
	 12.9631449999999973 	 26235.2264460294172750 
	 12.9725400000000004 	 26235.2260512800603465 
	 12.9819350000000000 	 26235.2256476216571173 
	 12.9913299999999996 	 26235.2252353143121582 
	 13.0007249999999992 	 26235.2248146181664197 
	 13.0101200000000006 	 26235.2243857920475421 
	 13.0195149999999984 	 26235.2239490908214066 
	 13.0289099999999998 	 26235.2235047685535392 
	 13.0383049999999994 	 26235.2230530792912759 
	 13.0476999999999990 	 26235.2225942770928668 
	 13.0570950000000003 	 26235.2221286160165619 
	 13.0664900000000017 	 26235.2216563501315250 
	 13.0758849999999995 	 26235.2211777334887302 
	 13.0852800000000009 	 26235.2206930201537034 
	 13.0946749999999987 	 26235.2202024641774187 
	 13.1040700000000001 	 26235.2197063192325004 
	 13.1134649999999979 	 26235.2192048263859760 
	 13.1228599999999993 	 26235.2186982117273146 
	 13.1322549999999989 	 26235.2181867004692322 
	 13.1416499999999985 	 26235.2176705177953409 
	 13.1510449999999999 	 26235.2171498889329087 
	 13.1604400000000012 	 26235.2166250390800997 
	 13.1698349999999991 	 26235.2160961934496299 
	 13.1792300000000004 	 26235.2155635772360256 
	 13.1886250000000000 	 26235.2150274156556407 
	 13.1980199999999996 	 26235.2144879339066392 
	 13.2074149999999992 	 26235.2139453464660619 
	 13.2168100000000006 	 26235.2133997856399219 
	 13.2262049999999984 	 26235.2128513457828376 
	 13.2356000000000016 	 26235.2123001210711664 
	 13.2449949999999994 	 26235.2117462056448858 
	 13.2543900000000008 	 26235.2111896936803532 
	 13.2637849999999986 	 26235.2106306793284602 
	 13.2731800000000000 	 26235.2100692567510123 
	 13.2825749999999996 	 26235.2095055200952629 
	 13.2919699999999992 	 26235.2089395635412075 
	 13.3013649999999988 	 26235.2083714814107225 
	 13.3107600000000001 	 26235.2078014558683208 
	 13.3201549999999980 	 26235.2072298979473999 
	 13.3295500000000011 	 26235.2066572554540471 
	 13.3389450000000007 	 26235.2060839762125397 
	 13.3483400000000003 	 26235.2055105080507929 
	 13.3577349999999999 	 26235.2049372987785318 
	 13.3671300000000013 	 26235.2043647962236719 
	 13.3765249999999991 	 26235.2037934482104902 
	 13.3859200000000005 	 26235.2032237025414361 
	 13.3953149999999983 	 26235.2026560070589767 
	 13.4047099999999997 	 26235.2020907953592541 
	 13.4141049999999993 	 26235.2015281762141967 
	 13.4235000000000007 	 26235.2009679346447228 
	 13.4328950000000003 	 26235.2004098417237401 
	 13.4422899999999998 	 26235.1998536684841383 
	 13.4516849999999994 	 26235.1992991859879112 
	 13.4610800000000008 	 26235.1987461652861384 
	 13.4704749999999986 	 26235.1981943774226238 
	 13.4798700000000000 	 26235.1976435934666370 
	 13.4892649999999996 	 26235.1970935844510677 
	 13.4986599999999992 	 26235.1965441214342718 
	 13.5080550000000006 	 26235.1959950596938143 
	 13.5174500000000020 	 26235.1954467739014945 
	 13.5268449999999998 	 26235.1948998365587613 
	 13.5362400000000012 	 26235.1943548205308616 
	 13.5456349999999990 	 26235.1938122986866802 
	 13.5550300000000004 	 26235.1932728439242055 
	 13.5644249999999982 	 26235.1927370290977706 
	 13.5738199999999996 	 26235.1922054271017259 
	 13.5832149999999992 	 26235.1916786108049564 
	 13.5926100000000005 	 26235.1911571530727088 
	 13.6020050000000001 	 26235.1906416256897501 
	 13.6114000000000015 	 26235.1901324011123506 
	 13.6207949999999993 	 26235.1896294235084497 
	 13.6301900000000007 	 26235.1891325815231539 
	 13.6395850000000003 	 26235.1886417638415878 
	 13.6489799999999999 	 26235.1881568590979441 
	 13.6583749999999995 	 26235.1876777559882612 
	 13.6677700000000009 	 26235.1872043431321799 
	 13.6771649999999987 	 26235.1867365092039108 
	 13.6865600000000018 	 26235.1862741428885784 
	 13.6959549999999997 	 26235.1858171328167373 
	 13.7053500000000010 	 26235.1853653722755553 
	 13.7147449999999989 	 26235.1849188326814328 
	 13.7241400000000002 	 26235.1844775506324368 
	 13.7335349999999998 	 26235.1840415647129703 
	 13.7429299999999994 	 26235.1836109135147126 
	 13.7523249999999990 	 26235.1831856356293429 
	 13.7617200000000004 	 26235.1827657696412643 
	 13.7711150000000000 	 26235.1823513541494322 
	 13.7805100000000014 	 26235.1819424277346116 
	 13.7899050000000010 	 26235.1815390289884817 
	 13.7993000000000006 	 26235.1811411965063598 
	 13.8086950000000002 	 26235.1807490080209391 
	 13.8180900000000015 	 26235.1803627372100891 
	 13.8274849999999994 	 26235.1799827189352072 
	 13.8368800000000007 	 26235.1796092880940705 
	 13.8462749999999986 	 26235.1792427795626281 
	 13.8556699999999999 	 26235.1788835282313812 
	 13.8650649999999995 	 26235.1785318689799169 
	 13.8744600000000009 	 26235.1781881367023743 
	 13.8838550000000005 	 26235.1778526662747026 
	 13.8932500000000001 	 26235.1775257925801270 
	 13.9026449999999997 	 26235.1772078484100348 
	 13.9120400000000011 	 26235.1768989766205777 
	 13.9214349999999989 	 26235.1765989816485671 
	 13.9308300000000003 	 26235.1763076329698379 
	 13.9402249999999999 	 26235.1760247000638628 
	 13.9496200000000012 	 26235.1757499524283048 
	 13.9590150000000008 	 26235.1754831595426367 
	 13.9684100000000022 	 26235.1752240908790554 
	 13.9778050000000000 	 26235.1749725159352238 
	 13.9872000000000014 	 26235.1747282041906146 
	 13.9965949999999992 	 26235.1744909251247009 
	 14.0059900000000006 	 26235.1742604703358666 
	 14.0153849999999984 	 26235.1740369176513923 
	 14.0247799999999998 	 26235.1738205443980405 
	 14.0341750000000012 	 26235.1736116320025758 
	 14.0435700000000008 	 26235.1734104618699348 
	 14.0529650000000004 	 26235.1732173153977783 
	 14.0623600000000017 	 26235.1730324740055948 
	 14.0717549999999996 	 26235.1728562190946832 
	 14.0811500000000009 	 26235.1726888320663420 
	 14.0905450000000005 	 26235.1725305943473359 
	 14.0999400000000001 	 26235.1723817873244116 
	 14.1093349999999997 	 26235.1722426268206618 
	 14.1187300000000011 	 26235.1721130611731496 
	 14.1281250000000007 	 26235.1719929705650429 
	 14.1375199999999985 	 26235.1718822351867857 
	 14.1469149999999999 	 26235.1717807352251839 
	 14.1563099999999995 	 26235.1716883508597675 
	 14.1657049999999991 	 26235.1716049622773426 
	 14.1750999999999987 	 26235.1715304496610770 
	 14.1844950000000001 	 26235.1714646932014148 
	 14.1938899999999979 	 26235.1714075730706099 
	 14.2032849999999993 	 26235.1713589713945112 
	 14.2126800000000006 	 26235.1713188735520816 
	 14.2220750000000002 	 26235.1712874181794177 
	 14.2314699999999998 	 26235.1712647563144856 
	 14.2408650000000012 	 26235.1712510390170792 
	 14.2502599999999990 	 26235.1712464173360786 
	 14.2596550000000004 	 26235.1712510423094500 
	 14.2690499999999982 	 26235.1712650650006253 
	 14.2784449999999996 	 26235.1712886364512087 
	 14.2878399999999974 	 26235.1713219077137182 
	 14.2972350000000006 	 26235.1713650298297580 
	 14.3066300000000002 	 26235.1714181328206905 
	 14.3160249999999998 	 26235.1714811337587889 
	 14.3254199999999994 	 26235.1715538260068570 
	 14.3348150000000008 	 26235.1716360014106613 
	 14.3442099999999986 	 26235.1717274518268823 
	 14.3536049999999999 	 26235.1718279690794589 
	 14.3629999999999995 	 26235.1719373450287094 
	 14.3723949999999991 	 26235.1720553715167625 
	 14.3817899999999987 	 26235.1721818403821089 
	 14.3911850000000019 	 26235.1723165434668772 
	 14.4005799999999997 	 26235.1724592726532137 
	 14.4099750000000011 	 26235.1726099078441621 
	 14.4193699999999989 	 26235.1727686218728195 
	 14.4287650000000003 	 26235.1729356483920128 
	 14.4381599999999981 	 26235.1731112210654828 
	 14.4475549999999995 	 26235.1732955735242285 
	 14.4569499999999991 	 26235.1734889394319907 
	 14.4663449999999987 	 26235.1736915524415963 
	 14.4757400000000001 	 26235.1739036462022341 
	 14.4851350000000014 	 26235.1741254543594550 
	 14.4945299999999992 	 26235.1743572105769999 
	 14.5039250000000006 	 26235.1745991440511716 
	 14.5133200000000002 	 26235.1748513280326733 
	 14.5227149999999998 	 26235.1751136423918069 
	 14.5321099999999994 	 26235.1753859549935441 
	 14.5415050000000008 	 26235.1756681336701149 
	 14.5508999999999986 	 26235.1759600462901290 
	 14.5602950000000000 	 26235.1762615606894542 
	 14.5696899999999996 	 26235.1765725447330624 
	 14.5790850000000010 	 26235.1768928662531835 
	 14.5884799999999988 	 26235.1772223931220651 
	 14.5978750000000002 	 26235.1775609931755753 
	 14.6072699999999998 	 26235.1779085342641338 
	 14.6166649999999994 	 26235.1782648842345225 
	 14.6260599999999990 	 26235.1786299109517131 
	 14.6354550000000003 	 26235.1790034822588495 
	 14.6448499999999981 	 26235.1793854660027137 
	 14.6542450000000013 	 26235.1797757300337253 
	 14.6636400000000009 	 26235.1801741422095802 
	 14.6730350000000005 	 26235.1805805703661463 
	 14.6824300000000001 	 26235.1809948823720333 
	 14.6918250000000015 	 26235.1814169460631092 
	 14.7012199999999993 	 26235.1818466293989331 
	 14.7106150000000007 	 26235.1822838640000555 
	 14.7200099999999985 	 26235.1827287550077017 
	 14.7294049999999999 	 26235.1831814368088089 
	 14.7387999999999995 	 26235.1836420438012283 
	 14.7481950000000008 	 26235.1841107103864488 
	 14.7575900000000004 	 26235.1845875709514075 
	 14.7669850000000000 	 26235.1850727598939557 
	 14.7763799999999996 	 26235.1855664116264961 
	 14.7857750000000010 	 26235.1860686605250521 
	 14.7951699999999988 	 26235.1865796409947507 
	 14.8045650000000002 	 26235.1870994815362792 
	 14.8139599999999998 	 26235.1876281656514038 
	 14.8233549999999994 	 26235.1881655264114670 
	 14.8327500000000008 	 26235.1887113899065298 
	 14.8421450000000021 	 26235.1892655822266534 
	 14.8515400000000000 	 26235.1898279294473468 
	 14.8609350000000013 	 26235.1903982576804992 
	 14.8703299999999992 	 26235.1909763930016197 
	 14.8797250000000005 	 26235.1915621614934935 
	 14.8891199999999984 	 26235.1921553892570955 
	 14.8985149999999997 	 26235.1927559023824870 
	 14.9079099999999993 	 26235.1933635527238948 
	 14.9173049999999989 	 26235.1939783589841682 
	 14.9267000000000003 	 26235.1946004062592692 
	 14.9360950000000017 	 26235.1952297798161453 
	 14.9454899999999995 	 26235.1958665649326576 
	 14.9548850000000009 	 26235.1965108468721155 
	 14.9642800000000005 	 26235.1971627109123801 
	 14.9736750000000001 	 26235.1978222423058469 
	 14.9830699999999997 	 26235.1984895263340150 
	 14.9924650000000010 	 26235.1991646482638316 
	 15.0018600000000006 	 26235.1998476927838055 
	 15.0112550000000020 	 26235.2005386187920521 
	 15.0206499999999998 	 26235.2012371028868074 
	 15.0300450000000012 	 26235.2019427832528891 
	 15.0394399999999990 	 26235.2026552980642009 
	 15.0488350000000004 	 26235.2033742854800948 
	 15.0582300000000000 	 26235.2040993836671987 
	 15.0676249999999996 	 26235.2048302308176062 
	 15.0770199999999992 	 26235.2055664650797553 
	 15.0864150000000006 	 26235.2063077246348257 
	 15.0958100000000002 	 26235.2070536476639973 
	 15.1052050000000015 	 26235.2078038941690465 
	 15.1146000000000011 	 26235.2085585189124686 
	 15.1239950000000007 	 26235.2093179194598633 
	 15.1333900000000003 	 26235.2100825048000843 
	 15.1427850000000017 	 26235.2108526838965190 
	 15.1521799999999995 	 26235.2116288657307450 
	 15.1615750000000009 	 26235.2124114592479600 
	 15.1709699999999987 	 26235.2132008734370174 
	 15.1803650000000001 	 26235.2139975172685809 
	 15.1897599999999997 	 26235.2148017997133138 
	 15.1991550000000011 	 26235.2156141297382419 
	 15.2085500000000007 	 26235.2164347992620606 
	 15.2179450000000003 	 26235.2172634861926781 
	 15.2273399999999999 	 26235.2180996677961957 
	 15.2367350000000012 	 26235.2189428212404891 
	 15.2461299999999991 	 26235.2197924236679683 
	 15.2555250000000004 	 26235.2206479522646987 
	 15.2649200000000000 	 26235.2215088841549004 
	 15.2743150000000014 	 26235.2223746965137252 
	 15.2837100000000010 	 26235.2232448664981348 
	 15.2931050000000024 	 26235.2241188712723670 
	 15.3025000000000002 	 26235.2249961905399687 
	 15.3118949999999980 	 26235.2258765706064878 
	 15.3212899999999994 	 26235.2267602530919248 
	 15.3306849999999990 	 26235.2276475335565920 
	 15.3400799999999986 	 26235.2285387075498875 
	 15.3494749999999982 	 26235.2294340706212097 
	 15.3588699999999996 	 26235.2303339183272328 
	 15.3682649999999992 	 26235.2312385462246311 
	 15.3776600000000006 	 26235.2321482498518890 
	 15.3870550000000001 	 26235.2330633247656806 
	 15.3964499999999997 	 26235.2339840665299562 
	 15.4058449999999993 	 26235.2349107499649108 
	 15.4152400000000007 	 26235.2358433654881082 
	 15.4246349999999985 	 26235.2367816969963314 
	 15.4340299999999999 	 26235.2377255237224745 
	 15.4434249999999977 	 26235.2386746249394491 
	 15.4528200000000009 	 26235.2396287798728736 
	 15.4622149999999987 	 26235.2405877677774697 
	 15.4716100000000001 	 26235.2415513679079595 
	 15.4810049999999997 	 26235.2425193595045130 
	 15.4903999999999993 	 26235.2434915218182141 
	 15.4997949999999989 	 26235.2444676340965088 
	 15.5091900000000003 	 26235.2454474755722913 
	 15.5185849999999981 	 26235.2464308255221113 
	 15.5279799999999994 	 26235.2474174631788628 
	 15.5373750000000008 	 26235.2484071677827160 
	 15.5467700000000004 	 26235.2493997185956687 
	 15.5561650000000000 	 26235.2503948948578909 
	 15.5655600000000014 	 26235.2513924758168287 
	 15.5749549999999992 	 26235.2523922407235659 
	 15.5843500000000006 	 26235.2533939688219107 
	 15.5937449999999984 	 26235.2543974393593089 
	 15.6031399999999998 	 26235.2554024350465625 
	 15.6125349999999976 	 26235.2564089444349520 
	 15.6219299999999990 	 26235.2574172744170937 
	 15.6313250000000004 	 26235.2584277591886348 
	 15.6407200000000000 	 26235.2594407329197566 
	 15.6501149999999996 	 26235.2604565298097441 
	 15.6595100000000009 	 26235.2614754840469686 
	 15.6689049999999988 	 26235.2624979298016115 
	 15.6783000000000001 	 26235.2635242012838717 
	 15.6876949999999997 	 26235.2645546326566546 
	 15.6970899999999993 	 26235.2655895581228833 
	 15.7064849999999989 	 26235.2666292735048046 
	 15.7158800000000021 	 26235.2676736648099904 
	 15.7252749999999999 	 26235.2687223698485468 
	 15.7346700000000013 	 26235.2697750229635858 
	 15.7440649999999991 	 26235.2708312585018575 
	 15.7534600000000005 	 26235.2718907108101121 
	 15.7628549999999983 	 26235.2729530142387375 
	 15.7722499999999997 	 26235.2740178031308460 
	 15.7816449999999993 	 26235.2750847118077218 
	 15.7910399999999989 	 26235.2761533746524947 
	 15.8004350000000002 	 26235.2772234259937250 
	 15.8098300000000016 	 26235.2782945998660580 
	 15.8192249999999994 	 26235.2793669773709553 
	 15.8286200000000008 	 26235.2804407151161286 
	 15.8380150000000004 	 26235.2815159697165655 
	 15.8474100000000000 	 26235.2825928977836156 
	 15.8568049999999996 	 26235.2836716559249908 
	 15.8662000000000010 	 26235.2847524007484026 
	 15.8755949999999988 	 26235.2858352888615627 
	 15.8849900000000002 	 26235.2869204768940108 
	 15.8943849999999998 	 26235.2880081214352685 
	 15.9037800000000011 	 26235.2890983731376764 
	 15.9131749999999990 	 26235.2901911539374851 
	 15.9225700000000003 	 26235.2912860905162233 
	 15.9319649999999999 	 26235.2923827899940079 
	 15.9413599999999995 	 26235.2934808594764036 
	 15.9507549999999991 	 26235.2945799061199068 
	 15.9601500000000005 	 26235.2956795370118925 
	 15.9695449999999983 	 26235.2967793592906673 
	 15.9789400000000015 	 26235.2978789800690720 
	 15.9883350000000011 	 26235.2989780064708611 
	 15.9977300000000007 	 26235.3000760456197895 
	 16.0071249999999985 	 26235.3011727605662600 
	 16.0165199999999999 	 26235.3022682877126499 
	 16.0259150000000012 	 26235.3033630016943789 
	 16.0353100000000026 	 26235.3044572789076483 
	 16.0447050000000004 	 26235.3055514957668493 
	 16.0541000000000018 	 26235.3066460286972870 
	 16.0634949999999996 	 26235.3077412541060767 
	 16.0728900000000010 	 26235.3088375484003336 
	 16.0822849999999988 	 26235.3099352880053630 
	 16.0916800000000002 	 26235.3110348493355559 
	 16.1010749999999980 	 26235.3121366086234048 
	 16.1104699999999994 	 26235.3132407760749629 
	 16.1198650000000008 	 26235.3143470889554010 
	 16.1292600000000022 	 26235.3154552008381870 
	 16.1386550000000000 	 26235.3165647653077031 
	 16.1480500000000013 	 26235.3176754359410552 
	 16.1574449999999992 	 26235.3187868663080735 
	 16.1668400000000005 	 26235.3198987100113300 
	 16.1762349999999984 	 26235.3210106206133787 
	 16.1856299999999997 	 26235.3221222517022397 
	 16.1950249999999976 	 26235.3232332568586571 
	 16.2044200000000025 	 26235.3243432972158189 
	 16.2138150000000003 	 26235.3254522344650468 
	 16.2232100000000017 	 26235.3265601469174726 
	 16.2326049999999995 	 26235.3276671236671973 
	 16.2420000000000009 	 26235.3287732537864940 
	 16.2513949999999987 	 26235.3298786263658258 
	 16.2607900000000001 	 26235.3309833305065695 
	 16.2701850000000015 	 26235.3320874552737223 
	 16.2795799999999993 	 26235.3331910897686612 
	 16.2889750000000006 	 26235.3342943230854871 
	 16.2983700000000020 	 26235.3353972442819213 
	 16.3077649999999998 	 26235.3364999259392789 
	 16.3171600000000012 	 26235.3376023282653478 
	 16.3265549999999990 	 26235.3387043647671817 
	 16.3359500000000004 	 26235.3398059487881255 
	 16.3453449999999982 	 26235.3409069936860760 
	 16.3547399999999996 	 26235.3420074128007400 
	 16.3641349999999974 	 26235.3431071194863762 
	 16.3735299999999988 	 26235.3442060271008813 
	 16.3829250000000002 	 26235.3453040489839623 
	 16.3923200000000016 	 26235.3464010984716879 
	 16.4017150000000029 	 26235.3474970890820259 
	 16.4111100000000008 	 26235.3485919720296806 
	 16.4205050000000021 	 26235.3496857869467931 
	 16.4299000000000035 	 26235.3507785861511366 
	 16.4392950000000013 	 26235.3518704219422943 
	 16.4486900000000027 	 26235.3529613466162118 
	 16.4580850000000005 	 26235.3540514124833862 
	 16.4674800000000019 	 26235.3551406718288490 
	 16.4768749999999997 	 26235.3562291769594594 
	 16.4862699999999975 	 26235.3573169801784388 
	 16.4956649999999989 	 26235.3584041337744566 
	 16.5050599999999967 	 26235.3594906847429229 
	 16.5144549999999981 	 26235.3605765772626910 
	 16.5238499999999959 	 26235.3616616625949973 
	 16.5332449999999973 	 26235.3627457886359480 
	 16.5426399999999987 	 26235.3638288032743731 
	 16.5520349999999965 	 26235.3649105544136546 
	 16.5614300000000014 	 26235.3659908899826405 
	 16.5708250000000028 	 26235.3670696578519710 
	 16.5802200000000006 	 26235.3681467059359420 
	 16.5896150000000020 	 26235.3692218821415736 
	 16.5990099999999998 	 26235.3702950343613338 
	 16.6084050000000012 	 26235.3713660374887695 
	 16.6177999999999990 	 26235.3724349147742032 
	 16.6271950000000004 	 26235.3735017401959340 
	 16.6365899999999982 	 26235.3745665877904685 
	 16.6459849999999996 	 26235.3756295315615716 
	 16.6553799999999974 	 26235.3766906455421122 
	 16.6647749999999988 	 26235.3777500037613208 
	 16.6741700000000002 	 26235.3788076802411524 
	 16.6835649999999980 	 26235.3798637489962857 
	 16.6929599999999994 	 26235.3809182840595895 
	 16.7023550000000007 	 26235.3819713594457426 
	 16.7117499999999986 	 26235.3830230491876137 
	 16.7211449999999999 	 26235.3840734273035196 
	 16.7305400000000013 	 26235.3851225678336050 
	 16.7399350000000027 	 26235.3861705447779968 
	 16.7493300000000005 	 26235.3872174321659259 
	 16.7587250000000019 	 26235.3882633040266228 
	 16.7681199999999997 	 26235.3893082343820424 
	 16.7775150000000011 	 26235.3903522972614155 
	 16.7869099999999989 	 26235.3913955666794209 
	 16.7963050000000003 	 26235.3924381166507374 
	 16.8056999999999981 	 26235.3934800039824040 
	 16.8150949999999995 	 26235.3945210339879850 
	 16.8244899999999973 	 26235.3955608218784619 
	 16.8338849999999987 	 26235.3965989781536337 
	 16.8432800000000000 	 26235.3976351133060234 
	 16.8526749999999979 	 26235.3986688378354302 
	 16.8620699999999992 	 26235.3996997622307390 
	 16.8714650000000006 	 26235.4007274970026629 
	 16.8808599999999984 	 26235.4017516526218969 
	 16.8902549999999998 	 26235.4027718396173441 
	 16.8996499999999976 	 26235.4037876684596995 
	 16.9090450000000025 	 26235.4047988530146540 
	 16.9184400000000004 	 26235.4058055693712959 
	 16.9278350000000017 	 26235.4068081228942901 
	 16.9372299999999996 	 26235.4078068189228361 
	 16.9466250000000009 	 26235.4088019627924950 
	 16.9560199999999988 	 26235.4097938598642941 
	 16.9654150000000001 	 26235.4107828154701565 
	 16.9748100000000015 	 26235.4117691349674715 
	 16.9842049999999993 	 26235.4127531236881623 
	 16.9936000000000007 	 26235.4137350869896181 
	 17.0029950000000021 	 26235.4147153278863698 
	 17.0123899999999999 	 26235.4156939940112352 
	 17.0217850000000013 	 26235.4166709825731232 
	 17.0311799999999991 	 26235.4176461680908687 
	 17.0405750000000005 	 26235.4186194250905828 
	 17.0499699999999983 	 26235.4195906280874624 
	 17.0593649999999997 	 26235.4205596515967045 
	 17.0687599999999975 	 26235.4215263701298682 
	 17.0781549999999989 	 26235.4224906582167023 
	 17.0875500000000002 	 26235.4234523903760419 
	 17.0969450000000016 	 26235.4244114411048940 
	 17.1063399999999994 	 26235.4253676952976093 
	 17.1157350000000008 	 26235.4263211545803642 
	 17.1251299999999986 	 26235.4272718943466316 
	 17.1345250000000000 	 26235.4282199911285716 
	 17.1439200000000014 	 26235.4291655214510683 
	 17.1533149999999992 	 26235.4301085618644720 
	 17.1627100000000006 	 26235.4310491888900287 
	 17.1721050000000020 	 26235.4319874790744507 
	 17.1814999999999998 	 26235.4329235089426220 
	 17.1908950000000011 	 26235.4338573550376168 
	 17.2002899999999990 	 26235.4347890938661294 
	 17.2096850000000003 	 26235.4357187522837194 
	 17.2190799999999982 	 26235.4366461757708748 
	 17.2284749999999995 	 26235.4375711685461283 
	 17.2378699999999974 	 26235.4384935347952705 
	 17.2472649999999987 	 26235.4394130787295580 
	 17.2566599999999966 	 26235.4403296045384195 
	 17.2660550000000015 	 26235.4412429164185596 
	 17.2754500000000029 	 26235.4421528185812349 
	 17.2848450000000007 	 26235.4430591152158740 
	 17.2942400000000021 	 26235.4439616105228197 
	 17.3036350000000034 	 26235.4448601134899945 
	 17.3130300000000013 	 26235.4457546344965522 
	 17.3224250000000026 	 26235.4466454546854948 
	 17.3318200000000004 	 26235.4475328742882994 
	 17.3412150000000018 	 26235.4484171935073391 
	 17.3506099999999996 	 26235.4492987125559011 
	 17.3600050000000010 	 26235.4501777316509106 
	 17.3693999999999988 	 26235.4510545509983785 
	 17.3787950000000002 	 26235.4519294708043162 
	 17.3881899999999980 	 26235.4528027912929247 
	 17.3975849999999994 	 26235.4536748126774910 
	 17.4069799999999972 	 26235.4545457826789061 
	 17.4163749999999986 	 26235.4554154812722118 
	 17.4257699999999964 	 26235.4562834428907081 
	 17.4351649999999978 	 26235.4571491998067359 
	 17.4445600000000027 	 26235.4580122842780838 
	 17.4539550000000006 	 26235.4588722285552649 
	 17.4633500000000019 	 26235.4597285649178957 
	 17.4727450000000033 	 26235.4605808256237651 
	 17.4821400000000011 	 26235.4614285429379379 
	 17.4915350000000025 	 26235.4622712491036509 
	 17.5009300000000003 	 26235.4631084765569540 
	 17.5103250000000017 	 26235.4639399737243366 
	 17.5197199999999995 	 26235.4647661327253445 
	 17.5291150000000009 	 26235.4655874650889018 
	 17.5385099999999987 	 26235.4664044823184668 
	 17.5479050000000001 	 26235.4672176959393255 
	 17.5572999999999979 	 26235.4680276174658502 
	 17.5666949999999993 	 26235.4688347584124131 
	 17.5760900000000007 	 26235.4696396302970243 
	 17.5854849999999985 	 26235.4704427446267800 
	 17.5948799999999999 	 26235.4712446129306045 
	 17.6042750000000012 	 26235.4720457326438918 
	 17.6136700000000026 	 26235.4728461973973026 
	 17.6230650000000040 	 26235.4736456467180687 
	 17.6324600000000018 	 26235.4744436959590530 
	 17.6418550000000032 	 26235.4752399604476523 
	 17.6512500000000010 	 26235.4760340555621951 
	 17.6606449999999988 	 26235.4768255966264405 
	 17.6700400000000002 	 26235.4776141990078031 
	 17.6794349999999980 	 26235.4783994780373177 
	 17.6888299999999994 	 26235.4791810490823991 
	 17.6982249999999972 	 26235.4799585274740821 
	 17.7076199999999986 	 26235.4807315753459989 
	 17.7170150000000000 	 26235.4815001885472157 
	 17.7264099999999978 	 26235.4822645079075301 
	 17.7358049999999992 	 26235.4830246748533682 
	 17.7452000000000005 	 26235.4837808308147942 
	 17.7545949999999984 	 26235.4845331172000442 
	 17.7639899999999997 	 26235.4852816754428204 
	 17.7733849999999975 	 26235.4860266469731869 
	 17.7827799999999989 	 26235.4867681732139317 
	 17.7921750000000003 	 26235.4875063955914811 
	 17.8015700000000017 	 26235.4882414554958814 
	 17.8109649999999995 	 26235.4889734864918864 
	 17.8203600000000009 	 26235.4897026029066183 
	 17.8297549999999987 	 26235.4904289161713677 
	 17.8391500000000001 	 26235.4911525377428916 
	 17.8485450000000014 	 26235.4918735790633946 
	 17.8579399999999993 	 26235.4925921515750815 
	 17.8673350000000006 	 26235.4933083667128813 
	 17.8767300000000020 	 26235.4940223359262745 
	 17.8861249999999998 	 26235.4947341706683801 
	 17.8955200000000012 	 26235.4954439823632129 
	 17.9049149999999990 	 26235.4961518725285714 
	 17.9143100000000004 	 26235.4968577370127605 
	 17.9237049999999982 	 26235.4975612780835945 
	 17.9330999999999996 	 26235.4982621904855478 
	 17.9424949999999974 	 26235.4989601689630945 
	 17.9518899999999988 	 26235.4996549082388810 
	 17.9612849999999966 	 26235.5003461030573817 
	 17.9706800000000015 	 26235.5010334481703467 
	 17.9800749999999994 	 26235.5017166383076983 
	 17.9894700000000007 	 26235.5023953682102729 
	 17.9988649999999986 	 26235.5030693326152686 
	 18.0082599999999999 	 26235.5037383089656942 
	 18.0176550000000013 	 26235.5044025514980603 
	 18.0270499999999991 	 26235.5050624849136511 
	 18.0364450000000005 	 26235.5057185341502191 
	 18.0458400000000019 	 26235.5063711241200508 
	 18.0552349999999997 	 26235.5070206797718129 
	 18.0646300000000011 	 26235.5076676260396198 
	 18.0740249999999989 	 26235.5083123878357583 
	 18.0834200000000003 	 26235.5089553900979809 
	 18.0928149999999981 	 26235.5095970577494882 
	 18.1022099999999995 	 26235.5102378140363726 
	 18.1116049999999973 	 26235.5108778439316666 
	 18.1209999999999987 	 26235.5115168504962639 
	 18.1303949999999965 	 26235.5121544786306913 
	 18.1397899999999979 	 26235.5127903732354753 
	 18.1491850000000028 	 26235.5134241792038665 
	 18.1585800000000006 	 26235.5140555414400296 
	 18.1679750000000020 	 26235.5146841048590431 
	 18.1773700000000034 	 26235.5153095143468818 
	 18.1867650000000012 	 26235.5159314148077101 
	 18.1961600000000026 	 26235.5165494511456927 
	 18.2055550000000004 	 26235.5171632845049317 
	 18.2149500000000018 	 26235.5177728278431459 
	 18.2243449999999996 	 26235.5183781924024515 
	 18.2337400000000009 	 26235.5189794948237250 
	 18.2431349999999988 	 26235.5195768517332908 
	 18.2525300000000001 	 26235.5201703797720256 
	 18.2619249999999980 	 26235.5207601955626160 
	 18.2713199999999993 	 26235.5213464157277485 
	 18.2807149999999972 	 26235.5219291569082998 
	 18.2901099999999985 	 26235.5225085357305943 
	 18.2995049999999964 	 26235.5230846688282327 
	 18.3088999999999977 	 26235.5236576828938269 
	 18.3182949999999991 	 26235.5242277517645562 
	 18.3276900000000005 	 26235.5247950630910054 
	 18.3370850000000019 	 26235.5253598045164836 
	 18.3464800000000032 	 26235.5259221636952134 
	 18.3558750000000011 	 26235.5264823282595898 
	 18.3652700000000024 	 26235.5270404858492839 
	 18.3746650000000002 	 26235.5275968241294322 
	 18.3840600000000016 	 26235.5281515307360678 
	 18.3934549999999994 	 26235.5287047933161375 
	 18.4028500000000008 	 26235.5292567971046083 
	 18.4122449999999986 	 26235.5298075456230436 
	 18.4216400000000000 	 26235.5303567372029647 
	 18.4310349999999978 	 26235.5309040409592853 
	 18.4404299999999992 	 26235.5314491259850911 
	 18.4498250000000006 	 26235.5319916613771056 
	 18.4592199999999984 	 26235.5325313162466045 
	 18.4686149999999998 	 26235.5330677597048634 
	 18.4780100000000012 	 26235.5336006608340540 
	 18.4874049999999990 	 26235.5341296887527278 
	 18.4968000000000004 	 26235.5346545125612465 
	 18.5061950000000017 	 26235.5351748309003597 
	 18.5155900000000031 	 26235.5356906950219127 
	 18.5249850000000009 	 26235.5362023881280038 
	 18.5343800000000023 	 26235.5367101975061814 
	 18.5437750000000001 	 26235.5372144104076142 
	 18.5531700000000015 	 26235.5377153141234885 
	 18.5625649999999993 	 26235.5382131959304388 
	 18.5719600000000007 	 26235.5387083430869097 
	 18.5813549999999985 	 26235.5392010428804497 
	 18.5907499999999999 	 26235.5396915825840551 
	 18.6001449999999977 	 26235.5401802494670846 
	 18.6095399999999991 	 26235.5406672501703724 
	 18.6189350000000005 	 26235.5411524833143631 
	 18.6283299999999983 	 26235.5416357740396052 
	 18.6377249999999997 	 26235.5421169474757335 
	 18.6471200000000010 	 26235.5425958287451067 
	 18.6565149999999988 	 26235.5430722429773596 
	 18.6659100000000002 	 26235.5435460152948508 
	 18.6753050000000016 	 26235.5440169708308531 
	 18.6847000000000030 	 26235.5444849347150011 
	 18.6940950000000008 	 26235.5449497320623777 
	 18.7034900000000022 	 26235.5454111906401522 
	 18.7128850000000000 	 26235.5458692598986090 
	 18.7222800000000014 	 26235.5463240597673575 
	 18.7316749999999992 	 26235.5467757228616392 
	 18.7410700000000006 	 26235.5472243818221614 
	 18.7504650000000019 	 26235.5476701692969073 
	 18.7598599999999998 	 26235.5481132179229462 
	 18.7692550000000011 	 26235.5485536603264336 
	 18.7786500000000025 	 26235.5489916291589907 
	 18.7880450000000003 	 26235.5494272570504108 
	 18.7974400000000017 	 26235.5498606766304874 
	 18.8068349999999995 	 26235.5502920142389485 
	 18.8162300000000009 	 26235.5507213368182420 
	 18.8256249999999987 	 26235.5511486788673210 
	 18.8350199999999965 	 26235.5515740745177027 
	 18.8444149999999979 	 26235.5519975579154561 
	 18.8538099999999993 	 26235.5524191631957365 
	 18.8632050000000007 	 26235.5528389245155267 
	 18.8725999999999985 	 26235.5532568760099821 
	 18.8819949999999999 	 26235.5536730518324475 
	 18.8913900000000012 	 26235.5540874861071643 
	 18.9007849999999991 	 26235.5545002129765635 
	 18.9101800000000004 	 26235.5549112398148281 
	 18.9195750000000018 	 26235.5553204905409075 
	 18.9289699999999996 	 26235.5557278728374513 
	 18.9383650000000010 	 26235.5561332944162132 
	 18.9477599999999988 	 26235.5565366629707569 
	 18.9571550000000002 	 26235.5569378861982841 
	 18.9665499999999980 	 26235.5573368718032725 
	 18.9759449999999994 	 26235.5577335274756479 
	 18.9853399999999972 	 26235.5581277609308017 
	 18.9947349999999986 	 26235.5585194798368320 
	 19.0041299999999964 	 26235.5589085928259010 
	 19.0135249999999978 	 26235.5592950370992185 
	 19.0229199999999992 	 26235.5596787833019334 
	 19.0323150000000005 	 26235.5600598039891338 
	 19.0417100000000019 	 26235.5604380717195454 
	 19.0511050000000033 	 26235.5608135590518941 
	 19.0605000000000011 	 26235.5611862385339919 
	 19.0698950000000025 	 26235.5615560827318404 
	 19.0792900000000003 	 26235.5619230641896138 
	 19.0886850000000017 	 26235.5622871554660378 
	 19.0980799999999995 	 26235.5626483291307522 
	 19.1074750000000009 	 26235.5630065755212854 
	 19.1168699999999987 	 26235.5633620182816230 
	 19.1262650000000001 	 26235.5637148415698903 
	 19.1356599999999979 	 26235.5640652298425266 
	 19.1450549999999993 	 26235.5644133675414196 
	 19.1544499999999971 	 26235.5647594391230086 
	 19.1638449999999985 	 26235.5651036290146294 
	 19.1732399999999963 	 26235.5654461216909112 
	 19.1826349999999977 	 26235.5657871015937417 
	 19.1920299999999990 	 26235.5661267531540943 
	 19.2014249999999969 	 26235.5664652606319578 
	 19.2108200000000018 	 26235.5668027148058172 
	 19.2202150000000032 	 26235.5671389674134844 
	 19.2296100000000010 	 26235.5674738324996724 
	 19.2390050000000024 	 26235.5678071241054568 
	 19.2484000000000002 	 26235.5681386562791886 
	 19.2577950000000016 	 26235.5684682430583052 
	 19.2671899999999994 	 26235.5687956984911580 
	 19.2765850000000007 	 26235.5691208366297360 
	 19.2859799999999986 	 26235.5694434715078387 
	 19.2953749999999999 	 26235.5697634171774553 
	 19.3047699999999978 	 26235.5700804953739862 
	 19.3141649999999991 	 26235.5703946987741801 
	 19.3235600000000005 	 26235.5707061875436921 
	 19.3329549999999983 	 26235.5710151288731140 
	 19.3423499999999997 	 26235.5713216899566760 
	 19.3517450000000011 	 26235.5716260379922460 
	 19.3611399999999989 	 26235.5719283401667781 
	 19.3705350000000003 	 26235.5722287636745023 
	 19.3799300000000017 	 26235.5725274757132865 
	 19.3893250000000030 	 26235.5728246434773610 
	 19.3987200000000009 	 26235.5731204341536795 
	 19.4081150000000022 	 26235.5734149899399199 
	 19.4175100000000000 	 26235.5737083018902922 
	 19.4269050000000014 	 26235.5740003045430058 
	 19.4362999999999992 	 26235.5742909323380445 
	 19.4456950000000006 	 26235.5745801197226683 
	 19.4550899999999984 	 26235.5748678011332231 
	 19.4644849999999998 	 26235.5751539110133308 
	 19.4738799999999976 	 26235.5754383837993373 
	 19.4832749999999990 	 26235.5757211539566924 
	 19.4926700000000004 	 26235.5760021558926383 
	 19.5020649999999982 	 26235.5762813241199183 
	 19.5114599999999996 	 26235.5765586011366395 
	 19.5208550000000010 	 26235.5768339463829761 
	 19.5302499999999988 	 26235.5771073214309581 
	 19.5396450000000002 	 26235.5773786878562532 
	 19.5490399999999980 	 26235.5776480072490813 
	 19.5584349999999993 	 26235.5779152411887480 
	 19.5678300000000007 	 26235.5781803512545594 
	 19.5772250000000021 	 26235.5784432990221831 
	 19.5866199999999999 	 26235.5787040460745629 
	 19.5960150000000013 	 26235.5789625539946428 
	 19.6054099999999991 	 26235.5792187908409687 
	 19.6148050000000005 	 26235.5794728314176609 
	 19.6242000000000019 	 26235.5797248381422833 
	 19.6335949999999997 	 26235.5799749759826227 
	 19.6429900000000011 	 26235.5802234099428460 
	 19.6523850000000024 	 26235.5804703050052922 
	 19.6617800000000003 	 26235.5807158261450240 
	 19.6711750000000016 	 26235.5809601383662084 
	 19.6805699999999995 	 26235.5812034066329943 
	 19.6899650000000008 	 26235.5814457959495485 
	 19.6993599999999986 	 26235.5816874712836579 
	 19.7087550000000000 	 26235.5819285564793972 
	 19.7181499999999978 	 26235.5821689732547384 
	 19.7275449999999992 	 26235.5824085814165301 
	 19.7369400000000006 	 26235.5826472407716210 
	 19.7463350000000020 	 26235.5828848111050320 
	 19.7557299999999998 	 26235.5831211522054218 
	 19.7651250000000012 	 26235.5833561238832772 
	 19.7745199999999990 	 26235.5835895859163429 
	 19.7839150000000004 	 26235.5838213981114677 
	 19.7933100000000017 	 26235.5840514202536724 
	 19.8027049999999996 	 26235.5842795126663987 
	 19.8121000000000009 	 26235.5845055813297222 
	 19.8214950000000023 	 26235.5847296121391992 
	 19.8308900000000001 	 26235.5849515990666987 
	 19.8402850000000015 	 26235.5851715360804519 
	 19.8496799999999993 	 26235.5853894171705178 
	 19.8590750000000007 	 26235.5856052362942137 
	 19.8684699999999985 	 26235.5858189874343225 
	 19.8778649999999999 	 26235.5860306645699893 
	 19.8872599999999977 	 26235.5862402616730833 
	 19.8966549999999991 	 26235.5864477727009216 
	 19.9060499999999969 	 26235.5866531977262639 
	 19.9154450000000018 	 26235.5868566136959998 
	 19.9248400000000032 	 26235.5870581502422283 
	 19.9342350000000010 	 26235.5872579380265961 
	 19.9436300000000024 	 26235.5874561077253020 
	 19.9530250000000038 	 26235.5876527899854409 
	 19.9624200000000016 	 26235.5878481154868496 
	 19.9718150000000030 	 26235.5880422148948128 
	 19.9812100000000008 	 26235.5882352188709774 
	 19.9906050000000022 	 26235.5884272580879042 
	 20.0000000000000000 	 26235.5886184631999640 
