	 1.2100000000000000 	 56799.0221344099045382 
	 1.2193950000000000 	 55772.7944111894394155 
	 1.2287900000000000 	 54771.6671833793079713 
	 1.2381850000000001 	 53794.8725763786133029 
	 1.2475799999999999 	 52841.6829636645270512 
	 1.2569750000000002 	 51911.4076409635454183 
	 1.2663700000000000 	 51003.3901106825942406 
	 1.2757650000000000 	 50117.0056444552901667 
	 1.2851600000000001 	 49251.6585904227395076 
	 1.2945550000000001 	 48406.7814626119725290 
	 1.3039499999999999 	 47581.8324376128075528 
	 1.3133450000000000 	 46776.2928957872863975 
	 1.3227400000000000 	 45989.6668027611958678 
	 1.3321350000000001 	 45221.4784706461286987 
	 1.3415300000000001 	 44471.2710915491988999 
	 1.3509249999999999 	 43738.6063746260333573 
	 1.3603200000000000 	 43023.0623898914855090 
	 1.3697150000000000 	 42324.2328892266232288 
	 1.3791099999999998 	 41641.7330962555788574 
	 1.3885049999999999 	 40975.1722902614128543 
	 1.3978999999999999 	 40324.1847589788958430 
	 1.4072950000000000 	 39688.4598021051060641 
	 1.4166900000000000 	 39067.5964845606940798 
	 1.4260850000000000 	 38461.2703100396902300 
	 1.4354799999999999 	 37869.1799292137584416 
	 1.4448749999999999 	 37291.0067125443092664 
	 1.4542700000000000 	 36726.4502368363464484 
	 1.4636650000000000 	 36175.2146524047784624 
	 1.4730600000000000 	 35637.0131675808443106 
	 1.4824550000000001 	 35111.5677290060993982 
	 1.4918499999999999 	 34598.6052714620964252 
	 1.5012450000000002 	 34097.8609823828519438 
	 1.5106400000000000 	 33609.0778951320244232 
	 1.5200350000000000 	 33132.0021808333403897 
	 1.5294300000000001 	 32666.3879388882996864 
	 1.5388250000000001 	 32211.9950605513586197 
	 1.5482200000000002 	 31768.5881654275290202 
	 1.5576150000000002 	 31335.9378535461910360 
	 1.5670099999999998 	 30913.8190628683914838 
	 1.5764049999999998 	 30502.0121781372181431 
	 1.5857999999999999 	 30100.3022511420567753 
	 1.5951949999999999 	 29708.4779716591547185 
	 1.6045900000000000 	 29326.3334721886421903 
	 1.6139850000000000 	 28953.6665448608255247 
	 1.6233799999999998 	 28590.2782376504219428 
	 1.6327749999999999 	 28235.9746656635797990 
	 1.6421699999999999 	 27890.5653685074030363 
	 1.6515649999999999 	 27553.8631437770636694 
	 1.6609600000000000 	 27225.6847795158500958 
	 1.6703550000000000 	 26905.8502542793467001 
	 1.6797499999999999 	 26594.1823172096010239 
	 1.6891450000000001 	 26290.5161545280097926 
	 1.6985399999999999 	 25994.6647481504842290 
	 1.7079350000000000 	 25706.4672206331561028 
	 1.7173300000000000 	 25425.7606701005533978 
	 1.7267250000000001 	 25152.3821727124668541 
	 1.7361199999999999 	 24886.1726737793032953 
	 1.7455150000000001 	 24626.9761936654103920 
	 1.7549100000000000 	 24374.6380792647723865 
	 1.7643049999999998 	 24129.0069432517993846 
	 1.7736999999999998 	 23889.9353639203036437 
	 1.7830949999999999 	 23657.2718372778945195 
	 1.7924899999999999 	 23430.8727523288507655 
	 1.8018850000000000 	 23210.6055394919021637 
	 1.8112800000000000 	 22996.3233346302185964 
	 1.8206750000000000 	 22787.8892232774087461 
	 1.8300700000000001 	 22585.1678524524795648 
	 1.8394650000000001 	 22388.0256309088217677 
	 1.8488600000000002 	 22196.3376827489773859 
	 1.8582550000000002 	 22009.9623118370254815 
	 1.8676499999999998 	 21828.7788583746587392 
	 1.8770449999999999 	 21652.6560451118348283 
	 1.8864399999999999 	 21481.4794752040324965 
	 1.8958349999999999 	 21315.1272639866328973 
	 1.9052300000000000 	 21153.4760903034621151 
	 1.9146250000000000 	 20996.4093880999062094 
	 1.9240199999999998 	 20843.8111860962380888 
	 1.9334150000000001 	 20695.5680183026961458 
	 1.9428099999999999 	 20551.5670742969741696 
	 1.9522050000000000 	 20411.6980759932339424 
	 1.9616000000000000 	 20275.8528765518494765 
	 1.9709950000000001 	 20143.9240845516433183 
	 1.9803900000000001 	 20015.8069028882637213 
	 1.9897850000000001 	 19891.3983232280370430 
	 1.9991800000000000 	 19770.5967644466581987 
	 2.0085750000000000 	 19653.3021585995556961 
	 2.0179700000000000 	 19539.4167200432966638 
	 2.0273649999999996 	 19428.8441116946814873 
	 2.0367600000000001 	 19321.4896806862343510 
	 2.0461549999999997 	 19217.2608037513418822 
	 2.0555499999999998 	 19116.0664047534592100 
	 2.0649449999999998 	 19017.8171494910893671 
	 2.0743399999999999 	 18922.4252185832483519 
	 2.0837349999999999 	 18829.8048179653414991 
	 2.0931299999999999 	 18739.8720087395013252 
	 2.1025250000000000 	 18652.5440974876619293 
	 2.1119199999999996 	 18567.7406071642217285 
	 2.1213150000000001 	 18485.3826834565734316 
	 2.1307099999999997 	 18405.3928839094442083 
	 2.1401050000000001 	 18327.6958557201178337 
	 2.1494999999999997 	 18252.2182690226873092 
	 2.1588950000000002 	 18178.8876896982728795 
	 2.1682899999999998 	 18107.6342281713696138 
	 2.1776850000000003 	 18038.3891060355381342 
	 2.1870799999999999 	 17971.0857367705721117 
	 2.1964750000000000 	 17905.6592787107947515 
	 2.2058700000000000 	 17842.0461577553796815 
	 2.2152650000000000 	 17780.1850066733095446 
	 2.2246600000000001 	 17720.0158062008304114 
	 2.2340550000000001 	 17661.4802764386658964 
	 2.2434500000000002 	 17604.5221488430433965 
	 2.2528449999999998 	 17549.0865252804069314 
	 2.2622400000000003 	 17495.1200685515832447 
	 2.2716349999999998 	 17442.5710357870812004 
	 2.2810300000000003 	 17391.3900173365545925 
	 2.2904249999999999 	 17341.5281734562304337 
	 2.2998200000000000 	 17292.9387395980265865 
	 2.3092150000000000 	 17245.5766068036537035 
	 2.3186100000000001 	 17199.3978149236863828 
	 2.3280050000000001 	 17154.3602691157866502 
	 2.3373999999999997 	 17110.4228801826320705 
	 2.3467950000000002 	 17067.5463202266655571 
	 2.3561899999999998 	 17025.6926620903504954 
	 2.3655850000000003 	 16984.8251072238526831 
	 2.3749799999999999 	 16944.9083752282713249 
	 2.3843749999999999 	 16905.9084491291396262 
	 2.3937700000000000 	 16867.7924878011544934 
	 2.4031650000000000 	 16830.5290986465151946 
	 2.4125600000000000 	 16794.0882364567514742 
	 2.4219550000000001 	 16758.4395064234995516 
	 2.4313500000000001 	 16723.5564503057321417 
	 2.4407449999999997 	 16689.4100407574405835 
	 2.4501400000000002 	 16655.9578270587699080 
	 2.4595349999999998 	 16623.2123236415718566 
	 2.4689300000000003 	 16591.1317485934087017 
	 2.4783249999999999 	 16559.6914831120993767 
	 2.4877199999999999 	 16528.8698041840652877 
	 2.4971150000000000 	 16498.6461374659993453 
	 2.5065100000000005 	 16468.9994980262126774 
	 2.5159050000000001 	 16439.9118639599255403 
	 2.5253000000000001 	 16411.3652792624452559 
	 2.5346950000000001 	 16383.3406397346443555 
	 2.5440899999999997 	 16355.8209864895361534 
	 2.5534850000000002 	 16328.7924729085698345 
	 2.5628799999999998 	 16302.2387584197658725 
	 2.5722749999999999 	 16276.1426250313106721 
	 2.5816699999999999 	 16250.4933794509433937 
	 2.5910650000000000 	 16225.2773527950230346 
	 2.6004600000000000 	 16200.4819870248502411 
	 2.6098550000000000 	 16176.0961615090109262 
	 2.6192500000000001 	 16152.1043290622765198 
	 2.6286449999999997 	 16128.4978891211649170 
	 2.6380400000000002 	 16105.2692223522262793 
	 2.6474349999999998 	 16082.4045258133774041 
	 2.6568300000000002 	 16059.8973830222166725 
	 2.6662249999999998 	 16037.7379132719797781 
	 2.6756200000000003 	 16015.9186800148036127 
	 2.6850149999999999 	 15994.4311514477467426 
	 2.6944100000000004 	 15973.2671391683379625 
	 2.7038050000000000 	 15952.4215918219651940 
	 2.7132000000000001 	 15931.8878640344173618 
	 2.7225950000000001 	 15911.6587085897062934 
	 2.7319900000000001 	 15891.7286885096473270 
	 2.7413850000000002 	 15872.0932028303341212 
	 2.7507800000000002 	 15852.7449154032929073 
	 2.7601750000000003 	 15833.6841306209389586 
	 2.7695699999999999 	 15814.9014134507760900 
	 2.7789650000000004 	 15796.3945015160261391 
	 2.7883599999999999 	 15778.1600404713481112 
	 2.7977550000000004 	 15760.1916197340069630 
	 2.8071500000000000 	 15742.4876091214173357 
	 2.8165450000000001 	 15725.0443311590952362 
	 2.8259399999999997 	 15707.8595181488090020 
	 2.8353349999999997 	 15690.9300665379796555 
	 2.8447299999999998 	 15674.2518146054044337 
	 2.8541249999999998 	 15657.8212263310997514 
	 2.8635199999999998 	 15641.6369341894278477 
	 2.8729149999999999 	 15625.6967370346119424 
	 2.8823099999999995 	 15609.9945071366546472 
	 2.8917050000000000 	 15594.5293828463491081 
	 2.9010999999999996 	 15579.3014433882181038 
	 2.9104950000000001 	 15564.3025058478651772 
	 2.9198899999999997 	 15549.5326480595231260 
	 2.9292850000000001 	 15534.9879798859801667 
	 2.9386799999999997 	 15520.6632728543063422 
	 2.9480750000000002 	 15506.5587573577176954 
	 2.9574699999999998 	 15492.6685294355120277 
	 2.9668650000000003 	 15478.9908363292033755 
	 2.9762599999999999 	 15465.5206017591717682 
	 2.9856549999999999 	 15452.2540494648692402 
	 2.9950500000000000 	 15439.1881751776454621 
	 3.0044450000000000 	 15426.3165255936728499 
	 3.0138400000000001 	 15413.6360411982768710 
	 3.0232350000000001 	 15401.1441632239220780 
	 3.0326300000000002 	 15388.8343341406598483 
	 3.0420250000000002 	 15376.7021648475511029 
	 3.0514200000000002 	 15364.7427755377739231 
	 3.0608149999999998 	 15352.9513586568027677 
	 3.0702099999999999 	 15341.3236192204967665 
	 3.0796049999999999 	 15329.8539446057329769 
	 3.0890000000000000 	 15318.5376518295652204 
	 3.0983950000000000 	 15307.3688515418252791 
	 3.1077900000000001 	 15296.3435679868343868 
	 3.1171850000000001 	 15285.4550192274873552 
	 3.1265800000000001 	 15274.7008862641232554 
	 3.1359749999999997 	 15264.0748094977752771 
	 3.1453699999999998 	 15253.5715258971777075 
	 3.1547649999999998 	 15243.1873888837872073 
	 3.1641599999999999 	 15232.9171116633879137 
	 3.1735549999999995 	 15222.7561233415071911 
	 3.1829499999999999 	 15212.7003727411611180 
	 3.1923449999999995 	 15202.7457720195998263 
	 3.2017400000000000 	 15192.8877742518252489 
	 3.2111349999999996 	 15183.1225318197211891 
	 3.2205300000000001 	 15173.4477542325548711 
	 3.2299249999999997 	 15163.8581716658336518 
	 3.2393200000000002 	 15154.3512895425428724 
	 3.2487149999999998 	 15144.9239964319986029 
	 3.2581100000000003 	 15135.5740137159282312 
	 3.2675049999999999 	 15126.2978250605592621 
	 3.2769000000000004 	 15117.0933124788898567 
	 3.2862950000000000 	 15107.9586819475316588 
	 3.2956900000000005 	 15098.8911505017531454 
	 3.3050850000000001 	 15089.8894076514352491 
	 3.3144800000000001 	 15080.9514573126107280 
	 3.3238750000000001 	 15072.0756272566250118 
	 3.3332700000000002 	 15063.2614421979506005 
	 3.3426650000000002 	 15054.5068896470966138 
	 3.3520600000000003 	 15045.8109527905617142 
	 3.3614549999999999 	 15037.1735640463157324 
	 3.3708500000000003 	 15028.5932682398524776 
	 3.3802449999999999 	 15020.0696653420181974 
	 3.3896400000000000 	 15011.6024873635906260 
	 3.3990350000000000 	 15003.1912875214929954 
	 3.4084300000000001 	 14994.8357753313084686 
	 3.4178249999999997 	 14986.5350971847565233 
	 3.4272200000000002 	 14978.2901992927945685 
	 3.4366149999999998 	 14970.1008215888505219 
	 3.4460099999999998 	 14961.9666193246957846 
	 3.4554049999999998 	 14953.8883605137052655 
	 3.4647999999999999 	 14945.8658284255798208 
	 3.4741949999999999 	 14937.8989931251653616 
	 3.4835900000000000 	 14929.9884056122173206 
	 3.4929850000000000 	 14922.1341097531876585 
	 3.5023799999999996 	 14914.3365588776068762 
	 3.5117750000000001 	 14906.5962145584035170 
	 3.5211699999999997 	 14898.9134548971596814 
	 3.5305649999999997 	 14891.2885715757383878 
	 3.5399599999999998 	 14883.7219042167453154 
	 3.5493550000000003 	 14876.2139749728503375 
	 3.5587499999999999 	 14868.7652661976117088 
	 3.5681449999999999 	 14861.3757568946493848 
	 3.5775399999999999 	 14854.0453110771049978 
	 3.5869350000000004 	 14846.7757741915083898 
	 3.5963300000000000 	 14839.5671253189939307 
	 3.6057249999999996 	 14832.4185638359740551 
	 3.6151200000000001 	 14825.3312630591663037 
	 3.6245150000000002 	 14818.3057431917186477 
	 3.6339100000000002 	 14811.3417888749463600 
	 3.6433049999999998 	 14804.4403444309245970 
	 3.6527000000000003 	 14797.6013581492115918 
	 3.6620950000000003 	 14790.8241433009407046 
	 3.6714900000000004 	 14784.1100358351559407 
	 3.6808850000000000 	 14777.4594493071326724 
	 3.6902800000000000 	 14770.8716783978943567 
	 3.6996750000000000 	 14764.3475651284043124 
	 3.7090700000000001 	 14757.8868619644490536 
	 3.7184650000000001 	 14751.4899047874132521 
	 3.7278600000000002 	 14745.1566504284946859 
	 3.7372550000000002 	 14738.8869320902504114 
	 3.7466499999999998 	 14732.6814620752593328 
	 3.7560450000000003 	 14726.5400837587803835 
	 3.7654399999999999 	 14720.4619762358233857 
	 3.7748350000000004 	 14714.4481375076611585 
	 3.7842300000000000 	 14708.4983490965369128 
	 3.7936250000000000 	 14702.6119273556378175 
	 3.8030200000000001 	 14696.7900758178566321 
	 3.8124150000000006 	 14691.0319239200998709 
	 3.8218100000000002 	 14685.3364141978727275 
	 3.8312049999999997 	 14679.7050050348370860 
	 3.8406000000000002 	 14674.1367289179397631 
	 3.8499950000000003 	 14668.6316039868979715 
	 3.8593899999999999 	 14663.1899373116029892 
	 3.8687849999999999 	 14657.8104028997349815 
	 3.8781799999999995 	 14652.4943528907297150 
	 3.8875749999999996 	 14647.2399821692306432 
	 3.8969699999999996 	 14642.0479123569493822 
	 3.9063649999999996 	 14636.9179832497502503 
	 3.9157599999999997 	 14631.8496745154243399 
	 3.9251549999999997 	 14626.8424701770527463 
	 3.9345499999999998 	 14621.8963722341395624 
	 3.9439449999999998 	 14617.0111621089290566 
	 3.9533399999999999 	 14612.1862481137595751 
	 3.9627349999999995 	 14607.4216520148911513 
	 3.9721299999999999 	 14602.7168385103595938 
	 3.9815249999999995 	 14598.0713448727128707 
	 3.9909200000000000 	 14593.4849751262063364 
	 4.0003149999999996 	 14588.9574195672594215 
	 4.0097100000000001 	 14584.4878977230746386 
	 4.0191049999999997 	 14580.0768877644204622 
	 4.0285000000000002 	 14575.7231150167972373 
	 4.0378949999999998 	 14571.4267503371738712 
	 4.0472900000000003 	 14567.1870577472091099 
	 4.0566849999999999 	 14563.0033063631381083 
	 4.0660799999999995 	 14558.8757043504374451 
	 4.0754750000000000 	 14554.8039595903283043 
	 4.0848700000000004 	 14550.7871800117482053 
	 4.0942650000000000 	 14546.8246674459787755 
	 4.1036599999999996 	 14542.9167452589226741 
	 4.1130550000000001 	 14539.0626868598392321 
	 4.1224499999999997 	 14535.2611852399986674 
	 4.1318450000000002 	 14531.5130388638190198 
	 4.1412399999999998 	 14527.8171925120350352 
	 4.1506349999999994 	 14524.1729096538365411 
	 4.1600299999999999 	 14520.5803322151077737 
	 4.1694250000000004 	 14517.0388138795642590 
	 4.1788200000000000 	 14513.5475807623370201 
	 4.1882149999999996 	 14510.1063676332960313 
	 4.1976100000000001 	 14506.7143668355474802 
	 4.2070049999999997 	 14503.3714486192438926 
	 4.2164000000000001 	 14500.0772119638313598 
	 4.2257949999999997 	 14496.8309493194064999 
	 4.2351900000000002 	 14493.6321445532430516 
	 4.2445849999999998 	 14490.4804860791555257 
	 4.2539800000000003 	 14487.3754267058338883 
	 4.2633749999999999 	 14484.3163284925849439 
	 4.2727700000000004 	 14481.3027547390083782 
	 4.2821650000000000 	 14478.3341401405887154 
	 4.2915600000000005 	 14475.4101210162079951 
	 4.3009550000000001 	 14472.5302890149851009 
	 4.3103499999999997 	 14469.6936731236291962 
	 4.3197450000000002 	 14466.9003465041350864 
	 4.3291400000000007 	 14464.1493771357436344 
	 4.3385350000000003 	 14461.4407744623531471 
	 4.3479299999999999 	 14458.7734122950641904 
	 4.3573250000000003 	 14456.1472944926863420 
	 4.3667199999999999 	 14453.5617126376255328 
	 4.3761150000000004 	 14451.0159476161770726 
	 4.3855100000000000 	 14448.5099011229958705 
	 4.3949049999999996 	 14446.0431201279752713 
	 4.4043000000000001 	 14443.6145740052852489 
	 4.4136950000000006 	 14441.2240305252107646 
	 4.4230900000000002 	 14438.8715133651148790 
	 4.4324849999999998 	 14436.5559561582704191 
	 4.4418799999999994 	 14434.2768945493153296 
	 4.4512749999999999 	 14432.0344380997848930 
	 4.4606700000000004 	 14429.8274012029614823 
	 4.4700650000000000 	 14427.6552380586799700 
	 4.4794599999999996 	 14425.5183292274559790 
	 4.4888550000000000 	 14423.4151896824569121 
	 4.4982499999999996 	 14421.3461183185336267 
	 4.5076450000000001 	 14419.3100691344116058 
	 4.5170399999999997 	 14417.3071875094210554 
	 4.5264349999999993 	 14415.3365457476429583 
	 4.5358299999999998 	 14413.3976841790026810 
	 4.5452250000000003 	 14411.4905055015969992 
	 4.5546199999999999 	 14409.6142597651160031 
	 4.5640149999999995 	 14407.7685620512602327 
	 4.5734100000000000 	 14405.9530994106244179 
	 4.5828049999999996 	 14404.1673797356779687 
	 4.5922000000000001 	 14402.4108870827985811 
	 4.6015949999999997 	 14400.6828566800631961 
	 4.6109900000000001 	 14398.9834847131714923 
	 4.6203849999999997 	 14397.3120835744448414 
	 4.6297799999999993 	 14395.6681286554739927 
	 4.6391749999999998 	 14394.0512339160304691 
	 4.6485700000000003 	 14392.4612493388121948 
	 4.6579649999999999 	 14390.8971671802737546 
	 4.6673599999999995 	 14389.3590940898247936 
	 4.6767550000000000 	 14387.8465544124974258 
	 4.6861499999999996 	 14386.3589726165646425 
	 4.6955450000000001 	 14384.8961201123147475 
	 4.7049399999999997 	 14383.4575031326312455 
	 4.7143350000000002 	 14382.0428761539951665 
	 4.7237299999999998 	 14380.6516902996045246 
	 4.7331250000000002 	 14379.2833967144943017 
	 4.7425199999999998 	 14377.9379701794805442 
	 4.7519150000000003 	 14376.6148476802154619 
	 4.7613099999999999 	 14375.3138243437042547 
	 4.7707049999999995 	 14374.0343493644322734 
	 4.7801000000000000 	 14372.7761480744702567 
	 4.7894950000000005 	 14371.5389264005716541 
	 4.7988900000000001 	 14370.3221451130484638 
	 4.8082849999999997 	 14369.1254671648166550 
	 4.8176800000000002 	 14367.9487350421150040 
	 4.8270749999999998 	 14366.7914972544349439 
	 4.8364700000000003 	 14365.6535488345034537 
	 4.8458649999999999 	 14364.5342330023067916 
	 4.8552599999999995 	 14363.4335242334564100 
	 4.8646550000000000 	 14362.3511656621358270 
	 4.8740500000000004 	 14361.2865531808838568 
	 4.8834450000000000 	 14360.2394503191953845 
	 4.8928399999999996 	 14359.2095827847278997 
	 4.9022350000000001 	 14358.1966899789294985 
	 4.9116300000000006 	 14357.2003500975042698 
	 4.9210250000000002 	 14356.2203960365059174 
	 4.9304199999999998 	 14355.2565237112703471 
	 4.9398150000000003 	 14354.3083250545187184 
	 4.9492100000000008 	 14353.3754927126465191 
	 4.9586050000000004 	 14352.4578729976256000 
	 4.9680000000000000 	 14351.5553144949080888 
	 4.9773949999999996 	 14350.6672444070827623 
	 4.9867900000000001 	 14349.7935343996050506 
	 4.9961850000000005 	 14348.9338546924591355 
	 5.0055800000000001 	 14348.0879368364512629 
	 5.0149750000000006 	 14347.2556631573716004 
	 5.0243700000000002 	 14346.4366725229865551 
	 5.0337649999999989 	 14345.6306782741175994 
	 5.0431600000000003 	 14344.8375360559712135 
	 5.0525549999999999 	 14344.0569457390793104 
	 5.0619499999999995 	 14343.2886145903576107 
	 5.0713449999999991 	 14342.5323628568694403 
	 5.0807400000000005 	 14341.7879240539787133 
	 5.0901350000000001 	 14341.0547891601036099 
	 5.0995299999999997 	 14340.3333676167349040 
	 5.1089249999999993 	 14339.6231308375827211 
	 5.1183200000000006 	 14338.9238233709493215 
	 5.1277150000000002 	 14338.2351574100557627 
	 5.1371099999999998 	 14337.5572403767782816 
	 5.1465049999999994 	 14336.8894887260466930 
	 5.1558999999999999 	 14336.2317966707323649 
	 5.1652949999999995 	 14335.5840670439192763 
	 5.1746900000000000 	 14334.9461042834227555 
	 5.1840849999999996 	 14334.3176913036822953 
	 5.1934800000000001 	 14333.6984931887545827 
	 5.2028749999999997 	 14333.0884613271809940 
	 5.2122700000000002 	 14332.4874797017382662 
	 5.2216649999999998 	 14331.8952613948240469 
	 5.2310600000000003 	 14331.3116512252709072 
	 5.2404549999999999 	 14330.7363951748957334 
	 5.2498499999999995 	 14330.1694190346479445 
	 5.2592449999999999 	 14329.6107370762401843 
	 5.2686400000000004 	 14329.0590916355940863 
	 5.2780350000000000 	 14328.5159075444971677 
	 5.2874299999999996 	 14327.9805917435623996 
	 5.2968249999999992 	 14327.4525933418281056 
	 5.3062200000000006 	 14326.9319552118813590 
	 5.3156150000000002 	 14326.4184848157783563 
	 5.3250099999999998 	 14325.9120800500459154 
	 5.3344049999999994 	 14325.4126257125135453 
	 5.3437999999999999 	 14324.9199092628823564 
	 5.3531950000000004 	 14324.4338253821897524 
	 5.3625900000000000 	 14323.9542661105060688 
	 5.3719849999999996 	 14323.4810952963543969 
	 5.3813800000000001 	 14323.0141801113386464 
	 5.3907749999999997 	 14322.5534211782432976 
	 5.4001700000000001 	 14322.0986820913858537 
	 5.4095649999999997 	 14321.6497769803499978 
	 5.4189600000000002 	 14321.2067321919384995 
	 5.4283549999999998 	 14320.7693763715487876 
	 5.4377500000000003 	 14320.3376350133476080 
	 5.4471449999999999 	 14319.9113047945575090 
	 5.4565400000000004 	 14319.4904364990543399 
	 5.4659350000000000 	 14319.0748728471917275 
	 5.4753299999999996 	 14318.6644272906396509 
	 5.4847250000000001 	 14318.2591164980967733 
	 5.4941200000000006 	 14317.8588429418632586 
	 5.5035150000000002 	 14317.4634619139415008 
	 5.5129099999999998 	 14317.0729305878012383 
	 5.5223049999999994 	 14316.6871672578818107 
	 5.5317000000000007 	 14316.3060636317823082 
	 5.5410950000000003 	 14315.9296390838298976 
	 5.5504899999999999 	 14315.5579627050592535 
	 5.5598849999999995 	 14315.1904698195285164 
	 5.5692800000000009 	 14314.8273801633076800 
	 5.5786750000000005 	 14314.4686669188340602 
	 5.5880700000000001 	 14314.1142481351016613 
	 5.5974649999999997 	 14313.7639434044303925 
	 5.6068600000000011 	 14313.4178658389464545 
	 5.6162549999999998 	 14313.0758788606981398 
	 5.6256499999999994 	 14312.7379362111805676 
	 5.6350449999999999 	 14312.4039576704144565 
	 5.6444399999999995 	 14312.0739121320511913 
	 5.6538349999999999 	 14311.7477871505561779 
	 5.6632300000000004 	 14311.4254984890631022 
	 5.6726250000000000 	 14311.1070221198424406 
	 5.6820199999999996 	 14310.7922650915315899 
	 5.6914149999999992 	 14310.4812549473917898 
	 5.7008099999999997 	 14310.1739163216498127 
	 5.7102050000000002 	 14309.8702426194340660 
	 5.7195999999999998 	 14309.5701526365046448 
	 5.7289949999999994 	 14309.2736568283762608 
	 5.7383899999999999 	 14308.9807169871310180 
	 5.7477850000000004 	 14308.6912637670338881 
	 5.7571800000000000 	 14308.4053096776442544 
	 5.7665749999999996 	 14308.1228165672964678 
	 5.7759699999999992 	 14307.8437475668033585 
	 5.7853649999999996 	 14307.5681172894401243 
	 5.7947600000000001 	 14307.2958719862999715 
	 5.8041549999999997 	 14307.0269652863535157 
	 5.8135500000000002 	 14306.7613969464546244 
	 5.8229449999999998 	 14306.4991418849076581 
	 5.8323400000000003 	 14306.2402162233647687 
	 5.8417349999999999 	 14305.9846308877240517 
	 5.8511299999999995 	 14305.7322857162580476 
	 5.8605250000000000 	 14305.4831279719237500 
	 5.8699199999999996 	 14305.2372898511312087 
	 5.8793150000000001 	 14304.9946593283402763 
	 5.8887100000000006 	 14304.7552416946546145 
	 5.8981050000000002 	 14304.5190349284894182 
	 5.9074999999999998 	 14304.2860227314940857 
	 5.9168950000000002 	 14304.0562119310907292 
	 5.9262899999999998 	 14303.8295625625523826 
	 5.9356850000000003 	 14303.6060708180648362 
	 5.9450799999999999 	 14303.3857490839345701 
	 5.9544749999999995 	 14303.1685868682707223 
	 5.9638700000000000 	 14302.9545699620175583 
	 5.9732650000000005 	 14302.7436803130949556 
	 5.9826600000000001 	 14302.5358731101787271 
	 5.9920549999999997 	 14302.3311755354661727 
	 6.0014499999999993 	 14302.1296459521254292 
	 6.0108449999999998 	 14301.9311663355128985 
	 6.0202400000000003 	 14301.7358539963788644 
	 6.0296349999999999 	 14301.5435731016532372 
	 6.0390300000000003 	 14301.3543747846888436 
	 6.0484249999999999 	 14301.1682935384578741 
	 6.0578200000000004 	 14300.9852492858881305 
	 6.0672150000000000 	 14300.8052942397280276 
	 6.0766099999999996 	 14300.6283691312237352 
	 6.0860050000000001 	 14300.4544865217339975 
	 6.0953999999999997 	 14300.2836831449094461 
	 6.1047950000000002 	 14300.1159382956611807 
	 6.1141900000000007 	 14299.9511842119427456 
	 6.1235850000000003 	 14299.7894589696152252 
	 6.1329799999999999 	 14299.6307655055898067 
	 6.1423750000000004 	 14299.4750513897470228 
	 6.1517700000000000 	 14299.3223769175874622 
	 6.1611650000000004 	 14299.1725904587401601 
	 6.1705600000000000 	 14299.0258957258374721 
	 6.1799549999999996 	 14298.8821183499003382 
	 6.1893500000000010 	 14298.7413048324342526 
	 6.1987450000000006 	 14298.6037776067223604 
	 6.2081400000000002 	 14298.4673872841176490 
	 6.2175349999999998 	 14298.3423206609768386 
	 6.2269299999999994 	 14298.1656013841729873 
	 6.2363250000000008 	 14298.0190170930090972 
	 6.2457200000000004 	 14297.9054087977729068 
	 6.2551150000000000 	 14297.7860304005207581 
	 6.2645100000000005 	 14297.6695841099099198 
	 6.2739050000000010 	 14297.5558937343303114 
	 6.2833000000000006 	 14297.4450551941663434 
	 6.2926950000000001 	 14297.3370150219361676 
	 6.3020899999999997 	 14297.2318709921382833 
	 6.3114850000000002 	 14297.1292746881426865 
	 6.3208800000000007 	 14297.0298977959919284 
	 6.3302750000000003 	 14296.9360526717664470 
	 6.3396700000000008 	 14296.8390967918785464 
	 6.3490650000000004 	 14296.7448692471334653 
	 6.3584600000000000 	 14296.7003249854733440 
	 6.3678550000000005 	 14296.6214022865206061 
	 6.3772500000000001 	 14296.5343314512010693 
	 6.3866450000000006 	 14296.4538758578037232 
	 6.3960400000000002 	 14296.3747078835203865 
	 6.4054350000000007 	 14296.2985295657854294 
	 6.4148300000000011 	 14296.2248608056106605 
	 6.4242250000000007 	 14296.1538293698868074 
	 6.4336200000000003 	 14296.0853231502132985 
	 6.4430149999999999 	 14296.0193696360729518 
	 6.4524100000000004 	 14295.9559366185349063 
	 6.4618050000000009 	 14295.8950776659658004 
	 6.4712000000000005 	 14295.8365600012257346 
	 6.4805950000000001 	 14295.7805081088390580 
	 6.4899900000000006 	 14295.7269120362270769 
	 6.4993849999999993 	 14295.6757374513763352 
	 6.5087799999999998 	 14295.6268879400995502 
	 6.5181749999999994 	 14295.5804108715092298 
	 6.5275699999999990 	 14295.5362119970668573 
	 6.5369650000000004 	 14295.4943704915731360 
	 6.5463600000000000 	 14295.4547938017494744 
	 6.5557549999999996 	 14295.4174632709327852 
	 6.5651499999999992 	 14295.3823637269360916 
	 6.5745449999999988 	 14295.3493743739163619 
	 6.5839400000000001 	 14295.3185670135007967 
	 6.5933349999999997 	 14295.2899406271335465 
	 6.6027299999999993 	 14295.2633809101771476 
	 6.6121249999999998 	 14295.2389376852097485 
	 6.6215199999999994 	 14295.2165078043581161 
	 6.6309149999999999 	 14295.1961311707655113 
	 6.6403099999999995 	 14295.1777691344777850 
	 6.6497049999999991 	 14295.1613228926362353 
	 6.6590999999999996 	 14295.1467771224633907 
	 6.6684950000000001 	 14295.1342831549936818 
	 6.6778899999999997 	 14295.1236204415963584 
	 6.6872850000000001 	 14295.1144035900833842 
	 6.6966799999999997 	 14295.1071258399315411 
	 6.7060749999999993 	 14295.1019372670871235 
	 6.7154699999999998 	 14295.0985246936543263 
	 6.7248649999999994 	 14295.0967619813854981 
	 6.7342599999999999 	 14295.0967201536495850 
	 6.7436549999999995 	 14295.0983708614967327 
	 6.7530500000000000 	 14295.1016409328749432 
	 6.7624450000000005 	 14295.1065770235763921 
	 6.7718400000000001 	 14295.1131068358245102 
	 6.7812349999999997 	 14295.1211128678096429 
	 6.7906299999999993 	 14295.1306507928948122 
	 6.8000249999999998 	 14295.1417329994328611 
	 6.8094200000000003 	 14295.1542633294084226 
	 6.8188149999999998 	 14295.1682556536361517 
	 6.8282099999999994 	 14295.1836340419431508 
	 6.8376049999999999 	 14295.2003693393908179 
	 6.8469999999999995 	 14295.2184745318536443 
	 6.8563950000000000 	 14295.2378741305510630 
	 6.8657899999999996 	 14295.2586614619885950 
	 6.8751849999999992 	 14295.2807145445185597 
	 6.8845799999999997 	 14295.3038689913610142 
	 6.8939750000000002 	 14295.3282751604710938 
	 6.9033699999999998 	 14295.3539072712101188 
	 6.9127650000000003 	 14295.3806572043740744 
	 6.9221599999999999 	 14295.4085819072097365 
	 6.9315549999999995 	 14295.4375366010681319 
	 6.9409500000000000 	 14295.4676059864359559 
	 6.9503449999999996 	 14295.4986817895223794 
	 6.9597400000000000 	 14295.5307897712118574 
	 6.9691349999999996 	 14295.5638897352218919 
	 6.9785299999999992 	 14295.5979493442173407 
	 6.9879250000000006 	 14295.6328977309021866 
	 6.9973200000000002 	 14295.6688190535805916 
	 7.0067149999999998 	 14295.7056115210434655 
	 7.0161099999999994 	 14295.7432353159092600 
	 7.0255049999999990 	 14295.7817037969525700 
	 7.0349000000000004 	 14295.8210076902323635 
	 7.0442950000000000 	 14295.8610873193429143 
	 7.0536899999999996 	 14295.9018933458810352 
	 7.0630850000000001 	 14295.9434005566454289 
	 7.0724800000000005 	 14295.9856078455195529 
	 7.0818750000000001 	 14296.0285784025545581 
	 7.0912699999999997 	 14296.0722061651085824 
	 7.1006649999999993 	 14296.1164162462519016 
	 7.1100599999999998 	 14296.1612599330946978 
	 7.1194550000000003 	 14296.2066404142442479 
	 7.1288499999999999 	 14296.2526355578138464 
	 7.1382450000000004 	 14296.2992172736776411 
	 7.1476400000000000 	 14296.3463106257913751 
	 7.1570350000000005 	 14296.3938666440753877 
	 7.1664300000000001 	 14296.4418590613004199 
	 7.1758249999999997 	 14296.4903682825388387 
	 7.1852200000000002 	 14296.5393086786716594 
	 7.1946149999999998 	 14296.5886663889450574 
	 7.2040100000000002 	 14296.6384585873856850 
	 7.2134050000000007 	 14296.6885617575753713 
	 7.2228000000000003 	 14296.7390408060982736 
	 7.2321949999999999 	 14296.7898916046960949 
	 7.2415900000000004 	 14296.8409715960497124 
	 7.2509850000000000 	 14296.8924643451773591 
	 7.2603800000000005 	 14296.9441454356274335 
	 7.2697750000000001 	 14296.9961367266805610 
	 7.2791699999999997 	 14297.0484144549627672 
	 7.2885650000000002 	 14297.1008378403912502 
	 7.2979600000000007 	 14297.1535183964588214 
	 7.3073550000000003 	 14297.2063609698125219 
	 7.3167499999999999 	 14297.2593990954301262 
	 7.3261449999999995 	 14297.3125828144820844 
	 7.3355399999999999 	 14297.3658985840374953 
	 7.3449350000000004 	 14297.4193946127052186 
	 7.3543300000000000 	 14297.4729923708237038 
	 7.3637250000000005 	 14297.5266476622473419 
	 7.3731200000000001 	 14297.5803945000152453 
	 7.3825150000000006 	 14297.6341987085888832 
	 7.3919100000000002 	 14297.6880846545627719 
	 7.4013049999999998 	 14297.7420397280093312 
	 7.4107000000000003 	 14297.7959361921894015 
	 7.4200949999999999 	 14297.8499434613841004 
	 7.4294900000000004 	 14297.9038406121453590 
	 7.4388850000000009 	 14297.9577962835628568 
	 7.4482800000000005 	 14298.0116613193695230 
	 7.4576750000000001 	 14298.0655361426397576 
	 7.4670700000000005 	 14298.1193689982264914 
	 7.4764650000000001 	 14298.1731054940592003 
	 7.4858600000000006 	 14298.2267872096344945 
	 7.4952550000000002 	 14298.2803577580889396 
	 7.5046499999999998 	 14298.3338052481485647 
	 7.5140450000000012 	 14298.3872264020137663 
	 7.5234400000000008 	 14298.4405041302452446 
	 7.5328350000000004 	 14298.4935648032424069 
	 7.5422300000000000 	 14298.5465584103058063 
	 7.5516249999999996 	 14298.5993894033636025 
	 7.5610200000000010 	 14298.6520605045843695 
	 7.5704150000000006 	 14298.7045610397326527 
	 7.5798100000000002 	 14298.7568786882438872 
	 7.5892050000000006 	 14298.8090095870393270 
	 7.5986000000000002 	 14298.8609449995419709 
	 7.6079950000000007 	 14298.9126778991267201 
	 7.6173900000000003 	 14298.9642125422487879 
	 7.6267849999999999 	 14299.0154914605791419 
	 7.6361800000000004 	 14299.0665620837262395 
	 7.6455750000000009 	 14299.1173851068178919 
	 7.6549700000000005 	 14299.1680014209014189 
	 7.6643650000000010 	 14299.2183577060968673 
	 7.6737599999999988 	 14299.2683763867189555 
	 7.6831549999999993 	 14299.3181786660479702 
	 7.6925499999999998 	 14299.3677490374193439 
	 7.7019449999999994 	 14299.4170036868654279 
	 7.7113399999999999 	 14299.4659864446621214 
	 7.7207349999999995 	 14299.5147051803287468 
	 7.7301299999999991 	 14299.5631428826854972 
	 7.7395249999999995 	 14299.6111906308233301 
	 7.7489199999999991 	 14299.6590281838598457 
	 7.7583149999999996 	 14299.7064794813013577 
	 7.7677099999999992 	 14299.7536037880290678 
	 7.7771049999999997 	 14299.8005446606803162 
	 7.7865000000000002 	 14299.8470520875871443 
	 7.7958949999999998 	 14299.8932163138561009 
	 7.8052899999999994 	 14299.9391100943557831 
	 7.8146849999999990 	 14299.9846093876585655 
	 7.8240799999999995 	 14300.0297985700017307 
	 7.8334750000000000 	 14300.0746720688439382 
	 7.8428699999999996 	 14300.1191350470635371 
	 7.8522649999999992 	 14300.1632857513577619 
	 7.8616600000000005 	 14300.2071044205640646 
	 7.8710550000000001 	 14300.2505607809853245 
	 7.8804499999999997 	 14300.2935928618044272 
	 7.8898449999999993 	 14300.3363053178109112 
	 7.8992399999999989 	 14300.3787119612352399 
	 7.9086350000000003 	 14300.4207157798900880 
	 7.9180299999999999 	 14300.4623280392152083 
	 7.9274249999999995 	 14300.5035785372165265 
	 7.9368200000000000 	 14300.5444531305165583 
	 7.9462149999999996 	 14300.5849397768142808 
	 7.9556100000000001 	 14300.6250773943829699 
	 7.9650049999999997 	 14300.6648241240563948 
	 7.9743999999999993 	 14300.7041857192671159 
	 7.9837949999999998 	 14300.7431908799153462 
	 7.9931900000000002 	 14300.7818123802608170 
	 8.0025849999999998 	 14300.8200608716251736 
	 8.0119799999999994 	 14300.8579039957676287 
	 8.0213749999999990 	 14300.8953435840085149 
	 8.0307700000000004 	 14300.9324328107650217 
	 8.0401650000000000 	 14300.9691536131740577 
	 8.0495599999999996 	 14301.0054845492195454 
	 8.0589549999999992 	 14301.0414371424012643 
	 8.0683500000000006 	 14301.0769891411655408 
	 8.0777450000000002 	 14301.1120539754228957 
	 8.0871399999999998 	 14301.1469036127818981 
	 8.0965349999999994 	 14301.1812959890467027 
	 8.1059300000000007 	 14301.2152916956565605 
	 8.1153250000000003 	 14301.2489528129026439 
	 8.1247199999999999 	 14301.2821477372744994 
	 8.1341149999999995 	 14301.3150324741309305 
	 8.1435099999999991 	 14301.3475663036842889 
	 8.1529050000000005 	 14301.3796178685879568 
	 8.1623000000000001 	 14301.4113769965315441 
	 8.1716949999999997 	 14301.4427503418464767 
	 8.1810899999999993 	 14301.4737173249959596 
	 8.1904849999999989 	 14301.5043356625374145 
	 8.1998800000000003 	 14301.5345923223740101 
	 8.2092749999999999 	 14301.5644079726735072 
	 8.2186699999999995 	 14301.5939034349466965 
	 8.2280649999999991 	 14301.6230062345275655 
	 8.2374600000000004 	 14301.6517743410331605 
	 8.2468550000000000 	 14301.6801374733768171 
	 8.2562499999999996 	 14301.7081717011787987 
	 8.2656449999999992 	 14301.7358406624371128 
	 8.2750399999999988 	 14301.7631214214125066 
	 8.2844350000000002 	 14301.7900350366999191 
	 8.2938299999999998 	 14301.8166034610840143 
	 8.3032249999999994 	 14301.8428451220061106 
	 8.3126200000000008 	 14301.8686890061817394 
	 8.3220150000000004 	 14301.8941996239846048 
	 8.3314100000000000 	 14301.9194385713235533 
	 8.3408049999999996 	 14301.9442506180312193 
	 8.3501999999999992 	 14301.9687099983329972 
	 8.3595950000000006 	 14301.9928981195607776 
	 8.3689900000000002 	 14302.0166608047347836 
	 8.3783849999999997 	 14302.0401999442892702 
	 8.3877800000000011 	 14302.0633185103815777 
	 8.3971750000000007 	 14302.0861387268432736 
	 8.4065700000000003 	 14302.1087279423245491 
	 8.4159649999999999 	 14302.1305934485117177 
	 8.4253599999999995 	 14302.1539165843933006 
	 8.4347550000000009 	 14302.1787224191975838 
	 8.4441500000000005 	 14302.2014522279005178 
	 8.4535450000000001 	 14302.2220427992524492 
	 8.4629399999999997 	 14302.2426081121793686 
	 8.4723350000000011 	 14302.2628876124490489 
	 8.4817300000000007 	 14302.2828389463138592 
	 8.4911250000000003 	 14302.3024862461115845 
	 8.5005199999999999 	 14302.3218523349369207 
	 8.5099149999999995 	 14302.3408849622483103 
	 8.5193100000000008 	 14302.3596576047475537 
	 8.5287050000000004 	 14302.3781256756010407 
	 8.5381000000000000 	 14302.3963092857320589 
	 8.5474949999999996 	 14302.4142381514157023 
	 8.5568900000000010 	 14302.4318395164136746 
	 8.5662850000000006 	 14302.4492016021849849 
	 8.5756800000000002 	 14302.4663102655758848 
	 8.5850749999999998 	 14302.4831249085582385 
	 8.5944700000000012 	 14302.4996742562598229 
	 8.6038650000000008 	 14302.5159835791637306 
	 8.6132600000000004 	 14302.5320205693569733 
	 8.6226550000000000 	 14302.5477708113448898 
	 8.6320499999999996 	 14302.5632964828837430 
	 8.6414450000000009 	 14302.5785823834175972 
	 8.6508400000000005 	 14302.5936616765848157 
	 8.6602350000000001 	 14302.6084255137084256 
	 8.6696299999999997 	 14302.6229617860590224 
	 8.6790249999999993 	 14302.6373334091094875 
	 8.6884200000000007 	 14302.6513879905578506 
	 8.6978150000000003 	 14302.6652946952781349 
	 8.7072099999999999 	 14302.6789529080851935 
	 8.7166049999999995 	 14302.6923827962909854 
	 8.7259999999999991 	 14302.7055744765602867 
	 8.7353950000000005 	 14302.7185091640185419 
	 8.7447900000000001 	 14302.7313264616896049 
	 8.7541850000000014 	 14302.7439458352055226 
	 8.7635800000000010 	 14302.7563173684084177 
	 8.7729750000000006 	 14302.7685025821047020 
	 8.7823700000000002 	 14302.7804645977357723 
	 8.7917649999999998 	 14302.7923237564518786 
	 8.8011599999999994 	 14302.8039183408163808 
	 8.8105549999999990 	 14302.8153130671362305 
	 8.8199500000000022 	 14302.8265401416028908 
	 8.8293450000000018 	 14302.8376548835167341 
	 8.8387400000000014 	 14302.8485154226782470 
	 8.8481349999999992 	 14302.8591870104901318 
	 8.8575299999999988 	 14302.8697138070801884 
	 8.8669249999999984 	 14302.8801412447664916 
	 8.8763199999999998 	 14302.8903534635755932 
	 8.8857149999999994 	 14302.9004283868725906 
	 8.8951099999999990 	 14302.9103480713365570 
	 8.9045050000000003 	 14302.9200603208519169 
	 8.9138999999999999 	 14302.9296360700373043 
	 8.9232949999999995 	 14302.9391248430165433 
	 8.9326899999999991 	 14302.9484849590680824 
	 8.9420850000000005 	 14302.9576368537218514 
	 8.9514800000000001 	 14302.9666739569584024 
	 8.9608749999999997 	 14302.9755883504822123 
	 8.9702699999999993 	 14302.9844044757883239 
	 8.9796649999999989 	 14302.9930678528180579 
	 8.9890599999999985 	 14303.0015634976480214 
	 8.9984549999999999 	 14303.0099384309705783 
	 9.0078499999999995 	 14303.0182964531031757 
	 9.0172449999999991 	 14303.0264550445481291 
	 9.0266400000000004 	 14303.0345251137150626 
	 9.0360350000000000 	 14303.0424920009281777 
	 9.0454299999999996 	 14303.0503163742851029 
	 9.0548249999999992 	 14303.0580663474229368 
	 9.0642199999999988 	 14303.0657449914760946 
	 9.0736149999999984 	 14303.0732992143312003 
	 9.0830099999999980 	 14303.0807453514880763 
	 9.0924050000000012 	 14303.0881369615108269 
	 9.1018000000000008 	 14303.0954338874034875 
	 9.1111950000000004 	 14303.1026145810246817 
	 9.1205900000000000 	 14303.1096848626530118 
	 9.1299849999999996 	 14303.1167113716528547 
	 9.1393799999999992 	 14303.1237081460603804 
	 9.1487749999999988 	 14303.1306522181257606 
	 9.1581699999999984 	 14303.1374389650572994 
	 9.1675649999999997 	 14303.1441175960990222 
	 9.1769600000000011 	 14303.1507846771801269 
	 9.1863550000000007 	 14303.1573614338758489 
	 9.1957500000000003 	 14303.1638897561242629 
	 9.2051449999999999 	 14303.1704047347229789 
	 9.2145399999999995 	 14303.1768299915911484 
	 9.2239349999999991 	 14303.1831527580670809 
	 9.2333299999999987 	 14303.1894517611453921 
	 9.2427250000000001 	 14303.1957523567216413 
	 9.2521200000000015 	 14303.2019641517090349 
	 9.2615150000000011 	 14303.2080724483839731 
	 9.2709100000000007 	 14303.2141636448777717 
	 9.2803050000000002 	 14303.2202298450320086 
	 9.2896999999999998 	 14303.2262882971699582 
	 9.2990949999999994 	 14303.2322972070815013 
	 9.3084899999999990 	 14303.2382466584422218 
	 9.3178849999999986 	 14303.2441186850155646 
	 9.3272800000000000 	 14303.2499874377881497 
	 9.3366749999999996 	 14303.2558805541284528 
	 9.3460700000000010 	 14303.2617132021950965 
	 9.3554650000000006 	 14303.2674937786723603 
	 9.3648600000000002 	 14303.2733137547929800 
	 9.3742549999999998 	 14303.2790662443221663 
	 9.3836499999999994 	 14303.2847764233501948 
	 9.3930450000000008 	 14303.2905357623621967 
	 9.4024400000000004 	 14303.2962026203040296 
	 9.4118350000000000 	 14303.3018832106808986 
	 9.4212299999999995 	 14303.3076018455612939 
	 9.4306249999999991 	 14303.3132331747201533 
	 9.4400200000000005 	 14303.3189236641992466 
	 9.4494150000000001 	 14303.3245918324792001 
	 9.4588099999999997 	 14303.3302267694762122 
	 9.4682049999999993 	 14303.3358911126506428 
	 9.4776000000000007 	 14303.3415323604167497 
	 9.4869950000000003 	 14303.3471921838736307 
	 9.4963899999999999 	 14303.3528222598888533 
	 9.5057849999999995 	 14303.3584862488933140 
	 9.5151799999999991 	 14303.3641443028664071 
	 9.5245749999999987 	 14303.3697976211933565 
	 9.5339700000000001 	 14303.3754699676337623 
	 9.5433650000000014 	 14303.3811048931383993 
	 9.5527600000000010 	 14303.3867702479601576 
	 9.5621550000000006 	 14303.3924750637834222 
	 9.5715500000000002 	 14303.3981670616540214 
	 9.5809449999999998 	 14303.4038821069625556 
	 9.5903399999999994 	 14303.4095750246306125 
	 9.5997349999999990 	 14303.4152892057391000 
	 9.6091299999999986 	 14303.4210461162983847 
	 9.6185250000000000 	 14303.4268425741611281 
	 9.6279200000000014 	 14303.4326373252224585 
	 9.6373150000000010 	 14303.4383890157259884 
	 9.6467100000000006 	 14303.4441442579918657 
	 9.6561050000000002 	 14303.4499483327053895 
	 9.6654999999999998 	 14303.4558150752782240 
	 9.6748949999999994 	 14303.4616706437118410 
	 9.6842899999999990 	 14303.4675217748244904 
	 9.6936850000000003 	 14303.4734242390641157 
	 9.7030800000000017 	 14303.4793281216952892 
	 9.7124750000000013 	 14303.4852298353671358 
	 9.7218700000000009 	 14303.4911285406979005 
	 9.7312650000000005 	 14303.4970457714662189 
	 9.7406600000000001 	 14303.5030987082536740 
	 9.7500549999999997 	 14303.5090226532101951 
	 9.7594499999999993 	 14303.5151048117768369 
	 9.7688449999999989 	 14303.5210810302523896 
	 9.7782400000000003 	 14303.5271031405518443 
	 9.7876350000000016 	 14303.5332091135551309 
	 9.7970300000000012 	 14303.5392692300301860 
	 9.8064250000000008 	 14303.5453867374635593 
	 9.8158200000000004 	 14303.5515497485921514 
	 9.8252150000000000 	 14303.5576825308799016 
	 9.8346099999999996 	 14303.5638593539406429 
	 9.8440050000000010 	 14303.5700220634225843 
	 9.8534000000000006 	 14303.5762073984078597 
	 9.8627950000000002 	 14303.5824592888875486 
	 9.8721899999999998 	 14303.5886864529711602 
	 9.8815850000000012 	 14303.5950376463351859 
	 9.8909800000000008 	 14303.6012697378628218 
	 9.9003750000000004 	 14303.6076228729143622 
	 9.9097700000000000 	 14303.6139086286166275 
	 9.9191649999999996 	 14303.6202664115153311 
	 9.9285600000000009 	 14303.6266490500802320 
	 9.9379550000000005 	 14303.6330357181122963 
	 9.9473500000000001 	 14303.6394952482405643 
	 9.9567449999999997 	 14303.6459130671155435 
	 9.9661400000000011 	 14303.6523357069272606 
	 9.9755350000000007 	 14303.6588350489491859 
	 9.9849300000000003 	 14303.6653028264117893 
	 9.9943250000000017 	 14303.6718271019581152 
	 10.0037200000000013 	 14303.6783913314302481 
	 10.0131150000000009 	 14303.6848969490765739 
	 10.0225099999999987 	 14303.6915113200211636 
	 10.0319049999999983 	 14303.6981232077268942 
	 10.0412999999999979 	 14303.7046842628551531 
	 10.0506950000000010 	 14303.7113744833386590 
	 10.0600900000000006 	 14303.7180149535979581 
	 10.0694850000000002 	 14303.7246105029007595 
	 10.0788799999999998 	 14303.7313039024138561 
	 10.0882749999999994 	 14303.7380330590840458 
	 10.0976699999999990 	 14303.7447282144694327 
	 10.1070649999999986 	 14303.7514803061349085 
	 10.1164600000000000 	 14303.7581903035134019 
	 10.1258549999999996 	 14303.7649647183534398 
	 10.1352499999999992 	 14303.7717556485440582 
	 10.1446450000000006 	 14303.7785428722872894 
	 10.1540400000000002 	 14303.7853450541151688 
	 10.1634349999999998 	 14303.7921496173130436 
	 10.1728299999999994 	 14303.7989895951232029 
	 10.1822249999999990 	 14303.8058154402515356 
	 10.1916199999999986 	 14303.8127075525517284 
	 10.2010149999999999 	 14303.8195436991791212 
	 10.2104099999999995 	 14303.8263894789997721 
	 10.2198049999999991 	 14303.8332588918328838 
	 10.2291999999999987 	 14303.8401497061731789 
	 10.2385950000000001 	 14303.8470596905299317 
	 10.2479899999999997 	 14303.8539866133996838 
	 10.2573849999999993 	 14303.8609282432917098 
	 10.2667800000000007 	 14303.8678823487025511 
	 10.2761750000000003 	 14303.8748466981342062 
	 10.2855699999999999 	 14303.8818190600977687 
	 10.2949649999999995 	 14303.8887972030843230 
	 10.3043599999999991 	 14303.8957789297146519 
	 10.3137550000000005 	 14303.9027629771426291 
	 10.3231500000000000 	 14303.9097491089160030 
	 10.3325449999999996 	 14303.9167371411203931 
	 10.3419399999999992 	 14303.9237268898395996 
	 10.3513350000000006 	 14303.9307181711465091 
	 10.3607300000000002 	 14303.9377108011321980 
	 10.3701249999999998 	 14303.9447045958804665 
	 10.3795199999999994 	 14303.9516993714623823 
	 10.3889149999999990 	 14303.9586949439672026 
	 10.3983099999999986 	 14303.9656911294769088 
	 10.4077050000000000 	 14303.9726876958320645 
	 10.4171000000000014 	 14303.9796840765720845 
	 10.4264950000000010 	 14303.9866795636207826 
	 10.4358900000000006 	 14303.9936734484144836 
	 10.4452850000000002 	 14304.0006650223767792 
	 10.4546799999999998 	 14304.0076535769312613 
	 10.4640749999999993 	 14304.0146384035178926 
	 10.4734699999999989 	 14304.0216187935493508 
	 10.4828649999999985 	 14304.0285940384583228 
	 10.4922599999999981 	 14304.0355634296702192 
	 10.5016550000000013 	 14304.0425262588087207 
	 10.5110500000000009 	 14304.0494818732513522 
	 10.5204450000000005 	 14304.0564297534583602 
	 10.5298400000000001 	 14304.0633693993186171 
	 10.5392349999999997 	 14304.0703003107173572 
	 10.5486299999999993 	 14304.0772219875325391 
	 10.5580249999999989 	 14304.0841339296603110 
	 10.5674200000000003 	 14304.0910356369768124 
	 10.5768149999999999 	 14304.0979266093745537 
	 10.5862100000000012 	 14304.1048063467333122 
	 10.5956050000000008 	 14304.1116743489365035 
	 10.6050000000000004 	 14304.1185301118857751 
	 10.6143949999999982 	 14304.1253730522075784 
	 10.6237899999999996 	 14304.1322025136687444 
	 10.6331849999999992 	 14304.1390178373130766 
	 10.6425799999999988 	 14304.1458183641861979 
	 10.6519749999999984 	 14304.1526034353410068 
	 10.6613699999999998 	 14304.1593723918249452 
	 10.6707649999999994 	 14304.1661245746872737 
	 10.6801600000000008 	 14304.1728593249754340 
	 10.6895550000000004 	 14304.1795759837405058 
	 10.6989500000000000 	 14304.1862738920281117 
	 10.7083449999999996 	 14304.1929524127481272 
	 10.7177400000000009 	 14304.1996110313775716 
	 10.7271349999999988 	 14304.2062492760760506 
	 10.7365300000000001 	 14304.2128666750559205 
	 10.7459249999999980 	 14304.2194627565204428 
	 10.7553199999999993 	 14304.2260370486856118 
	 10.7647149999999989 	 14304.2325890797546890 
	 10.7741100000000003 	 14304.2391183779400308 
	 10.7835049999999999 	 14304.2456244714467175 
	 10.7928999999999995 	 14304.2521068884834676 
	 10.8022949999999991 	 14304.2585651572535426 
	 10.8116900000000005 	 14304.2649988050743559 
	 10.8210849999999983 	 14304.2714073575243674 
	 10.8304799999999997 	 14304.2777903399801289 
	 10.8398749999999993 	 14304.2841472778163734 
	 10.8492700000000006 	 14304.2904776964041957 
	 10.8586650000000002 	 14304.2967811211201479 
	 10.8680600000000016 	 14304.3030570773444197 
	 10.8774549999999994 	 14304.3093050904390111 
	 10.8868500000000008 	 14304.3155246857932070 
	 10.8962449999999986 	 14304.3217153887762834 
	 10.9056400000000000 	 14304.3278767260708264 
	 10.9150349999999978 	 14304.3340082440208789 
	 10.9244299999999992 	 14304.3401095040790096 
	 10.9338249999999988 	 14304.3461800680888700 
	 10.9432200000000002 	 14304.3522194978831976 
	 10.9526149999999998 	 14304.3582273553020059 
	 10.9620100000000011 	 14304.3642032021944033 
	 10.9714049999999990 	 14304.3701466003840324 
	 10.9808000000000003 	 14304.3760571117290965 
	 10.9901949999999999 	 14304.3819342980550573 
	 10.9995899999999995 	 14304.3877777212092042 
	 11.0089849999999991 	 14304.3935869432953041 
	 11.0183800000000005 	 14304.3993615276631317 
	 11.0277750000000001 	 14304.4051010380007938 
	 11.0371700000000015 	 14304.4108050380000350 
	 11.0465649999999993 	 14304.4164730913580570 
	 11.0559600000000007 	 14304.4221047617684235 
	 11.0653549999999985 	 14304.4276996129137842 
	 11.0747499999999999 	 14304.4332572084967978 
	 11.0841449999999995 	 14304.4387771122110280 
	 11.0935399999999991 	 14304.4442588877409435 
	 11.1029349999999987 	 14304.4497021004517592 
	 11.1123300000000000 	 14304.4551064325005427 
	 11.1217249999999996 	 14304.4604717575075483 
	 11.1311200000000010 	 14304.4657979668700136 
	 11.1405150000000006 	 14304.4710849519688054 
	 11.1499100000000002 	 14304.4763326041938853 
	 11.1593049999999998 	 14304.4815408149297582 
	 11.1687000000000012 	 14304.4867094755663857 
	 11.1780949999999990 	 14304.4918384774900915 
	 11.1874900000000004 	 14304.4969277120871993 
	 11.1968849999999982 	 14304.5019770707440330 
	 11.2062799999999996 	 14304.5069864348261035 
	 11.2156749999999992 	 14304.5119555699875491 
	 11.2250700000000005 	 14304.5168841675695148 
	 11.2344650000000001 	 14304.5217719176998799 
	 11.2438599999999997 	 14304.5266185104974284 
	 11.2532549999999993 	 14304.5314236360900395 
	 11.2626500000000007 	 14304.5361869845910405 
	 11.2720449999999985 	 14304.5409082461301296 
	 11.2814399999999999 	 14304.5455871108351857 
	 11.2908350000000013 	 14304.5502232688104414 
	 11.3002300000000009 	 14304.5548164101965085 
	 11.3096250000000005 	 14304.5593662907649559 
	 11.3190200000000019 	 14304.5638729103320657 
	 11.3284149999999997 	 14304.5683363253865537 
	 11.3378100000000011 	 14304.5727565924298688 
	 11.3472049999999989 	 14304.5771337679634598 
	 11.3566000000000003 	 14304.5814679084724048 
	 11.3659949999999981 	 14304.5857590704654285 
	 11.3753899999999994 	 14304.5900073104330659 
	 11.3847850000000008 	 14304.5942126848804037 
	 11.3941800000000004 	 14304.5983752502961579 
	 11.4035750000000000 	 14304.6024950590890512 
	 11.4129700000000014 	 14304.6065719846774300 
	 11.4223649999999992 	 14304.6106056557327975 
	 11.4317600000000006 	 14304.6145956832642696 
	 11.4411550000000002 	 14304.6185416782773245 
	 11.4505499999999998 	 14304.6224432517956302 
	 11.4599449999999994 	 14304.6263000148246647 
	 11.4693400000000025 	 14304.6301115783844580 
	 11.4787350000000004 	 14304.6338775534768502 
	 11.4881300000000017 	 14304.6375975511236902 
	 11.4975249999999996 	 14304.6412711823359132 
	 11.5069200000000009 	 14304.6448981069406727 
	 11.5163149999999987 	 14304.6484784292770200 
	 11.5257100000000001 	 14304.6520124911112362 
	 11.5351049999999997 	 14304.6555006364651490 
	 11.5444999999999993 	 14304.6589432093660434 
	 11.5538950000000007 	 14304.6623405538157385 
	 11.5632900000000021 	 14304.6656930138324242 
	 11.5726849999999999 	 14304.6690009334324714 
	 11.5820800000000013 	 14304.6722646566267940 
	 11.5914750000000009 	 14304.6754845274372201 
	 11.6008700000000005 	 14304.6786608898182749 
	 11.6102650000000001 	 14304.6817939835218567 
	 11.6196600000000014 	 14304.6848837319666927 
	 11.6290549999999993 	 14304.6879299987303966 
	 11.6384500000000006 	 14304.6909326473960391 
	 11.6478450000000002 	 14304.6938915415394149 
	 11.6572400000000016 	 14304.6968065447526897 
	 11.6666349999999994 	 14304.6996775206134771 
	 11.6760300000000008 	 14304.7025043327048479 
	 11.6854250000000004 	 14304.7052868446116918 
	 11.6948200000000000 	 14304.7080249199079844 
	 11.7042149999999996 	 14304.7107184276683256 
	 11.7136100000000010 	 14304.7133673996486323 
	 11.7230049999999988 	 14304.7159720536419627 
	 11.7324000000000002 	 14304.7185326176295348 
	 11.7417950000000015 	 14304.7210493195725576 
	 11.7511900000000011 	 14304.7235223874595249 
	 11.7605850000000007 	 14304.7259520492516458 
	 11.7699800000000021 	 14304.7283385329319572 
	 11.7793749999999999 	 14304.7306820664707629 
	 11.7887699999999978 	 14304.7329828778401861 
	 11.7981649999999991 	 14304.7352411950196256 
	 11.8075599999999987 	 14304.7374572405806248 
	 11.8169549999999983 	 14304.7396311977918231 
	 11.8263499999999997 	 14304.7417632325359591 
	 11.8357450000000011 	 14304.7438535106193740 
	 11.8451399999999989 	 14304.7459021978502278 
	 11.8545350000000003 	 14304.7479094600275857 
	 11.8639299999999999 	 14304.7498754629668838 
	 11.8733249999999995 	 14304.7518003724653681 
	 11.8827199999999991 	 14304.7536843543330178 
	 11.8921150000000004 	 14304.7555275743707170 
	 11.9015099999999983 	 14304.7573301983884448 
	 11.9109049999999996 	 14304.7590923913503502 
	 11.9202999999999992 	 14304.7608143161323824 
	 11.9296950000000006 	 14304.7624961353012623 
	 11.9390899999999984 	 14304.7641380114273488 
	 11.9484849999999998 	 14304.7657401070555352 
	 11.9578799999999994 	 14304.7673025847689132 
	 11.9672749999999990 	 14304.7688256071141950 
	 11.9766699999999986 	 14304.7703093366544636 
	 11.9860650000000000 	 14304.7717539359637158 
	 11.9954599999999978 	 14304.7731595675941207 
	 12.0048550000000009 	 14304.7745263971919485 
	 12.0142500000000005 	 14304.7758546560016839 
	 12.0236450000000001 	 14304.7771446380465932 
	 12.0330399999999997 	 14304.7783966398856137 
	 12.0424350000000011 	 14304.7796109580613120 
	 12.0518299999999989 	 14304.7807878891362634 
	 12.0612250000000003 	 14304.7819277296421205 
	 12.0706199999999981 	 14304.7830307761469157 
	 12.0800149999999995 	 14304.7840973251913965 
	 12.0894099999999991 	 14304.7851276733290433 
	 12.0988050000000005 	 14304.7861221171115176 
	 12.1082000000000001 	 14304.7870809412943345 
	 12.1175949999999997 	 14304.7880043613367889 
	 12.1269899999999993 	 14304.7888925674196798 
	 12.1363850000000006 	 14304.7897457497110736 
	 12.1457799999999985 	 14304.7905640983826743 
	 12.1551749999999998 	 14304.7913478035807202 
	 12.1645699999999994 	 14304.7920970554678206 
	 12.1739649999999990 	 14304.7928120442156796 
	 12.1833600000000004 	 14304.7934929599687166 
	 12.1927550000000018 	 14304.7941399929077306 
	 12.2021499999999996 	 14304.7947533337937784 
	 12.2115450000000010 	 14304.7953332663819310 
	 12.2209399999999988 	 14304.7958802658231434 
	 12.2303350000000002 	 14304.7963948308606632 
	 12.2397299999999980 	 14304.7968774602304620 
	 12.2491249999999994 	 14304.7973286526757875 
	 12.2585199999999990 	 14304.7977489069326111 
	 12.2679150000000003 	 14304.7981387217478186 
	 12.2773099999999999 	 14304.7984985958537436 
	 12.2867050000000013 	 14304.7988290279899957 
	 12.2960999999999991 	 14304.7991305169016414 
	 12.3054950000000005 	 14304.7994035507417721 
	 12.3148900000000001 	 14304.7996484494233300 
	 12.3242849999999997 	 14304.7998653981067037 
	 12.3336799999999993 	 14304.8000545781524124 
	 12.3430750000000007 	 14304.8002161709337088 
	 12.3524700000000003 	 14304.8003503578220261 
	 12.3618650000000017 	 14304.8004573201815219 
	 12.3712599999999995 	 14304.8005372393872676 
	 12.3806550000000009 	 14304.8005902968052396 
	 12.3900499999999987 	 14304.8006166738050524 
	 12.3994450000000001 	 14304.8006165517563204 
	 12.4088399999999996 	 14304.8005901324540901 
	 12.4182349999999992 	 14304.8005377152767323 
	 12.4276299999999988 	 14304.8004596287009917 
	 12.4370250000000002 	 14304.8003562012218026 
	 12.4464199999999998 	 14304.8002277613231854 
	 12.4558150000000012 	 14304.8000746374873415 
	 12.4652100000000008 	 14304.7998971582110244 
	 12.4746050000000004 	 14304.7996956519727974 
	 12.4840000000000000 	 14304.7994704472675949 
	 12.4933950000000014 	 14304.7992218725757994 
	 12.5027899999999992 	 14304.7989502566615556 
	 12.5121850000000006 	 14304.7986559494256653 
	 12.5215799999999984 	 14304.7983393369395344 
	 12.5309750000000015 	 14304.7980008088070463 
	 12.5403699999999994 	 14304.7976407546357223 
	 12.5497650000000007 	 14304.7972595640276268 
	 12.5591600000000003 	 14304.7968576265957381 
	 12.5685549999999999 	 14304.7964353319403017 
	 12.5779499999999995 	 14304.7959930696688389 
	 12.5873450000000009 	 14304.7955312293852330 
	 12.5967399999999987 	 14304.7950502006988245 
	 12.6061350000000001 	 14304.7945503680566617 
	 12.6155299999999997 	 14304.7940320528705342 
	 12.6249250000000011 	 14304.7934955343680485 
	 12.6343200000000007 	 14304.7929410910110164 
	 12.6437150000000020 	 14304.7923690012576117 
	 12.6531099999999999 	 14304.7917795435660082 
	 12.6625050000000012 	 14304.7911729963943799 
	 12.6718999999999991 	 14304.7905496382045385 
	 12.6812950000000004 	 14304.7899097474492009 
	 12.6906899999999982 	 14304.7892536025901791 
	 12.7000849999999996 	 14304.7885814820874657 
	 12.7094800000000010 	 14304.7878936822107789 
	 12.7188750000000006 	 14304.7871905685642560 
	 12.7282700000000002 	 14304.7864725236267986 
	 12.7376650000000016 	 14304.7857399298791279 
	 12.7470599999999994 	 14304.7849931697946886 
	 12.7564550000000008 	 14304.7842326258505636 
	 12.7658500000000004 	 14304.7834586805365689 
	 12.7752450000000000 	 14304.7826717163170542 
	 12.7846399999999996 	 14304.7818721156691026 
	 12.7940350000000009 	 14304.7810602610807109 
	 12.8034300000000005 	 14304.7802365341049153 
	 12.8128250000000019 	 14304.7794012721715262 
	 12.8222199999999997 	 14304.7785547498042433 
	 12.8316150000000011 	 14304.7776972367300914 
	 12.8410099999999989 	 14304.7768290026851901 
	 12.8504050000000003 	 14304.7759503173820121 
	 12.8597999999999999 	 14304.7750614505530393 
	 12.8691949999999995 	 14304.7741626719198393 
	 12.8785899999999991 	 14304.7732542512112559 
	 12.8879850000000022 	 14304.7723364581506758 
	 12.8973800000000001 	 14304.7714095624651236 
	 12.9067750000000014 	 14304.7704738376178284 
	 12.9161700000000010 	 14304.7695295929679560 
	 12.9255650000000006 	 14304.7685771578562708 
	 12.9349600000000002 	 14304.7676168618545489 
	 12.9443550000000016 	 14304.7666490345291095 
	 12.9537499999999994 	 14304.7656740054480906 
	 12.9631449999999973 	 14304.7646921041741734 
	 12.9725400000000004 	 14304.7637036602718581 
	 12.9819350000000000 	 14304.7627090033074637 
	 12.9913299999999996 	 14304.7617084628473094 
	 13.0007249999999992 	 14304.7607023684577143 
	 13.0101200000000006 	 14304.7596910337888403 
	 13.0195149999999984 	 14304.7586747219665995 
	 13.0289099999999998 	 14304.7576536860997294 
	 13.0383049999999994 	 14304.7566281793006056 
	 13.0476999999999990 	 14304.7555984546688705 
	 13.0570950000000003 	 14304.7545647653241758 
	 13.0664900000000017 	 14304.7535273643661640 
	 13.0758849999999995 	 14304.7524865049126674 
	 13.0852800000000009 	 14304.7514424400687858 
	 13.0946749999999987 	 14304.7503954229396186 
	 13.1040700000000001 	 14304.7493457076379855 
	 13.1134649999999979 	 14304.7482935803054716 
	 13.1228599999999993 	 14304.7472393652496976 
	 13.1322549999999989 	 14304.7461833890101843 
	 13.1416499999999985 	 14304.7451259781119006 
	 13.1510449999999999 	 14304.7440674590980052 
	 13.1604400000000012 	 14304.7430081584934669 
	 13.1698349999999991 	 14304.7419484028396255 
	 13.1792300000000004 	 14304.7408885186669067 
	 13.1886250000000000 	 14304.7398288325111935 
	 13.1980199999999996 	 14304.7387696709010925 
	 13.2074149999999992 	 14304.7377113375678164 
	 13.2168100000000006 	 14304.7366539617578383 
	 13.2262049999999984 	 14304.7355975921018398 
	 13.2356000000000016 	 14304.7345422768194112 
	 13.2449949999999994 	 14304.7334880641155905 
	 13.2543900000000008 	 14304.7324350022081489 
	 13.2637849999999986 	 14304.7313831393021246 
	 13.2731800000000000 	 14304.7303325236116507 
	 13.2825749999999996 	 14304.7292832033435843 
	 13.2919699999999992 	 14304.7282352267084207 
	 13.3013649999999988 	 14304.7271886421822273 
	 13.3107600000000001 	 14304.7261436243843491 
	 13.3201549999999980 	 14304.7251006766891805 
	 13.3295500000000011 	 14304.7240603553273104 
	 13.3389450000000007 	 14304.7230232165329653 
	 13.3483400000000003 	 14304.7219898165312770 
	 13.3577349999999999 	 14304.7209607115637482 
	 13.3671300000000013 	 14304.7199364578573295 
	 13.3765249999999991 	 14304.7189176116553426 
	 13.3859200000000005 	 14304.7179047291756433 
	 13.3953149999999983 	 14304.7168983666688291 
	 13.4047099999999997 	 14304.7158990626285231 
	 13.4141049999999993 	 14304.7149069504466752 
	 13.4235000000000007 	 14304.7139217597759853 
	 13.4328950000000003 	 14304.7129432028432348 
	 13.4422899999999998 	 14304.7119709918533772 
	 13.4516849999999994 	 14304.7110048390295560 
	 13.4610800000000008 	 14304.7100444565876387 
	 13.4704749999999986 	 14304.7090895567416737 
	 13.4798700000000000 	 14304.7081398517129855 
	 13.4892649999999996 	 14304.7071950537138036 
	 13.4986599999999992 	 14304.7062548749618145 
	 13.5080550000000006 	 14304.7053191242885077 
	 13.5174500000000020 	 14304.7043882063499041 
	 13.5268449999999998 	 14304.7034627527282282 
	 13.5362400000000012 	 14304.7025433954404434 
	 13.5456349999999990 	 14304.7016307664998749 
	 13.5550300000000004 	 14304.7007254979325808 
	 13.5644249999999982 	 14304.6998282217518863 
	 13.5738199999999996 	 14304.6989395699802117 
	 13.5832149999999992 	 14304.6980601746436150 
	 13.5926100000000005 	 14304.6971906677481456 
	 13.6020050000000001 	 14304.6963316800884058 
	 13.6114000000000015 	 14304.6954836202876322 
	 13.6207949999999993 	 14304.6946464195461886 
	 13.6301900000000007 	 14304.6938199471915141 
	 13.6395850000000003 	 14304.6930040725746949 
	 13.6489799999999999 	 14304.6921986650158942 
	 13.6583749999999995 	 14304.6914035938698362 
	 13.6677700000000009 	 14304.6906187284512271 
	 13.6771649999999987 	 14304.6898439381056960 
	 13.6865600000000018 	 14304.6890790921734151 
	 13.6959549999999997 	 14304.6883240599854616 
	 13.7053500000000010 	 14304.6875787165699876 
	 13.7147449999999989 	 14304.6868430334852746 
	 13.7241400000000002 	 14304.6861170627817046 
	 13.7335349999999998 	 14304.6854008589598379 
	 13.7429299999999994 	 14304.6846944765366061 
	 13.7523249999999990 	 14304.6839979700234835 
	 13.7617200000000004 	 14304.6833113939283066 
	 13.7711150000000000 	 14304.6826348027661879 
	 13.7805100000000014 	 14304.6819682510467828 
	 13.7899050000000010 	 14304.6813117932833848 
	 13.7993000000000006 	 14304.6806654839856492 
	 13.8086950000000002 	 14304.6800294137483434 
	 13.8180900000000015 	 14304.6794038537973393 
	 13.8274849999999994 	 14304.6787891317580943 
	 13.8368800000000007 	 14304.6781855752724368 
	 13.8462749999999986 	 14304.6775935119803762 
	 13.8556699999999999 	 14304.6770132695310167 
	 13.8650649999999995 	 14304.6764451755570917 
	 13.8744600000000009 	 14304.6758895577131625 
	 13.8838550000000005 	 14304.6753467436319625 
	 13.8932500000000001 	 14304.6748170609553199 
	 13.9026449999999997 	 14304.6743008352041215 
	 13.9120400000000011 	 14304.6737981996520830 
	 13.9214349999999989 	 14304.6733089450190164 
	 13.9308300000000003 	 14304.6728328266526660 
	 13.9402249999999999 	 14304.6723695998916810 
	 13.9496200000000012 	 14304.6719190200910816 
	 13.9590150000000008 	 14304.6714808425931551 
	 13.9684100000000022 	 14304.6710548227420077 
	 13.9778050000000000 	 14304.6706407158817456 
	 13.9872000000000014 	 14304.6702382773692079 
	 13.9965949999999992 	 14304.6698472625357681 
	 14.0059900000000006 	 14304.6694674490972830 
	 14.0153849999999984 	 14304.6690989041471767 
	 14.0247799999999998 	 14304.6687418965229881 
	 14.0341750000000012 	 14304.6683966991840862 
	 14.0435700000000008 	 14304.6680635850661929 
	 14.0529650000000004 	 14304.6677428271141252 
	 14.0623600000000017 	 14304.6674346982781572 
	 14.0717549999999996 	 14304.6671394715031056 
	 14.0811500000000009 	 14304.6668574197319685 
	 14.0905450000000005 	 14304.6665888159150199 
	 14.0999400000000001 	 14304.6663339329988958 
	 14.1093349999999997 	 14304.6660929759855208 
	 14.1187300000000011 	 14304.6658658728811133 
	 14.1281250000000007 	 14304.6656524810769042 
	 14.1375199999999985 	 14304.6654526579859521 
	 14.1469149999999999 	 14304.6652662610122206 
	 14.1563099999999995 	 14304.6650931475614925 
	 14.1657049999999991 	 14304.6649331750359124 
	 14.1750999999999987 	 14304.6647862008430820 
	 14.1844950000000001 	 14304.6646520823906030 
	 14.1938899999999979 	 14304.6645306770733441 
	 14.2032849999999993 	 14304.6644218444198486 
	 14.2126800000000006 	 14304.6643255571889313 
	 14.2220750000000002 	 14304.6642419561776478 
	 14.2314699999999998 	 14304.6641711958054657 
	 14.2408650000000012 	 14304.6641134304882144 
	 14.2502599999999990 	 14304.6640688146471803 
	 14.2596550000000004 	 14304.6640375026981928 
	 14.2690499999999982 	 14304.6640196490607195 
	 14.2784449999999996 	 14304.6640154081524088 
	 14.2878399999999974 	 14304.6640249343890900 
	 14.2972350000000006 	 14304.6640483821884118 
	 14.3066300000000002 	 14304.6640858816845139 
	 14.3160249999999998 	 14304.6641373172460590 
	 14.3254199999999994 	 14304.6642024304474035 
	 14.3348150000000008 	 14304.6642809611130360 
	 14.3442099999999986 	 14304.6643726490692643 
	 14.3536049999999999 	 14304.6644772341278440 
	 14.3629999999999995 	 14304.6645944561205397 
	 14.3723949999999991 	 14304.6647240548645641 
	 14.3817899999999987 	 14304.6648657701771299 
	 14.3911850000000019 	 14304.6650193418881827 
	 14.4005799999999997 	 14304.6651845098349440 
	 14.4099750000000011 	 14304.6653611124675081 
	 14.4193699999999989 	 14304.6655493161906634 
	 14.4287650000000003 	 14304.6657493555503606 
	 14.4381599999999981 	 14304.6659614650598087 
	 14.4475549999999995 	 14304.6661858792431303 
	 14.4569499999999991 	 14304.6664228326262673 
	 14.4663449999999987 	 14304.6666725597333425 
	 14.4757400000000001 	 14304.6669352950884786 
	 14.4851350000000014 	 14304.6672112732157984 
	 14.4945299999999992 	 14304.6675007286412438 
	 14.5039250000000006 	 14304.6678038909885800 
	 14.5133200000000002 	 14304.6681208179306850 
	 14.5227149999999998 	 14304.6684513539712498 
	 14.5321099999999994 	 14304.6687953303535323 
	 14.5415050000000008 	 14304.6691525783153338 
	 14.5508999999999986 	 14304.6695229290908173 
	 14.5602950000000000 	 14304.6699062139250600 
	 14.5696899999999996 	 14304.6703022640540439 
	 14.5790850000000010 	 14304.6707109107101132 
	 14.5884799999999988 	 14304.6711319851456210 
	 14.5978750000000002 	 14304.6715653185874544 
	 14.6072699999999998 	 14304.6720107422788715 
	 14.6166649999999994 	 14304.6724680874576734 
	 14.6260599999999990 	 14304.6729371853634802 
	 14.6354550000000003 	 14304.6734178672340931 
	 14.6448499999999981 	 14304.6739099643073132 
	 14.6542450000000013 	 14304.6744133078227605 
	 14.6636400000000009 	 14304.6749277290218743 
	 14.6730350000000005 	 14304.6754530591351795 
	 14.6824300000000001 	 14304.6759891294095723 
	 14.6918250000000015 	 14304.6765357710773969 
	 14.7012199999999993 	 14304.6770928155019647 
	 14.7106150000000007 	 14304.6776601689780364 
	 14.7200099999999985 	 14304.6782379420237703 
	 14.7294049999999999 	 14304.6788262795871560 
	 14.7387999999999995 	 14304.6794253266180021 
	 14.7481950000000008 	 14304.6800352280770312 
	 14.7575900000000004 	 14304.6806561289104138 
	 14.7669850000000000 	 14304.6812881740734156 
	 14.7763799999999996 	 14304.6819315085158451 
	 14.7857750000000010 	 14304.6825862772002438 
	 14.7951699999999988 	 14304.6832526250655064 
	 14.8045650000000002 	 14304.6839306901965756 
	 14.8139599999999998 	 14304.6846204414050590 
	 14.8233549999999994 	 14304.6853216719136981 
	 14.8327500000000008 	 14304.6860341667943430 
	 14.8421450000000021 	 14304.6867577111133869 
	 14.8515400000000000 	 14304.6874920899408608 
	 14.8609350000000013 	 14304.6882370883540716 
	 14.8703299999999992 	 14304.6889924914212315 
	 14.8797250000000005 	 14304.6897580842087336 
	 14.8891199999999984 	 14304.6905336517902469 
	 14.8985149999999997 	 14304.6913189792394405 
	 14.9079099999999993 	 14304.6921138774123392 
	 14.9173049999999989 	 14304.6929183240754355 
	 14.9267000000000003 	 14304.6937323634319910 
	 14.9360950000000017 	 14304.6945560398507951 
	 14.9454899999999995 	 14304.6953893976988184 
	 14.9548850000000009 	 14304.6962324813503074 
	 14.9642800000000005 	 14304.6970853351776896 
	 14.9736750000000001 	 14304.6979480035461165 
	 14.9830699999999997 	 14304.6988205308280158 
	 14.9924650000000010 	 14304.6997029613939958 
	 15.0018600000000006 	 14304.7005953390598734 
	 15.0112550000000020 	 14304.7014975870733906 
	 15.0206499999999998 	 14304.7024093581148918 
	 15.0300450000000012 	 14304.7033302680301858 
	 15.0394399999999990 	 14304.7042599326687196 
	 15.0488350000000004 	 14304.7051979678726639 
	 15.0582300000000000 	 14304.7061439894823707 
	 15.0676249999999996 	 14304.7070976133472868 
	 15.0770199999999992 	 14304.7080584553023073 
	 15.0864150000000006 	 14304.7090261312023358 
	 15.0958100000000002 	 14304.7100002568895434 
	 15.1052050000000015 	 14304.7109804708961747 
	 15.1146000000000011 	 14304.7119668218001607 
	 15.1239950000000007 	 14304.7129597142866260 
	 15.1333900000000003 	 14304.7139595648695831 
	 15.1427850000000017 	 14304.7149667900685017 
	 15.1521799999999995 	 14304.7159818064083083 
	 15.1615750000000009 	 14304.7170050304011966 
	 15.1709699999999987 	 14304.7180368785684550 
	 15.1803650000000001 	 14304.7190777674277342 
	 15.1897599999999997 	 14304.7201281134985038 
	 15.1991550000000011 	 14304.7211883332965954 
	 15.2085500000000007 	 14304.7222587174146611 
	 15.2179450000000003 	 14304.7233388958720752 
	 15.2273399999999999 	 14304.7244282828396535 
	 15.2367350000000012 	 14304.7255262923772534 
	 15.2461299999999991 	 14304.7266323385156284 
	 15.2555250000000004 	 14304.7277458353219117 
	 15.2649200000000000 	 14304.7288661968359520 
	 15.2743150000000014 	 14304.7299928371103306 
	 15.2837100000000010 	 14304.7311251701976289 
	 15.2931050000000024 	 14304.7322626101449714 
	 15.3025000000000002 	 14304.7334045737879933 
	 15.3118949999999980 	 14304.7345507667851052 
	 15.3212899999999994 	 14304.7357014315493871 
	 15.3306849999999990 	 14304.7368568689071253 
	 15.3400799999999986 	 14304.7380173796937015 
	 15.3494749999999982 	 14304.7391832647390402 
	 15.3588699999999996 	 14304.7403548248748848 
	 15.3682649999999992 	 14304.7415323609347979 
	 15.3776600000000006 	 14304.7427161737505230 
	 15.3870550000000001 	 14304.7439065641501657 
	 15.3964499999999997 	 14304.7451038329709263 
	 15.4058449999999993 	 14304.7463082589165424 
	 15.4152400000000007 	 14304.7475198170195654 
	 15.4246349999999985 	 14304.7487382618037373 
	 15.4340299999999999 	 14304.7499633428324159 
	 15.4434249999999977 	 14304.7511948096689594 
	 15.4528200000000009 	 14304.7524324118767254 
	 15.4622149999999987 	 14304.7536758990190719 
	 15.4716100000000001 	 14304.7549250206557190 
	 15.4810049999999997 	 14304.7561795263591193 
	 15.4903999999999993 	 14304.7574391656926309 
	 15.4997949999999989 	 14304.7587036882105167 
	 15.5091900000000003 	 14304.7599728434797726 
	 15.5185849999999981 	 14304.7612463810728514 
	 15.5279799999999994 	 14304.7625240505440161 
	 15.5373750000000008 	 14304.7638056014584436 
	 15.5467700000000004 	 14304.7650907833831297 
	 15.5561650000000000 	 14304.7663793458814325 
	 15.5655600000000014 	 14304.7676710385094339 
	 15.5749549999999992 	 14304.7689656108450436 
	 15.5843500000000006 	 14304.7702628124388866 
	 15.5937449999999984 	 14304.7715623928597779 
	 15.6031399999999998 	 14304.7728641053054162 
	 15.6125349999999976 	 14304.7741679192567972 
	 15.6219299999999990 	 14304.7754741386725073 
	 15.6313250000000004 	 14304.7767830961911386 
	 15.6407200000000000 	 14304.7780951244458265 
	 15.6501149999999996 	 14304.7794105560806202 
	 15.6595100000000009 	 14304.7807297237250168 
	 15.6689049999999988 	 14304.7820529600103328 
	 15.6783000000000001 	 14304.7833805975897121 
	 15.6876949999999997 	 14304.7847129690835573 
	 15.6970899999999993 	 14304.7860504071359173 
	 15.7064849999999989 	 14304.7873932040274667 
	 15.7158800000000021 	 14304.7887412209056492 
	 15.7252749999999999 	 14304.7900940578310838 
	 15.7346700000000013 	 14304.7914513112009445 
	 15.7440649999999991 	 14304.7928125774196815 
	 15.7534600000000005 	 14304.7941774529008399 
	 15.7628549999999983 	 14304.7955455340415938 
	 15.7722499999999997 	 14304.7969164172482124 
	 15.7816449999999993 	 14304.7982896989160508 
	 15.7910399999999989 	 14304.7996649754695682 
	 15.8004350000000002 	 14304.8010418433077575 
	 15.8098300000000016 	 14304.8024200110412494 
	 15.8192249999999994 	 14304.8037995779632183 
	 15.8286200000000008 	 14304.8051807283627568 
	 15.8380150000000004 	 14304.8065636465271382 
	 15.8474100000000000 	 14304.8079485167454550 
	 15.8568049999999996 	 14304.8093355232977046 
	 15.8662000000000010 	 14304.8107248504747986 
	 15.8755949999999988 	 14304.8121166825585533 
	 15.8849900000000002 	 14304.8135112038471561 
	 15.8943849999999998 	 14304.8149085986151476 
	 15.9037800000000011 	 14304.8163090439793450 
	 15.9131749999999990 	 14304.8177124418871244 
	 15.9225700000000003 	 14304.8191183390445076 
	 15.9319649999999999 	 14304.8205262586379831 
	 15.9413599999999995 	 14304.8219357238431257 
	 15.9507549999999991 	 14304.8233462578555191 
	 15.9601500000000005 	 14304.8247573838470998 
	 15.9695449999999983 	 14304.8261686250061757 
	 15.9789400000000015 	 14304.8275795045083214 
	 15.9883350000000011 	 14304.8289895455491205 
	 15.9977300000000007 	 14304.8303982712968718 
	 16.0071249999999985 	 14304.8318052711238124 
	 16.0165199999999999 	 14304.8332106945035775 
	 16.0259150000000012 	 14304.8346149727767624 
	 16.0353100000000026 	 14304.8360185394067230 
	 16.0447050000000004 	 14304.8374218278513581 
	 16.0541000000000018 	 14304.8388252715849376 
	 16.0634949999999996 	 14304.8402293040671793 
	 16.0728900000000010 	 14304.8416343587668962 
	 16.0822849999999988 	 14304.8430408691510820 
	 16.0916800000000002 	 14304.8444492686830927 
	 16.1010749999999980 	 14304.8458599906243762 
	 16.1104699999999994 	 14304.8472732770987932 
	 16.1198650000000008 	 14304.8486888257484679 
	 16.1292600000000022 	 14304.8501062378709321 
	 16.1386550000000000 	 14304.8515251147800882 
	 16.1480500000000013 	 14304.8529450577843818 
	 16.1574449999999992 	 14304.8543656681777065 
	 16.1668400000000005 	 14304.8557865472866979 
	 16.1762349999999984 	 14304.8572072964088875 
	 16.1856299999999997 	 14304.8586275168490829 
	 16.1950249999999976 	 14304.8600468099193677 
	 16.2044200000000025 	 14304.8614647851245536 
	 16.2138150000000003 	 14304.8628812694150838 
	 16.2232100000000017 	 14304.8642963246456929 
	 16.2326049999999995 	 14304.8657100243381137 
	 16.2420000000000009 	 14304.8671224420177168 
	 16.2513949999999987 	 14304.8685336512207869 
	 16.2607900000000001 	 14304.8699437254745135 
	 16.2701850000000015 	 14304.8713527383024484 
	 16.2795799999999993 	 14304.8727607632354193 
	 16.2889750000000006 	 14304.8741678738097107 
	 16.2983700000000020 	 14304.8755741435361415 
	 16.3077649999999998 	 14304.8769796318392764 
	 16.3171600000000012 	 14304.8783843021865323 
	 16.3265549999999990 	 14304.8797880781639833 
	 16.3359500000000004 	 14304.8811908832121844 
	 16.3453449999999982 	 14304.8825926407826046 
	 16.3547399999999996 	 14304.8839932743248937 
	 16.3641349999999974 	 14304.8853927072868828 
	 16.3735299999999988 	 14304.8867908631182218 
	 16.3829250000000002 	 14304.8881876652649225 
	 16.3923200000000016 	 14304.8895830371729971 
	 16.4017150000000029 	 14304.8909769024230627 
	 16.4111100000000008 	 14304.8923692183961975 
	 16.4205050000000021 	 14304.8937600217013824 
	 16.4299000000000035 	 14304.8951493602889968 
	 16.4392950000000013 	 14304.8965372821094206 
	 16.4486900000000027 	 14304.8979238351039385 
	 16.4580850000000005 	 14304.8993090672265680 
	 16.4674800000000019 	 14304.9006930264185939 
	 16.4768749999999997 	 14304.9020757606285770 
	 16.4862699999999975 	 14304.9034573178087157 
	 16.4956649999999989 	 14304.9048377458984760 
	 16.5050599999999967 	 14304.9062170871584385 
	 16.5144549999999981 	 14304.9075952738694468 
	 16.5238499999999959 	 14304.9089721388827456 
	 16.5332449999999973 	 14304.9103475114643516 
	 16.5426399999999987 	 14304.9117212208821002 
	 16.5520349999999965 	 14304.9130930963929131 
	 16.5614300000000014 	 14304.9144629672882729 
	 16.5708250000000028 	 14304.9158306628214632 
	 16.5802200000000006 	 14304.9171960122621385 
	 16.5896150000000020 	 14304.9185588448799535 
	 16.5990099999999998 	 14304.9199189899409248 
	 16.6084050000000012 	 14304.9212763056530093 
	 16.6177999999999990 	 14304.9226308093038824 
	 16.6271950000000004 	 14304.9239825725871924 
	 16.6365899999999982 	 14304.9253316672329674 
	 16.6459849999999996 	 14304.9266781649748737 
	 16.6553799999999974 	 14304.9280221375465771 
	 16.6647749999999988 	 14304.9293636566835630 
	 16.6741700000000002 	 14304.9307027941194974 
	 16.6835649999999980 	 14304.9320396215844085 
	 16.6929599999999994 	 14304.9333742108174192 
	 16.7023550000000007 	 14304.9347066335431009 
	 16.7117499999999986 	 14304.9360369615060335 
	 16.7211449999999999 	 14304.9373652664307883 
	 16.7305400000000013 	 14304.9386916200619453 
	 16.7399350000000027 	 14304.9400160941186186 
	 16.7493300000000005 	 14304.9413387603490264 
	 16.7587250000000019 	 14304.9426596904722828 
	 16.7681199999999997 	 14304.9439789562311489 
	 16.7775150000000011 	 14304.9452966293574718 
	 16.7869099999999989 	 14304.9466127815849177 
	 16.7963050000000003 	 14304.9479274846416956 
	 16.8056999999999981 	 14304.9492407915313379 
	 16.8150949999999995 	 14304.9505524820579012 
	 16.8244899999999973 	 14304.9518621294373588 
	 16.8338849999999987 	 14304.9531693017852376 
	 16.8432800000000000 	 14304.9544735672043316 
	 16.8526749999999979 	 14304.9557744938028918 
	 16.8620699999999992 	 14304.9570716496818932 
	 16.8714650000000006 	 14304.9583646029605006 
	 16.8808599999999984 	 14304.9596529217360512 
	 16.8902549999999998 	 14304.9609361741204339 
	 16.8996499999999976 	 14304.9622139282218996 
	 16.9090450000000025 	 14304.9634858730642009 
	 16.9184400000000004 	 14304.9647522385312186 
	 16.9278350000000017 	 14304.9660134057121468 
	 16.9372299999999996 	 14304.9672697556943604 
	 16.9466250000000009 	 14304.9685216695597774 
	 16.9560199999999988 	 14304.9697695284012298 
	 16.9654150000000001 	 14304.9710137133060925 
	 16.9748100000000015 	 14304.9722546053599217 
	 16.9842049999999993 	 14304.9734925856500922 
	 16.9936000000000007 	 14304.9747280352657981 
	 17.0029950000000021 	 14304.9759613321748475 
	 17.0123899999999999 	 14304.9771926458470261 
	 17.0217850000000013 	 14304.9784218097465782 
	 17.0311799999999991 	 14304.9796486268969602 
	 17.0405750000000005 	 14304.9808729003125336 
	 17.0499699999999983 	 14304.9820944330112980 
	 17.0593649999999997 	 14304.9833130280039768 
	 17.0687599999999975 	 14304.9845284883067507 
	 17.0781549999999989 	 14304.9857406169376191 
	 17.0875500000000002 	 14304.9869492169127625 
	 17.0969450000000016 	 14304.9881540912410856 
	 17.1063399999999994 	 14304.9893550586584752 
	 17.1157350000000008 	 14304.9905521152231813 
	 17.1251299999999986 	 14304.9917453689449758 
	 17.1345250000000000 	 14304.9929349295944121 
	 17.1439200000000014 	 14304.9941209069256729 
	 17.1533149999999992 	 14304.9953034107165877 
	 17.1627100000000006 	 14304.9964825507249770 
	 17.1721050000000020 	 14304.9976584367213945 
	 17.1814999999999998 	 14304.9988311784672987 
	 17.1908950000000011 	 14305.0000008857314242 
	 17.2002899999999990 	 14305.0011676682734105 
	 17.2096850000000003 	 14305.0023315752332564 
	 17.2190799999999982 	 14305.0034924346491607 
	 17.2284749999999995 	 14305.0046500241915055 
	 17.2378699999999974 	 14305.0058041215161211 
	 17.2472649999999987 	 14305.0069545042861137 
	 17.2566599999999966 	 14305.0081009501664084 
	 17.2660550000000015 	 14305.0092432368182926 
	 17.2754500000000029 	 14305.0103811419066915 
	 17.2848450000000007 	 14305.0115144430928922 
	 17.2942400000000021 	 14305.0126429180363630 
	 17.3036350000000034 	 14305.0137663497771428 
	 17.3130300000000013 	 14305.0148847471755289 
	 17.3224250000000026 	 14305.0159984227630048 
	 17.3318200000000004 	 14305.0171077104387223 
	 17.3412150000000018 	 14305.0182129441000143 
	 17.3506099999999996 	 14305.0193144576405757 
	 17.3600050000000010 	 14305.0204125849541015 
	 17.3693999999999988 	 14305.0215076599361055 
	 17.3787950000000002 	 14305.0226000164875586 
	 17.3881899999999980 	 14305.0236899884966988 
	 17.3975849999999994 	 14305.0247779098644969 
	 17.4069799999999972 	 14305.0258640573192679 
	 17.4163749999999986 	 14305.0269481981049466 
	 17.4257699999999964 	 14305.0280298320230941 
	 17.4351649999999978 	 14305.0291084565142228 
	 17.4445600000000027 	 14305.0301835690061125 
	 17.4539550000000006 	 14305.0312546669320000 
	 17.4633500000000019 	 14305.0323212477323978 
	 17.4727450000000033 	 14305.0333828088369046 
	 17.4821400000000011 	 14305.0344388476878521 
	 17.4915350000000025 	 14305.0354888616984681 
	 17.5009300000000003 	 14305.0365323484875262 
	 17.5103250000000017 	 14305.0375690335458785 
	 17.5197199999999995 	 14305.0385993215350027 
	 17.5291150000000009 	 14305.0396237430741166 
	 17.5385099999999987 	 14305.0406428287715244 
	 17.5479050000000001 	 14305.0416571092500817 
	 17.5572999999999979 	 14305.0426671151271876 
	 17.5666949999999993 	 14305.0436733770147839 
	 17.5760900000000007 	 14305.0446764255302696 
	 17.5854849999999985 	 14305.0456767912910436 
	 17.5948799999999999 	 14305.0466750049108668 
	 17.6042750000000012 	 14305.0476715825516294 
	 17.6136700000000026 	 14305.0486666254964803 
	 17.6230650000000040 	 14305.0496597684796143 
	 17.6324600000000018 	 14305.0506506214096589 
	 17.6418550000000032 	 14305.0516387941697758 
	 17.6512500000000010 	 14305.0526238966758683 
	 17.6606449999999988 	 14305.0536055388220120 
	 17.6700400000000002 	 14305.0545833305131964 
	 17.6794349999999980 	 14305.0555568816416780 
	 17.6888299999999994 	 14305.0565258021124464 
	 17.6982249999999972 	 14305.0574897018232150 
	 17.7076199999999986 	 14305.0584482376816595 
	 17.7170150000000000 	 14305.0594014019316091 
	 17.7264099999999978 	 14305.0603493325161253 
	 17.7358049999999992 	 14305.0612921679603460 
	 17.7452000000000005 	 14305.0622300468057801 
	 17.7545949999999984 	 14305.0631631075812038 
	 17.7639899999999997 	 14305.0640914888172119 
	 17.7733849999999975 	 14305.0650153290462185 
	 17.7827799999999989 	 14305.0659347668115515 
	 17.7921750000000003 	 14305.0668499406310730 
	 17.8015700000000017 	 14305.0677609890535678 
	 17.8109649999999995 	 14305.0686680531853199 
	 17.8203600000000009 	 14305.0695712803953938 
	 17.8297549999999987 	 14305.0704708190150996 
	 17.8391500000000001 	 14305.0713668173702899 
	 17.8485450000000014 	 14305.0722594237759040 
	 17.8579399999999993 	 14305.0731487865577947 
	 17.8673350000000006 	 14305.0740350540399959 
	 17.8767300000000020 	 14305.0749183745410846 
	 17.8861249999999998 	 14305.0757988963960088 
	 17.8955200000000012 	 14305.0766767679087934 
	 17.9049149999999990 	 14305.0775521249943267 
	 17.9143100000000004 	 14305.0784248465533892 
	 17.9237049999999982 	 14305.0792945695811795 
	 17.9330999999999996 	 14305.0801609216541692 
	 17.9424949999999974 	 14305.0810235303652007 
	 17.9518899999999988 	 14305.0818820232852886 
	 17.9612849999999966 	 14305.0827360279963614 
	 17.9706800000000015 	 14305.0835851720876235 
	 17.9800749999999994 	 14305.0844290831300896 
	 17.9894700000000007 	 14305.0852673887129640 
	 17.9988649999999986 	 14305.0860997164090804 
	 18.0082599999999999 	 14305.0869257927788567 
	 18.0176550000000013 	 14305.0877459149178321 
	 18.0270499999999991 	 14305.0885605839375785 
	 18.0364450000000005 	 14305.0893703012225160 
	 18.0458400000000019 	 14305.0901755681352370 
	 18.0552349999999997 	 14305.0909768860547047 
	 18.0646300000000011 	 14305.0917747563598823 
	 18.0740249999999989 	 14305.0925696804242762 
	 18.0834200000000003 	 14305.0933621596159355 
	 18.0928149999999981 	 14305.0941526953065477 
	 18.1022099999999995 	 14305.0949417869505851 
	 18.1116049999999973 	 14305.0957296619817498 
	 18.1209999999999987 	 14305.0965159976676659 
	 18.1303949999999965 	 14305.0973004048901203 
	 18.1397899999999979 	 14305.0980824945108907 
	 18.1491850000000028 	 14305.0988618774190400 
	 18.1585800000000006 	 14305.0996381644781650 
	 18.1679750000000020 	 14305.1004109665773285 
	 18.1773700000000034 	 14305.1011798945801274 
	 18.1867650000000012 	 14305.1019445593701676 
	 18.1961600000000026 	 14305.1027045718183217 
	 18.2055550000000004 	 14305.1034595594519487 
	 18.2149500000000018 	 14305.1042094077893125 
	 18.2243449999999996 	 14305.1049542055552593 
	 18.2337400000000009 	 14305.1056940469734400 
	 18.2431349999999988 	 14305.1064290262656868 
	 18.2525300000000001 	 14305.1071592376665649 
	 18.2619249999999980 	 14305.1078847753924492 
	 18.2713199999999993 	 14305.1086057336688100 
	 18.2807149999999972 	 14305.1093222067211173 
	 18.2901099999999985 	 14305.1100342887784791 
	 18.2995049999999964 	 14305.1107420740609086 
	 18.3088999999999977 	 14305.1114456781069748 
	 18.3182949999999991 	 14305.1121453163123078 
	 18.3276900000000005 	 14305.1128412332982407 
	 18.3370850000000019 	 14305.1135336736933823 
	 18.3464800000000032 	 14305.1142228821299796 
	 18.3558750000000011 	 14305.1149091032330034 
	 18.3652700000000024 	 14305.1155925816219678 
	 18.3746650000000002 	 14305.1162735619382147 
	 18.3840600000000016 	 14305.1169522887994390 
	 18.3934549999999994 	 14305.1176290068360686 
	 18.4028500000000008 	 14305.1183039578409080 
	 18.4122449999999986 	 14305.1189771700010169 
	 18.4216400000000000 	 14305.1196483126896055 
	 18.4310349999999978 	 14305.1203170209428208 
	 18.4404299999999992 	 14305.1209829297804390 
	 18.4498250000000006 	 14305.1216456742295122 
	 18.4592199999999984 	 14305.1223048893225496 
	 18.4686149999999998 	 14305.1229602100884222 
	 18.4780100000000012 	 14305.1236112715378113 
	 18.4874049999999990 	 14305.1242577087141399 
	 18.4968000000000004 	 14305.1248991566390032 
	 18.5061950000000017 	 14305.1255352815951483 
	 18.5155900000000031 	 14305.1261661229691526 
	 18.5249850000000009 	 14305.1267919655856531 
	 18.5343800000000023 	 14305.1274130985766533 
	 18.5437750000000001 	 14305.1280298110632430 
	 18.5531700000000015 	 14305.1286423921756068 
	 18.5625649999999993 	 14305.1292511310475675 
	 18.5719600000000007 	 14305.1298563168056717 
	 18.5813549999999985 	 14305.1304582385764661 
	 18.5907499999999999 	 14305.1310571854955924 
	 18.6001449999999977 	 14305.1316534466859594 
	 18.6095399999999991 	 14305.1322472338124498 
	 18.6189350000000005 	 14305.1328384626958723 
	 18.6283299999999983 	 14305.1334269785420474 
	 18.6377249999999997 	 14305.1340126265604340 
	 18.6471200000000010 	 14305.1345952519604907 
	 18.6565149999999988 	 14305.1351746999462193 
	 18.6659100000000002 	 14305.1357508157234406 
	 18.6753050000000016 	 14305.1363234445052512 
	 18.6847000000000030 	 14305.1368924314901960 
	 18.6940950000000008 	 14305.1374576218895527 
	 18.7034900000000022 	 14305.1380188634120714 
	 18.7128850000000000 	 14305.1385761195397208 
	 18.7222800000000014 	 14305.1391295159010042 
	 18.7316749999999992 	 14305.1396791902388941 
	 18.7410700000000006 	 14305.1402252802854491 
	 18.7504650000000019 	 14305.1407679237872799 
	 18.7598599999999998 	 14305.1413072584782640 
	 18.7692550000000011 	 14305.1418434220959170 
	 18.7786500000000025 	 14305.1423765523832117 
	 18.7880450000000003 	 14305.1429067870758445 
	 18.7974400000000017 	 14305.1434342639113311 
	 18.8068349999999995 	 14305.1439591129419568 
	 18.8162300000000009 	 14305.1444813919752050 
	 18.8256249999999987 	 14305.1450011192937382 
	 18.8350199999999965 	 14305.1455183127618511 
	 18.8444149999999979 	 14305.1460329902511148 
	 18.8538099999999993 	 14305.1465451696185482 
	 18.8632050000000007 	 14305.1470548687429982 
	 18.8725999999999985 	 14305.1475621054923977 
	 18.8819949999999999 	 14305.1480668977310415 
	 18.8913900000000012 	 14305.1485692633268627 
	 18.9007849999999991 	 14305.1490692201405182 
	 18.9101800000000004 	 14305.1495667675044388 
	 18.9195750000000018 	 14305.1500618469835899 
	 18.9289699999999996 	 14305.1505543889034016 
	 18.9383650000000010 	 14305.1510443235965795 
	 18.9477599999999988 	 14305.1515315813976486 
	 18.9571550000000002 	 14305.1520160926374956 
	 18.9665499999999980 	 14305.1524977876488265 
	 18.9759449999999994 	 14305.1529765967607091 
	 18.9853399999999972 	 14305.1534524503113062 
	 18.9947349999999986 	 14305.1539252786187717 
	 19.0041299999999964 	 14305.1543950123032118 
	 19.0135249999999978 	 14305.1548615905521729 
	 19.0229199999999992 	 14305.1553249626103934 
	 19.0323150000000005 	 14305.1557850782937749 
	 19.0417100000000019 	 14305.1562418874254945 
	 19.0511050000000033 	 14305.1566953398105397 
	 19.0605000000000011 	 14305.1571453852720879 
	 19.0698950000000025 	 14305.1575919736242213 
	 19.0792900000000003 	 14305.1580350546810223 
	 19.0886850000000017 	 14305.1584745782565733 
	 19.0980799999999995 	 14305.1589104941795085 
	 19.1074750000000009 	 14305.1593427737570892 
	 19.1168699999999987 	 14305.1597715494772274 
	 19.1262650000000001 	 14305.1601970269439335 
	 19.1356599999999979 	 14305.1606194121413864 
	 19.1450549999999993 	 14305.1610389110282995 
	 19.1544499999999971 	 14305.1614557295888517 
	 19.1638449999999985 	 14305.1618700737853942 
	 19.1732399999999963 	 14305.1622821495948301 
	 19.1826349999999977 	 14305.1626921629940625 
	 19.1920299999999990 	 14305.1631003199454426 
	 19.2014249999999969 	 14305.1635068262130517 
	 19.2108200000000018 	 14305.1639117929571512 
	 19.2202150000000032 	 14305.1643150893469283 
	 19.2296100000000010 	 14305.1647165463909914 
	 19.2390050000000024 	 14305.1651159951052250 
	 19.2484000000000002 	 14305.1655132665055135 
	 19.2577950000000016 	 14305.1659081915968272 
	 19.2671899999999994 	 14305.1663006014005077 
	 19.2765850000000007 	 14305.1666903269269824 
	 19.2859799999999986 	 14305.1670771991866786 
	 19.2953749999999999 	 14305.1674610491954809 
	 19.3047699999999978 	 14305.1678417143539264 
	 19.3141649999999991 	 14305.1682191739273549 
	 19.3235600000000005 	 14305.1685935461810004 
	 19.3329549999999983 	 14305.1689649552190531 
	 19.3423499999999997 	 14305.1693335251457029 
	 19.3517450000000011 	 14305.1696993800560449 
	 19.3611399999999989 	 14305.1700626440597262 
	 19.3705350000000003 	 14305.1704234412536607 
	 19.3799300000000017 	 14305.1707818957402196 
	 19.3893250000000030 	 14305.1711381316235929 
	 19.3987200000000009 	 14305.1714922730061517 
	 19.4081150000000022 	 14305.1718444301841373 
	 19.4175100000000000 	 14305.1721946300258423 
	 19.4269050000000014 	 14305.1725428681929770 
	 19.4362999999999992 	 14305.1728891402981390 
	 19.4456950000000006 	 14305.1732334419448307 
	 19.4550899999999984 	 14305.1735757687438308 
	 19.4644849999999998 	 14305.1739161163131939 
	 19.4738799999999976 	 14305.1742544802491466 
	 19.4832749999999990 	 14305.1745908561788383 
	 19.4926700000000004 	 14305.1749252396966767 
	 19.5020649999999982 	 14305.1752576262624643 
	 19.5114599999999996 	 14305.1755879847041797 
	 19.5208550000000010 	 14305.1759162276503048 
	 19.5302499999999988 	 14305.1762422606116161 
	 19.5396450000000002 	 14305.1765659890861571 
	 19.5490399999999980 	 14305.1768873185756092 
	 19.5584349999999993 	 14305.1772061545798351 
	 19.5678300000000007 	 14305.1775224026023352 
	 19.5772250000000021 	 14305.1778359681447910 
	 19.5866199999999999 	 14305.1781467567088839 
	 19.5960150000000013 	 14305.1784546737926576 
	 19.6054099999999991 	 14305.1787596350823151 
	 19.6148050000000005 	 14305.1790617240585561 
	 19.6242000000000019 	 14305.1793611618777504 
	 19.6335949999999997 	 14305.1796581737489760 
	 19.6429900000000011 	 14305.1799529848885868 
	 19.6523850000000024 	 14305.1802458205074799 
	 19.6617800000000003 	 14305.1805369058201904 
	 19.6711750000000016 	 14305.1808264660394343 
	 19.6805699999999995 	 14305.1811147263706516 
	 19.6899650000000008 	 14305.1814019120356534 
	 19.6993599999999986 	 14305.1816882482435176 
	 19.7087550000000000 	 14305.1819739045986353 
	 19.7181499999999978 	 14305.1822587776732689 
	 19.7275449999999992 	 14305.1825426803698065 
	 19.7369400000000006 	 14305.1828254255888169 
	 19.7463350000000020 	 14305.1831068262217741 
	 19.7557299999999998 	 14305.1833866951583332 
	 19.7651250000000012 	 14305.1836648452936060 
	 19.7745199999999990 	 14305.1839410895190667 
	 19.7839150000000004 	 14305.1842152407280082 
	 19.7933100000000017 	 14305.1844871118046285 
	 19.8027049999999996 	 14305.1847565164353000 
	 19.8121000000000009 	 14305.1850233356381068 
	 19.8214950000000023 	 14305.1852875683634920 
	 19.8308900000000001 	 14305.1855492254762794 
	 19.8402850000000015 	 14305.1858083178358356 
	 19.8496799999999993 	 14305.1860648563124414 
	 19.8590750000000007 	 14305.1863188517672825 
	 19.8684699999999985 	 14305.1865703150670015 
	 19.8778649999999999 	 14305.1868192570764222 
	 19.8872599999999977 	 14305.1870656886585493 
	 19.8966549999999991 	 14305.1873096206763876 
	 19.9060499999999969 	 14305.1875510698100697 
	 19.9154450000000018 	 14305.1877901262450905 
	 19.9248400000000032 	 14305.1880269305347610 
	 19.9342350000000010 	 14305.1882616242182849 
	 19.9436300000000024 	 14305.1884943488385034 
	 19.9530250000000038 	 14305.1887252459309821 
	 19.9624200000000016 	 14305.1889544570385624 
	 19.9718150000000030 	 14305.1891821236986289 
	 19.9812100000000008 	 14305.1894083874540229 
	 19.9906050000000022 	 14305.1896333898403100 
	 20.0000000000000000 	 14305.1898572724003316 
