	 1.2100000000000000 	 45608.1947302619155380
	 1.2193950000000000 	 44336.8643516455049394
	 1.2287900000000000 	 43093.7471746749361046
	 1.2381850000000001 	 41878.1527975082281046
	 1.2475799999999999 	 40689.4342962413284113
	 1.2569750000000002 	 39526.9824747049497091
	 1.2663700000000000 	 38390.2258870503574144
	 1.2757650000000000 	 37278.6195038155346992
	 1.2851600000000001 	 36191.6361488725306117
	 1.2945550000000001 	 35128.8354011556366459
	 1.3039499999999999 	 34089.7175786187726771
	 1.3133450000000000 	 33073.7937796316909953
	 1.3227400000000000 	 32080.6768100841181877
	 1.3321350000000001 	 31109.9784209395002108
	 1.3415300000000001 	 30161.3364669729926391
	 1.3509249999999999 	 29234.2183370443490276
	 1.3603200000000000 	 28328.3528277346049435
	 1.3697150000000000 	 27443.3662962604867062
	 1.3791099999999998 	 26578.9091760712726682
	 1.3885049999999999 	 25734.6374112780067662
	 1.3978999999999999 	 24910.2138902962942666
	 1.4072950000000000 	 24105.3117894883071131
	 1.4166900000000000 	 23319.6030385557896807
	 1.4260850000000000 	 22552.7700937816662190
	 1.4354799999999999 	 21804.5021320820160327
	 1.4448749999999999 	 21074.4840593692642869
	 1.4542700000000000 	 20362.4253622433971032
	 1.4636650000000000 	 19668.0238057451861096
	 1.4730600000000000 	 18990.9569445830384211
	 1.4824550000000001 	 18330.9639769986206375
	 1.4918499999999999 	 17687.7674253858640441
	 1.5012450000000002 	 17061.0117698172252858
	 1.5106400000000000 	 16450.4381923339424247
	 1.5200350000000000 	 15855.7898036941060127
	 1.5294300000000001 	 15276.7764412070246181
	 1.5388250000000001 	 14713.1254574030845106
	 1.5482200000000002 	 14164.5348081919473771
	 1.5576150000000002 	 13630.8057632922682387
	 1.5670099999999998 	 13111.6179137926010299
	 1.5764049999999998 	 12606.6996182018338004
	 1.5857999999999999 	 12115.8047116228681261
	 1.5951949999999999 	 11638.6746254587087606
	 1.6045900000000000 	 11175.0377134940263204
	 1.6139850000000000 	 10724.6510249722814478
	 1.6233799999999998 	 10287.2810882683697855
	 1.6327749999999999 	 9862.6576428846801718
	 1.6421699999999999 	 9450.5443680836415297
	 1.6515649999999999 	 9050.7086937400781608
	 1.6609600000000000 	 8662.8880685508993338
	 1.6703550000000000 	 8286.8503642654959549
	 1.6797499999999999 	 7922.3657340963845854
	 1.6891450000000001 	 7569.2027142853357873
	 1.6985399999999999 	 7227.1330952354774126
	 1.7079350000000000 	 6895.9310960502443777
	 1.7173300000000000 	 6575.3740842180386608
	 1.7267250000000001 	 6265.2419220231086001
	 1.7361199999999999 	 5965.3178728892435174
	 1.7455150000000001 	 5675.3867537048154190
	 1.7549100000000000 	 5395.2432017183409698
	 1.7643049999999998 	 5124.6740629948044443
	 1.7736999999999998 	 4863.4684233026055153
	 1.7830949999999999 	 4611.4297909857750710
	 1.7924899999999999 	 4368.3572453515198504
	 1.8018850000000000 	 4134.0538668998324283
	 1.8112800000000000 	 3908.3260428747121296
	 1.8206750000000000 	 3690.9818530964475940
	 1.8300700000000001 	 3481.8332132063328572
	 1.8394650000000001 	 3280.6942273957124598
	 1.8488600000000002 	 3087.3818169767832842
	 1.8582550000000002 	 2901.7161666313313617
	 1.8676499999999998 	 2723.5202639599615395
	 1.8770449999999999 	 2552.6188536011241013
	 1.8864399999999999 	 2388.8401719482471890
	 1.8958349999999999 	 2232.0155425720872699
	 1.9052300000000000 	 2081.9781478136846999
	 1.9146250000000000 	 1938.5640190161709597
	 1.9240199999999998 	 1801.6121859814159052
	 1.9334150000000001 	 1670.9651926089115932
	 1.9428099999999999 	 1546.4642812525671616
	 1.9522050000000000 	 1427.9644993351064386
	 1.9616000000000000 	 1315.3211524028483836
	 1.9709950000000001 	 1208.3554718020768632
	 1.9803900000000001 	 1106.9434702709772864
	 1.9897850000000001 	 1010.9372270628359729
	 1.9991800000000000 	 920.1984674769951198
	 2.0085750000000000 	 834.5891946858253050
	 2.0179700000000000 	 753.9736943919502892
	 2.0273649999999996 	 678.2191643063102902
	 2.0367600000000001 	 607.1949838504750687
	 2.0461549999999997 	 540.7733588424628124
	 2.0555499999999998 	 478.8284868976390385
	 2.0649449999999998 	 421.2368052474803335
	 2.0743399999999999 	 367.8777703328900088
	 2.0837349999999999 	 318.6330338061943621
	 2.0931299999999999 	 273.3862562365366671
	 2.1025250000000000 	 232.0237083107869012
	 2.1119199999999996 	 194.4341033951484974
	 2.1213150000000001 	 160.5084859049843544
	 2.1307099999999997 	 130.1397819790565791
	 2.1401050000000001 	 103.2236304423970665
	 2.1494999999999997 	 79.6583939691732894
	 2.1588950000000002 	 59.3435495834761966
	 2.1682899999999998 	 42.1817572660805240
	 2.1776850000000003 	 28.0778680308885491
	 2.1870799999999999 	 16.9380041813014373
	 2.1964750000000000 	 8.6717399719017632
	 2.2058700000000000 	 3.1902191730390292
	 2.2152650000000000 	 0.4069273622836571
	 2.2246600000000001 	 0.2372548750689537
	 2.2340550000000001 	 2.5989780261270545
	 2.2434500000000002 	 7.4123931131431045
	 2.2528449999999998 	 14.5992983745054445
	 2.2622400000000003 	 24.0834784261165638
	 2.2716349999999998 	 35.7908585372923440
	 2.2810300000000003 	 49.6501585729081185
	 2.2904249999999999 	 65.5903072688691537
	 2.2998200000000000 	 83.5436442145802971
	 2.3092150000000000 	 103.4441175258871510
	 2.3186100000000001 	 125.2274535535998012
	 2.3280050000000001 	 148.8308535558106200
	 2.3373999999999997 	 174.1948447357806344
	 2.3467950000000002 	 201.2551498765894848
	 2.3561899999999998 	 229.9611763579987667
	 2.3655850000000003 	 260.2579574811653629
	 2.3749799999999999 	 292.0887430728008667
	 2.3843749999999999 	 325.4022305433102815
	 2.3937700000000000 	 360.1476617281504105
	 2.4031650000000000 	 396.2761021725889350
	 2.4125600000000000 	 433.7402670981276742
	 2.4219550000000001 	 472.4935927640581212
	 2.4313500000000001 	 512.4928689443580652
	 2.4407449999999997 	 553.6919649085479023
	 2.4501400000000002 	 596.0353769525344205
	 2.4595349999999998 	 639.5151184629722820
	 2.4689300000000003 	 684.0765500933980547
	 2.4783249999999999 	 729.6792066005091328
	 2.4877199999999999 	 776.2875474206282433
	 2.4971150000000000 	 823.8659709575900933
	 2.5065100000000005 	 872.3788851003869240
	 2.5159050000000001 	 921.7942175370159248
	 2.5253000000000001 	 972.0799640792060927
	 2.5346950000000001 	 1023.2036644286190494
	 2.5440899999999997 	 1075.1348843287585169
	 2.5534850000000002 	 1127.8462740939887681
	 2.5628799999999998 	 1181.3088510516138285
	 2.5722749999999999 	 1235.4927111047406925
	 2.5816699999999999 	 1290.3742735257480945
	 2.5910650000000000 	 1345.9276197514923297
	 2.6004600000000000 	 1402.1276276720718670
	 2.6098550000000000 	 1458.9504177219794201
	 2.6192500000000001 	 1516.3712476995096949
	 2.6286449999999997 	 1574.3683168906413812
	 2.6380400000000002 	 1632.9225712516708882
	 2.6474349999999998 	 1692.0091739535512261
	 2.6568300000000002 	 1751.6109273177523846
	 2.6662249999999998 	 1811.7071485393703369
	 2.6756200000000003 	 1872.2789994971708438
	 2.6850149999999999 	 1933.3076860755909365
	 2.6944100000000004 	 1994.7748928881455868
	 2.7038050000000000 	 2056.6650645363670264
	 2.7132000000000001 	 2118.9616667688810594
	 2.7225950000000001 	 2181.6479658820908298
	 2.7319900000000001 	 2244.7103513300398845
	 2.7413850000000002 	 2308.1319432041896107
	 2.7507800000000002 	 2371.8916336856882481
	 2.7601750000000003 	 2435.9924950966919823
	 2.7695699999999999 	 2500.4087553078875317
	 2.7789650000000004 	 2565.1297196008745232
	 2.7883599999999999 	 2630.1346248809804820
	 2.7977550000000004 	 2695.4236877994749193
	 2.8071500000000000 	 2760.9810590896167923
	 2.8165450000000001 	 2826.7926229026006695
	 2.8259399999999997 	 2892.8489351269104191
	 2.8353349999999997 	 2959.1381414669567675
	 2.8447299999999998 	 3025.6492168101508469
	 2.8541249999999998 	 3092.3683434113236217
	 2.8635199999999998 	 3159.2875854022477142
	 2.8729149999999999 	 3226.4005763726377154
	 2.8823099999999995 	 3293.6917188908714706
	 2.8917050000000000 	 3361.1533132690292405
	 2.9010999999999996 	 3428.7762276135931643
	 2.9104950000000001 	 3496.5474938795027811
	 2.9198899999999997 	 3564.4598604206257733
	 2.9292850000000001 	 3632.5028450266422624
	 2.9386799999999997 	 3700.6652825098399262
	 2.9480750000000002 	 3768.9408013470797414
	 2.9574699999999998 	 3837.3175067234301423
	 2.9668650000000003 	 3905.7869493644575414
	 2.9762599999999999 	 3974.3395739798866089
	 2.9856549999999999 	 4042.9655972461719102
	 2.9950500000000000 	 4111.6561981697168449
	 3.0044450000000000 	 4180.4000858669696754
	 3.0138400000000001 	 4249.1885308750115655
	 3.0232350000000001 	 4318.0139269748815423
	 3.0326300000000002 	 4386.8650077271040573
	 3.0420250000000002 	 4455.7325251026140904
	 3.0514200000000002 	 4524.6068539585194230
	 3.0608149999999998 	 4593.4789195000139443
	 3.0702099999999999 	 4662.3391472246366902
	 3.0796049999999999 	 4731.1661872412223602
	 3.0890000000000000 	 4799.9776994925450708
	 3.0983950000000000 	 4868.7470215412067773
	 3.1077900000000001 	 4937.4670905587299785
	 3.1171850000000001 	 5006.1288502758952745
	 3.1265800000000001 	 5074.7249706731072365
	 3.1359749999999997 	 5143.2459211542000048
	 3.1453699999999998 	 5211.6829508392684147
	 3.1547649999999998 	 5280.0281778605831278
	 3.1641599999999999 	 5348.2728091834624138
	 3.1735549999999995 	 5416.4091990528895622
	 3.1829499999999999 	 5484.4296727840774111
	 3.1923449999999995 	 5552.3265734408842036
	 3.2017400000000000 	 5620.0921529444203770
	 3.2111349999999996 	 5687.7193157855535901
	 3.2205300000000001 	 5755.2020364010495541
	 3.2299249999999997 	 5822.5325009638072515
	 3.2393200000000002 	 5889.7046703735786650
	 3.2487149999999998 	 5956.7122779254150373
	 3.2581100000000003 	 6023.5500437090950072
	 3.2675049999999999 	 6090.2113288479140465
	 3.2769000000000004 	 6156.6908855338706417
	 3.2862950000000000 	 6222.9839229109820735
	 3.2956900000000005 	 6289.0848068432096625
	 3.3050850000000001 	 6354.9890769645026012
	 3.3144800000000001 	 6420.6919437917194955
	 3.3238750000000001 	 6486.1888748645060332
	 3.3332700000000002 	 6551.4763387322791459
	 3.3426650000000002 	 6616.5496767869453834
	 3.3520600000000003 	 6681.4050614825036973
	 3.3614549999999999 	 6746.0392972635827391
	 3.3708500000000003 	 6810.4488838464940272
	 3.3802449999999999 	 6874.6328917053015175
	 3.3896400000000000 	 6938.5830900640139589
	 3.3990350000000000 	 7002.2992569927482691
	 3.4084300000000001 	 7065.7784830661312299
	 3.4178249999999997 	 7129.0174003228321453
	 3.4272200000000002 	 7192.0152876569181899
	 3.4366149999999998 	 7254.7629784360287886
	 3.4460099999999998 	 7317.2533358324699293
	 3.4554049999999998 	 7379.5162732900726041
	 3.4647999999999999 	 7441.5321894173839610
	 3.4741949999999999 	 7503.2743062918289070
	 3.4835900000000000 	 7564.7604154222881334
	 3.4929850000000000 	 7625.9948580906539064
	 3.5023799999999996 	 7686.9750251779996688
	 3.5117750000000001 	 7747.6842626327943435
	 3.5211699999999997 	 7808.1460979708344894
	 3.5305649999999997 	 7868.4141554632269617
	 3.5399599999999998 	 7928.3307829451732687
	 3.5493550000000003 	 7987.9814167559443376
	 3.5587499999999999 	 8047.3632674750606384
	 3.5681449999999999 	 8106.4729207052732818
	 3.5775399999999999 	 8165.3092066495692052
	 3.5869350000000004 	 8223.8717278187941702
	 3.5963300000000000 	 8282.1587960425113124
	 3.6057249999999996 	 8340.1681775805718644
	 3.6151200000000001 	 8397.8982795966130652
	 3.6245150000000002 	 8455.3520701247980469
	 3.6339100000000002 	 8512.5234413140860852
	 3.6433049999999998 	 8569.3955922315126372
	 3.6527000000000003 	 8625.9827194414592668
	 3.6620950000000003 	 8682.3039546711279399
	 3.6714900000000004 	 8738.3357963618782378
	 3.6808850000000000 	 8794.0811964599397470
	 3.6902800000000000 	 8849.5372432462645520
	 3.6996750000000000 	 8904.7034318960177188
	 3.7090700000000001 	 8959.5782762387971161
	 3.7184650000000001 	 9014.1607392613841512
	 3.7278600000000002 	 9068.4494730901024013
	 3.7372550000000002 	 9122.4431750816456770
	 3.7466499999999998 	 9176.1411752861495188
	 3.7560450000000003 	 9229.5421452824975859
	 3.7654399999999999 	 9282.6442952884717670
	 3.7748350000000004 	 9335.4473715670792444
	 3.7842300000000000 	 9387.9501583483488503
	 3.7936250000000000 	 9440.1504061952764459
	 3.8030200000000001 	 9492.0500847678194987
	 3.8124150000000006 	 9543.6476631791592808
	 3.8218100000000002 	 9594.9365762856941728
	 3.8312049999999997 	 9645.9203441630197631
	 3.8406000000000002 	 9696.5964885206776671
	 3.8499950000000003 	 9746.9648638937833312
	 3.8593899999999999 	 9797.0353772181151726
	 3.8687849999999999 	 9846.7848943146727834
	 3.8781799999999995 	 9896.2229641073918174
	 3.8875749999999996 	 9945.3486982921003801
	 3.8969699999999996 	 9994.1611436038238026
	 3.9063649999999996 	 10042.6597648152164766
	 3.9157599999999997 	 10090.8432712951380381
	 3.9251549999999997 	 10138.7100922395038651
	 3.9345499999999998 	 10186.2599052095647494
	 3.9439449999999998 	 10233.4922022867376654
	 3.9533399999999999 	 10280.4053943250055454
	 3.9627349999999995 	 10326.9989401544080465
	 3.9721299999999999 	 10373.2718326479061943
	 3.9815249999999995 	 10419.2230678584255656
	 3.9909200000000000 	 10464.8517903189458593
	 4.0003149999999996 	 10510.1568579198283260
	 4.0097100000000001 	 10555.1380902633718506
	 4.0191049999999997 	 10599.7950377167362603
	 4.0285000000000002 	 10644.1259696844390419
	 4.0378949999999998 	 10688.1308182467855659
	 4.0472900000000003 	 10731.8083492268251575
	 4.0566849999999999 	 10775.1576366884637537
	 4.0660799999999995 	 10818.1785927272467234
	 4.0754750000000000 	 10860.8706362739903852
	 4.0848700000000004 	 10903.2327095696018660
	 4.0942650000000000 	 10945.2637759277386067
	 4.1036599999999996 	 10986.9647593622066779
	 4.1130550000000001 	 11028.3345768627350481
	 4.1224499999999997 	 11069.3705194438625767
	 4.1318450000000002 	 11110.0743044825612742
	 4.1412399999999998 	 11150.4448856037179212
	 4.1506349999999994 	 11190.4814702901385317
	 4.1600299999999999 	 11230.1842441328626592
	 4.1694250000000004 	 11269.5526766879593197
	 4.1788200000000000 	 11308.5860589624353452
	 4.1882149999999996 	 11347.2842119693887071
	 4.1976100000000001 	 11385.6467605601319519
	 4.2070049999999997 	 11423.6736495909372024
	 4.2164000000000001 	 11461.3646734965659562
	 4.2257949999999997 	 11498.7197331745810516
	 4.2351900000000002 	 11535.7378709650820383
	 4.2445849999999998 	 11572.4216126977389649
	 4.2539800000000003 	 11608.7618950256255630
	 4.2633749999999999 	 11644.7605756522316369
	 4.2727700000000004 	 11680.4340451850039244
	 4.2821650000000000 	 11715.7724511286505731
	 4.2915600000000005 	 11750.7714277814775414
	 4.3009550000000001 	 11785.4366290168472915
	 4.3103499999999997 	 11819.7644442223663646
	 4.3197450000000002 	 11853.7569373712449305
	 4.3291400000000007 	 11887.4138231807792181
	 4.3385350000000003 	 11920.7359456984413555
	 4.3479299999999999 	 11953.7229666274215560
	 4.3573250000000003 	 11986.3759372082531627
	 4.3667199999999999 	 12018.6959016934779356
	 4.3761150000000004 	 12050.6819274547615350
	 4.3855100000000000 	 12082.3349817084435927
	 4.3949049999999996 	 12113.6562125005839334
	 4.4043000000000001 	 12144.6457471446428826
	 4.4136950000000006 	 12175.3044407728339138
	 4.4230900000000002 	 12205.6333192095753475
	 4.4324849999999998 	 12235.6331247402467852
	 4.4418799999999994 	 12265.3048122326144949
	 4.4512749999999999 	 12294.6495530532829434
	 4.4606700000000004 	 12323.6678617456964275
	 4.4700650000000000 	 12352.3605800898440066
	 4.4794599999999996 	 12380.7302035796146811
	 4.4888550000000000 	 12408.7756942663672817
	 4.4982499999999996 	 12436.4996015042361250
	 4.5076450000000001 	 12463.9025949204260542
	 4.5170399999999997 	 12490.9865105864500947
	 4.5264349999999993 	 12517.7522639044927928
	 4.5358299999999998 	 12544.2012178291424789
	 4.5452250000000003 	 12570.3351232478962629
	 4.5546199999999999 	 12596.1552273824636359
	 4.5640149999999995 	 12621.6631246525666938
	 4.5734100000000000 	 12646.8603901661954296
	 4.5828049999999996 	 12671.7486688242461241
	 4.5922000000000001 	 12696.3296579371326516
	 4.6015949999999997 	 12720.6045822104333638
	 4.6109900000000001 	 12744.5758586082210968
	 4.6203849999999997 	 12768.2450627117341355
	 4.6297799999999993 	 12791.6138821173117321
	 4.6391749999999998 	 12814.6843163358589663
	 4.6485700000000003 	 12837.4583967984071933
	 4.6579649999999999 	 12859.9375640970065433
	 4.6673599999999995 	 12882.1244467725700815
	 4.6767550000000000 	 12904.0208038515283988
	 4.6861499999999996 	 12925.6286695734161185
	 4.6955450000000001 	 12946.9502315520658158
	 4.7049399999999997 	 12967.9876372379403620
	 4.7143350000000002 	 12988.7429095290481200
	 4.7237299999999998 	 13009.2182277665033325
	 4.7331250000000002 	 13029.4160851981378073
	 4.7425199999999998 	 13049.3385976486733853
	 4.7519150000000003 	 13068.9879886617509328
	 4.7613099999999999 	 13088.3667787335107278
	 4.7707049999999995 	 13107.4770693245609436
	 4.7801000000000000 	 13126.3212786959920777
	 4.7894950000000005 	 13144.9018400183558697
	 4.7988900000000001 	 13163.2210401236588950
	 4.8082849999999997 	 13181.2813374920842762
	 4.8176800000000002 	 13199.0851671396903839
	 4.8270749999999998 	 13216.6350512912831618
	 4.8364700000000003 	 13233.9335373828598676
	 4.8458649999999999 	 13250.9827604729689483
	 4.8552599999999995 	 13267.7855588541951875
	 4.8646550000000000 	 13284.3444852638003795
	 4.8740500000000004 	 13300.6617255312194175
	 4.8834450000000000 	 13316.7399174726906494
	 4.8928399999999996 	 13332.5816719293652568
	 4.9022350000000001 	 13348.1895355315955385
	 4.9116300000000006 	 13363.5659463994088583
	 4.9210250000000002 	 13378.7135144539061002
	 4.9304199999999998 	 13393.6348865083346027
	 4.9398150000000003 	 13408.3323760095663602
	 4.9492100000000008 	 13422.8086568385897408
	 4.9586050000000004 	 13437.0663202149153221
	 4.9680000000000000 	 13451.1081066297429061
	 4.9773949999999996 	 13464.9357703844125353
	 4.9867900000000001 	 13478.5552190494181559
	 4.9961850000000005 	 13491.9647820716199931
	 5.0055800000000001 	 13505.1669255812885240
	 5.0149750000000006 	 13518.1660145833047864
	 5.0243700000000002 	 13530.9645047636440722
	 5.0337649999999989 	 13543.5630894352689211
	 5.0431600000000003 	 13555.9650047383747733
	 5.0525549999999999 	 13568.1759808790629904
	 5.0619499999999995 	 13580.1955062025972438
	 5.0713449999999991 	 13592.0265706850150309
	 5.0807400000000005 	 13603.6716715458787803
	 5.0901350000000001 	 13615.1331958534283331
	 5.0995299999999997 	 13626.4136361783694156
	 5.1089249999999993 	 13637.5152302096757921
	 5.1183200000000006 	 13648.4407870202194317
	 5.1277150000000002 	 13659.1922062376343092
	 5.1371099999999998 	 13669.7719412910646497
	 5.1465049999999994 	 13680.1822386701005598
	 5.1558999999999999 	 13690.4254930259121465
	 5.1652949999999995 	 13700.5041799068112596
	 5.1746900000000000 	 13710.4205898617201456
	 5.1840849999999996 	 13720.1769573000838136
	 5.1934800000000001 	 13729.7754044341891131
	 5.2028749999999997 	 13739.2182432668068941
	 5.2122700000000002 	 13748.5078400363927358
	 5.2216649999999998 	 13757.6462081113968452
	 5.2310600000000003 	 13766.6355906656935986
	 5.2404549999999999 	 13775.4780204340604541
	 5.2498499999999995 	 13784.1757350710067840
	 5.2592449999999999 	 13792.7310031549477571
	 5.2686400000000004 	 13801.1456399060389231
	 5.2780350000000000 	 13809.4218622288826737
	 5.2874299999999996 	 13817.5618537800928607
	 5.2968249999999992 	 13825.5673190263132710
	 5.3062200000000006 	 13833.4400375539207744
	 5.3156150000000002 	 13841.1844518821581005
	 5.3250099999999998 	 13848.8000418882347731
	 5.3344049999999994 	 13856.2875517104239407
	 5.3437999999999999 	 13863.6508685707485711
	 5.3531950000000004 	 13870.8914487376550824
	 5.3625900000000000 	 13878.0112903376921167
	 5.3719849999999996 	 13885.0121371499244560
	 5.3813800000000001 	 13891.8959239889209130
	 5.3907749999999997 	 13898.6644237612090365
	 5.4001700000000001 	 13905.3193774340961681
	 5.4095649999999997 	 13911.8625440172036178
	 5.4189600000000002 	 13918.2957703657466482
	 5.4283549999999998 	 13924.6207177951182530
	 5.4377500000000003 	 13930.8390767935579788
	 5.4471449999999999 	 13936.9525050668398762
	 5.4565400000000004 	 13942.9627179631806939
	 5.4659350000000000 	 13948.8713326387023699
	 5.4753299999999996 	 13954.6799162484676344
	 5.4847250000000001 	 13960.3900725057592354
	 5.4941200000000006 	 13966.0034424417317496
	 5.5035150000000002 	 13971.5215542627302057
	 5.5129099999999998 	 13976.9458521689230110
	 5.5223049999999994 	 13982.2778967502163141
	 5.5317000000000007 	 13987.5192062116857414
	 5.5410950000000003 	 13992.6712409080173529
	 5.5504899999999999 	 13997.7354669858195848
	 5.5598849999999995 	 14002.7132093063391949
	 5.5692800000000009 	 14007.6059980865175021
	 5.5786750000000005 	 14012.4152117449084471
	 5.5880700000000001 	 14017.1422255604884413
	 5.5974649999999997 	 14021.7882553945473774
	 5.6068600000000011 	 14026.3551184233492677
	 5.6162549999999998 	 14030.8435587448529986
	 5.6256499999999994 	 14035.2549273626354989
	 5.6350449999999999 	 14039.5906783161444764
	 5.6444399999999995 	 14043.8519869600622769
	 5.6538349999999999 	 14048.0401810120401933
	 5.6632300000000004 	 14052.1564502874825848
	 5.6726250000000000 	 14056.2019921670071199
	 5.6820199999999996 	 14060.1779753079081274
	 5.6914149999999992 	 14064.0856240562279709
	 5.7008099999999997 	 14067.9260669333070837
	 5.7102050000000002 	 14071.7004271203841199
	 5.7195999999999998 	 14075.4098077962280513
	 5.7289949999999994 	 14079.0553891303497949
	 5.7383899999999999 	 14082.6382198604514997
	 5.7477850000000004 	 14086.1593502925770736
	 5.7571800000000000 	 14089.6198729724565055
	 5.7665749999999996 	 14093.0207493457437522
	 5.7759699999999992 	 14096.3632455290826329
	 5.7853649999999996 	 14099.6475326208346814
	 5.7947600000000001 	 14102.8780916258037905
	 5.8041549999999997 	 14106.0532980545503960
	 5.8135500000000002 	 14109.1707935605954845
	 5.8229449999999998 	 14112.2352798215742951
	 5.8323400000000003 	 14115.2468811733924667
	 5.8417349999999999 	 14118.2067380498756393
	 5.8511299999999995 	 14121.1157600906572043
	 5.8605250000000000 	 14123.9745163628376758
	 5.8699199999999996 	 14126.7843461969168857
	 5.8793150000000001 	 14129.5469284895407327
	 5.8887100000000006 	 14132.2289051533425663
	 5.8981050000000002 	 14134.8578083610555041
	 5.9074999999999998 	 14137.4746886205393821
	 5.9168950000000002 	 14140.0544103155662015
	 5.9262899999999998 	 14142.5873157567275484
	 5.9356850000000003 	 14145.0778631703469728
	 5.9450799999999999 	 14147.5254432034271304
	 5.9544749999999995 	 14149.9311614203761565
	 5.9638700000000000 	 14152.2959172396367649
	 5.9732650000000005 	 14154.6203423208426102
	 5.9826600000000001 	 14156.9050923358336149
	 5.9920549999999997 	 14159.1509344450150820
	 6.0014499999999993 	 14161.3586113789133378
	 6.0108449999999998 	 14163.5287307804155716
	 6.0202400000000003 	 14165.6620859741487948
	 6.0296349999999999 	 14167.7592221719169174
	 6.0390300000000003 	 14169.8208358731662884
	 6.0484249999999999 	 14171.8476023929670191
	 6.0578200000000004 	 14173.8401112227311387
	 6.0672150000000000 	 14175.7990400203871104
	 6.0766099999999996 	 14177.7249219704935967
	 6.0860050000000001 	 14179.6184375608991104
	 6.0953999999999997 	 14181.4801829081552569
	 6.1047950000000002 	 14183.3106135752695991
	 6.1141900000000007 	 14185.1107246132341970
	 6.1235850000000003 	 14186.8794372710472089
	 6.1329799999999999 	 14188.6178515865394729
	 6.1423750000000004 	 14190.3294068273353332
	 6.1517700000000000 	 14192.0120425696950406
	 6.1611650000000004 	 14193.6667785040208400
	 6.1705600000000000 	 14195.2944500916164543
	 6.1799549999999996 	 14196.8948250977355201
	 6.1893500000000010 	 14198.4688183225662215
	 6.1987450000000006 	 14200.0168911298624153
	 6.2081400000000002 	 14201.5392483605082816
	 6.2175349999999998 	 14203.0372916535470722
	 6.2269299999999994 	 14204.5104784696013667
	 6.2363250000000008 	 14205.9597931908210739
	 6.2457200000000004 	 14207.3856158483304171
	 6.2551150000000000 	 14208.8132869536875660
	 6.2645100000000005 	 14210.2121051526646625
	 6.2739050000000010 	 14211.5640662632267777
	 6.2833000000000006 	 14212.8998540666834742
	 6.2926950000000001 	 14214.2124371641220932
	 6.3020899999999997 	 14215.5048433526135341
	 6.3114850000000002 	 14216.7752319986375369
	 6.3208800000000007 	 14218.0199625757049944
	 6.3302750000000003 	 14219.2495699154205795
	 6.3396700000000008 	 14220.4621002973217401
	 6.3490650000000004 	 14221.6539532860260806
	 6.3584600000000000 	 14222.8268041884257400
	 6.3678550000000005 	 14223.9811785429246811
	 6.3772500000000001 	 14225.1173887108670897
	 6.3866450000000006 	 14226.2357521217563772
	 6.3960400000000002 	 14227.3365503643017291
	 6.4054350000000007 	 14228.4200868132920732
	 6.4148300000000011 	 14229.4867658081457193
	 6.4242250000000007 	 14230.5368654134726967
	 6.4336200000000003 	 14231.5706701858216547
	 6.4430149999999999 	 14232.5884945482430339
	 6.4524100000000004 	 14233.5906274065000616
	 6.4618050000000009 	 14234.5774178192423278
	 6.4712000000000005 	 14235.5490002683418425
	 6.4805950000000001 	 14236.5056254405371874
	 6.4899900000000006 	 14237.4478534834233869
	 6.4993849999999993 	 14238.3805634702966927
	 6.5087799999999998 	 14239.2946871191707032
	 6.5181749999999994 	 14240.1944958337371645
	 6.5275699999999990 	 14241.0809535647240409
	 6.5369650000000004 	 14241.9540489030841854
	 6.5463600000000000 	 14242.8140796838742972
	 6.5557549999999996 	 14243.6612605381214962
	 6.5651499999999992 	 14244.4958377783696051
	 6.5745449999999988 	 14245.3179120275908645
	 6.5839400000000001 	 14246.1279360461503529
	 6.5933349999999997 	 14246.9256734592290741
	 6.6027299999999993 	 14247.7113295958897652
	 6.6121249999999998 	 14248.4861251738311694
	 6.6215199999999994 	 14249.2494327881977370
	 6.6309149999999999 	 14250.0016467041459691
	 6.6403099999999995 	 14250.7429354139494535
	 6.6497049999999991 	 14251.4734087375618401
	 6.6590999999999996 	 14252.1932747954942897
	 6.6684950000000001 	 14252.9029021610222117
	 6.6778899999999997 	 14253.6022189500708919
	 6.6872850000000001 	 14254.2915623328972288
	 6.6966799999999997 	 14254.9710116047881456
	 6.7060749999999993 	 14255.6406909211327729
	 6.7154699999999998 	 14256.3008897533527488
	 6.7248649999999994 	 14256.9516997199971229
	 6.7342599999999999 	 14257.5933016518229124
	 6.7436549999999995 	 14258.2258373206386750
	 6.7530500000000000 	 14258.8495368385611073
	 6.7624450000000005 	 14259.4644686208321218
	 6.7718400000000001 	 14260.0710315533542598
	 6.7812349999999997 	 14260.6699842575926596
	 6.7906299999999993 	 14261.2591950681471644
	 6.8000249999999998 	 14261.8403736880991346
	 6.8094200000000003 	 14262.4134381238200149
	 6.8188149999999998 	 14262.9786102604703046
	 6.8282099999999994 	 14263.5359511692349770
	 6.8376049999999999 	 14264.0855861099189497
	 6.8469999999999995 	 14264.6276448647222423
	 6.8563950000000000 	 14265.1624241421832266
	 6.8657899999999996 	 14265.6892302202923020
	 6.8751849999999992 	 14266.2125484509688249
	 6.8845799999999997 	 14266.7283603846972255
	 6.8939750000000002 	 14267.2337742097570299
	 6.9033699999999998 	 14267.7331333921993064
	 6.9127650000000003 	 14268.2255778560429462
	 6.9221599999999999 	 14268.7115872427475551
	 6.9315549999999995 	 14269.1906750150210428
	 6.9409500000000000 	 14269.6633797465583484
	 6.9503449999999996 	 14270.1296686792684341
	 6.9597400000000000 	 14270.5896862628505914
	 6.9691349999999996 	 14271.0435058675302571
	 6.9785299999999992 	 14271.4912349832884502
	 6.9879250000000006 	 14271.9329236995545216
	 6.9973200000000002 	 14272.3687237968497357
	 7.0067149999999998 	 14272.7986956156910310
	 7.0161099999999994 	 14273.2228853190499649
	 7.0255049999999990 	 14273.6414406812618836
	 7.0349000000000004 	 14274.0543265498854453
	 7.0442950000000000 	 14274.4617034883704036
	 7.0536899999999996 	 14274.8637302533770708
	 7.0630850000000001 	 14275.2603356003892259
	 7.0724800000000005 	 14275.6516792432339571
	 7.0818750000000001 	 14276.0378871466145938
	 7.0912699999999997 	 14276.4189700936440204
	 7.1006649999999993 	 14276.7949369024754560
	 7.1100599999999998 	 14277.1659443046537490
	 7.1194550000000003 	 14277.5319694924528449
	 7.1288499999999999 	 14277.8931866820403229
	 7.1382450000000004 	 14278.2496619806879607
	 7.1476400000000000 	 14278.6014101773380389
	 7.1570350000000005 	 14278.9484625201112067
	 7.1664300000000001 	 14279.2908709327730321
	 7.1758249999999997 	 14279.6288137939463923
	 7.1852200000000002 	 14279.9622798882355710
	 7.1946149999999998 	 14280.2913391896763642
	 7.2040100000000002 	 14280.6160914690535719
	 7.2134050000000007 	 14280.9364831905495521
	 7.2228000000000003 	 14281.2526597162195685
	 7.2321949999999999 	 14281.5646922927589912
	 7.2415900000000004 	 14281.8725297245600814
	 7.2509850000000000 	 14282.1764142358897516
	 7.2603800000000005 	 14282.4761741061356588
	 7.2697750000000001 	 14282.7720458798703476
	 7.2791699999999997 	 14283.0640394957717945
	 7.2885650000000002 	 14283.3520981403144106
	 7.2979600000000007 	 14283.6364374586282793
	 7.3073550000000003 	 14283.9169934763085621
	 7.3167499999999999 	 14284.1936291464207898
	 7.3261449999999995 	 14284.4667005560131656
	 7.3355399999999999 	 14284.7362752383778570
	 7.3449350000000004 	 14285.0023010289751255
	 7.3543300000000000 	 14285.2648142195885157
	 7.3637250000000005 	 14285.5238231668172375
	 7.3731200000000001 	 14285.7794102871794166
	 7.3825150000000006 	 14286.0316221166194737
	 7.3919100000000002 	 14286.2805000261469104
	 7.4013049999999998 	 14286.5261957384373090
	 7.4107000000000003 	 14286.7688063327950658
	 7.4200949999999999 	 14287.0079889306416590
	 7.4294900000000004 	 14287.2439165762116318
	 7.4388850000000009 	 14287.4767813209418819
	 7.4482800000000005 	 14287.7064973028827808
	 7.4576750000000001 	 14287.9332356772065395
	 7.4670700000000005 	 14288.1569481412625464
	 7.4764650000000001 	 14288.3778003322131553
	 7.4858600000000006 	 14288.5956935716531007
	 7.4952550000000002 	 14288.8105751780622086
	 7.5046499999999998 	 14289.0226013614264957
	 7.5140450000000012 	 14289.2318877036686899
	 7.5234400000000008 	 14289.4383677053283463
	 7.5328350000000004 	 14289.6420242606927786
	 7.5422300000000000 	 14289.8430251166919334
	 7.5516249999999996 	 14290.0413339141105098
	 7.5610200000000010 	 14290.2370166183645779
	 7.5704150000000006 	 14290.4300308290276007
	 7.5798100000000002 	 14290.6205059486856044
	 7.5892050000000006 	 14290.8088291689437028
	 7.5986000000000002 	 14290.9937833585536282
	 7.6079950000000007 	 14291.1745233695128263
	 7.6173900000000003 	 14291.3545525995796197
	 7.6267849999999999 	 14291.5327363389260427
	 7.6361800000000004 	 14291.7083550289080449
	 7.6455750000000009 	 14291.8815965842113656
	 7.6549700000000005 	 14292.0527623525395029
	 7.6643650000000010 	 14292.2207659593750577
	 7.6737599999999988 	 14292.3895317701244494
	 7.6831549999999993 	 14292.5577733935806464
	 7.6925499999999998 	 14292.7189467680673260
	 7.7019449999999994 	 14292.8787972854534019
	 7.7113399999999999 	 14293.0362648913924204
	 7.7207349999999995 	 14293.1916630455471022
	 7.7301299999999991 	 14293.3449718172360008
	 7.7395249999999995 	 14293.4960780226756469
	 7.7489199999999991 	 14293.6452236446075403
	 7.7583149999999996 	 14293.7922517024417175
	 7.7677099999999992 	 14293.9372515505274350
	 7.7771049999999997 	 14294.0804040112234361
	 7.7865000000000002 	 14294.2214734651097388
	 7.7958949999999998 	 14294.3605884402040829
	 7.8052899999999994 	 14294.4978469975430926
	 7.8146849999999990 	 14294.6331476674386067
	 7.8240799999999995 	 14294.7666094014930422
	 7.8334750000000000 	 14294.8982512257425697
	 7.8428699999999996 	 14295.0280027242879441
	 7.8522649999999992 	 14295.1559864649207157
	 7.8616600000000005 	 14295.2822041446834191
	 7.8710550000000001 	 14295.4066524235058750
	 7.8804499999999997 	 14295.5293024128914112
	 7.8898449999999993 	 14295.6502809972407704
	 7.8992399999999989 	 14295.7695683354249923
	 7.9086350000000003 	 14295.8871879462840297
	 7.9180299999999999 	 14296.0031281252431654
	 7.9274249999999995 	 14296.1174168095185451
	 7.9368200000000000 	 14296.2301658834821865
	 7.9462149999999996 	 14296.3409180930193543
	 7.9556100000000001 	 14296.4502256502109958
	 7.9650049999999997 	 14296.5582035743173037
	 7.9743999999999993 	 14296.6645796188240638
	 7.9837949999999998 	 14296.7694702345852420
	 7.9931900000000002 	 14296.8728389456809964
	 8.0025849999999998 	 14296.9747355703711946
	 8.0119799999999994 	 14297.0751489813046646
	 8.0213749999999990 	 14297.1740956013654795
	 8.0307700000000004 	 14297.2716385588573758
	 8.0401650000000000 	 14297.3677830511587672
	 8.0495599999999996 	 14297.4625290619587759
	 8.0589549999999992 	 14297.5558976651882404
	 8.0683500000000006 	 14297.6478890725884412
	 8.0777450000000002 	 14297.7384340457610961
	 8.0871399999999998 	 14297.8278141358314315
	 8.0965349999999994 	 14297.9158034345091437
	 8.1059300000000007 	 14298.0024976185050036
	 8.1153250000000003 	 14298.0879609201001585
	 8.1247199999999999 	 14298.1720624513272924
	 8.1341149999999995 	 14298.2550351439913356
	 8.1435099999999991 	 14298.3366407227058517
	 8.1529050000000005 	 14298.4168124910011102
	 8.1623000000000001 	 14298.4961202694485110
	 8.1716949999999997 	 14298.5741974693937664
	 8.1810899999999993 	 14298.6510702637242503
	 8.1904849999999989 	 14298.7267056423206668
	 8.1998800000000003 	 14298.8013390046216955
	 8.2092749999999999 	 14298.8747749238609686
	 8.2186699999999995 	 14298.9471434864826733
	 8.2280649999999991 	 14299.0184469099658600
	 8.2374600000000004 	 14299.0884180667599139
	 8.2468550000000000 	 14299.1586629639714374
	 8.2562499999999996 	 14299.2249872353841056
	 8.2656449999999992 	 14299.3023267181615665
	 8.2750399999999988 	 14299.3765552651075268
	 8.2844350000000002 	 14299.4402933654982917
	 8.2938299999999998 	 14299.5048346484072681
	 8.3032249999999994 	 14299.5698244292580057
	 8.3126200000000008 	 14299.6272381158451026
	 8.3220150000000004 	 14299.6737587960033125
	 8.3314100000000000 	 14299.7357232253179973
	 8.3408049999999996 	 14299.7945001941461669
	 8.3501999999999992 	 14299.8527636679227726
	 8.3595950000000006 	 14299.9101258229202358
	 8.3689900000000002 	 14299.9665023783418292
	 8.3783849999999997 	 14300.0221049099272932
	 8.3877800000000011 	 14300.0767303980828729
	 8.3971750000000007 	 14300.1305387591382896
	 8.4065700000000003 	 14300.1835076167644729
	 8.4159649999999999 	 14300.2355961888515594
	 8.4253599999999995 	 14300.2868199309705233
	 8.4347550000000009 	 14300.3372309854512423
	 8.4441500000000005 	 14300.3869409402104793
	 8.4535450000000001 	 14300.4358060126396595
	 8.4629399999999997 	 14300.4838041556467942
	 8.4723350000000011 	 14300.5311463834004826
	 8.4817300000000007 	 14300.5776733998045529
	 8.4911250000000003 	 14300.6234602777258260
	 8.5005199999999999 	 14300.6685078922055254
	 8.5099149999999995 	 14300.7127908534330345
	 8.5193100000000008 	 14300.7564039140670502
	 8.5287050000000004 	 14300.7992606348543632
	 8.5381000000000000 	 14300.8414383013187035
	 8.5474949999999996 	 14300.8829447494154010
	 8.5568900000000010 	 14300.9237342841934151
	 8.5662850000000006 	 14300.9638893669289246
	 8.5756800000000002 	 14301.0034003648597718
	 8.5850749999999998 	 14301.0422351958022773
	 8.5944700000000012 	 14301.0804380462323024
	 8.6038650000000008 	 14301.1180311241514573
	 8.6132600000000004 	 14301.1549814040517958
	 8.6226550000000000 	 14301.1913054027154431
	 8.6320499999999996 	 14301.2270504499192612
	 8.6414450000000009 	 14301.2622067094507656
	 8.6508400000000005 	 14301.2968312790180789
	 8.6602350000000001 	 14301.3308044562600116
	 8.6696299999999997 	 14301.3642114620051871
	 8.6790249999999993 	 14301.3971433153801627
	 8.6884200000000007 	 14301.4294550905669894
	 8.6978150000000003 	 14301.4612998952343332
	 8.7072099999999999 	 14301.4925893585204904
	 8.7166049999999995 	 14301.5233479289490788
	 8.7259999999999991 	 14301.5535813737405988
	 8.7353950000000005 	 14301.5832713626314217
	 8.7447900000000001 	 14301.6125635559073999
	 8.7541850000000014 	 14301.6413744556866732
	 8.7635800000000010 	 14301.6696545724171301
	 8.7729750000000006 	 14301.6974844211727032
	 8.7823700000000002 	 14301.7248262974353565
	 8.7917649999999998 	 14301.7518095953200827
	 8.8011599999999994 	 14301.7782716200872528
	 8.8105549999999990 	 14301.8042701615650003
	 8.8199500000000022 	 14301.8298601138267259
	 8.8293450000000018 	 14301.8550978153944016
	 8.8387400000000014 	 14301.8798383701396233
	 8.8481349999999992 	 14301.9041658103760710
	 8.8575299999999988 	 14301.9281045344123413
	 8.8669249999999984 	 14301.9517176921581267
	 8.8763199999999998 	 14301.9749007201062341
	 8.8857149999999994 	 14301.9977194981292996
	 8.8951099999999990 	 14302.0201657344623527
	 8.9045050000000003 	 14302.0422007358320116
	 8.9138999999999999 	 14302.0638860753333574
	 8.9232949999999995 	 14302.0852770746096212
	 8.9326899999999991 	 14302.1063434116640565
	 8.9420850000000005 	 14302.1270005837886856
	 8.9514800000000001 	 14302.1473504897567182
	 8.9608749999999997 	 14302.1673806233848154
	 8.9702699999999993 	 14302.1871406386617309
	 8.9796649999999989 	 14302.2065399010280089
	 8.9890599999999985 	 14302.2256079253384087
	 8.9984549999999999 	 14302.2443676764632983
	 9.0078499999999995 	 14302.2629462603745196
	 9.0172449999999991 	 14302.2811257493940502
	 9.0266400000000004 	 14302.2991919008309196
	 9.0360350000000000 	 14302.3169155408595543
	 9.0454299999999996 	 14302.3342641115432343
	 9.0548249999999992 	 14302.3513791531531751
	 9.0642199999999988 	 14302.3683485366400419
	 9.0736149999999984 	 14302.3847294048682670
	 9.0830099999999980 	 14302.4019160877887771
	 9.0924050000000012 	 14302.4200089523310453
	 9.1018000000000008 	 14302.4356221688740334
	 9.1111950000000004 	 14302.4513226665858383
	 9.1205900000000000 	 14302.4666843275590509
	 9.1299849999999996 	 14302.4818726671528566
	 9.1393799999999992 	 14302.4969154814680223
	 9.1487749999999988 	 14302.5117546366764145
	 9.1581699999999984 	 14302.5263047449061560
	 9.1675649999999997 	 14302.5406205942781526
	 9.1769600000000011 	 14302.5547925960781868
	 9.1863550000000007 	 14302.5687382579799305
	 9.1957500000000003 	 14302.5825217688015982
	 9.2051449999999999 	 14302.5961638095122908
	 9.2145399999999995 	 14302.6095943965301558
	 9.2239349999999991 	 14302.6228094570997200
	 9.2333299999999987 	 14302.6358792346527480
	 9.2427250000000001 	 14302.6488233416603180
	 9.2521200000000015 	 14302.6616125659838872
	 9.2615150000000011 	 14302.6742758522759686
	 9.2709100000000007 	 14302.6866711079146626
	 9.2803050000000002 	 14302.6989467149542179
	 9.2896999999999998 	 14302.7111057637648628
	 9.2990949999999994 	 14302.7231092832334980
	 9.3084899999999990 	 14302.7349518186892965
	 9.3178849999999986 	 14302.7466265595685400
	 9.3272800000000000 	 14302.7581758845080913
	 9.3366749999999996 	 14302.7696733184966433
	 9.3460700000000010 	 14302.7810173937759828
	 9.3554650000000006 	 14302.7921996093482448
	 9.3648600000000002 	 14302.8033275116613368
	 9.3742549999999998 	 14302.8142862403747131
	 9.3836499999999994 	 14302.8251111624540499
	 9.3930450000000008 	 14302.8359051113093301
	 9.4024400000000004 	 14302.8465077500222833
	 9.4118350000000000 	 14302.8570442462969368
	 9.4212299999999995 	 14302.8675515768791229
	 9.4306249999999991 	 14302.8778703298739856
	 9.4400200000000005 	 14302.8881769095314667
	 9.4494150000000001 	 14302.8983833859419974
	 9.4588099999999997 	 14302.9084799985630525
	 9.4682049999999993 	 14302.9185403494666389
	 9.4776000000000007 	 14302.9285139587791491
	 9.4869950000000003 	 14302.9384411769406142
	 9.4963899999999999 	 14302.9482605619414244
	 9.5057849999999995 	 14302.9580579033663525
	 9.5151799999999991 	 14302.9677915632473741
	 9.5245749999999987 	 14302.9774541137448978
	 9.5339700000000001 	 14302.9870751696707885
	 9.5433650000000014 	 14302.9965963395170547
	 9.5527600000000010 	 14303.0060971197453910
	 9.5621550000000006 	 14303.0155796291510342
	 9.5715500000000002 	 14303.0249745536948467
	 9.5809449999999998 	 14303.0343482107418822
	 9.5903399999999994 	 14303.0436414080741088
	 9.5997349999999990 	 14303.0529030323159532
	 9.6091299999999986 	 14303.0621299756821827
	 9.6185250000000000 	 14303.0713399247779307
	 9.6279200000000014 	 14303.0805028361373843
	 9.6373150000000010 	 14303.0895751700245455
	 9.6467100000000006 	 14303.0985733049546980
	 9.6561050000000002 	 14303.1075733841062174
	 9.6654999999999998 	 14303.1165878091687773
	 9.6748949999999994 	 14303.1255308950858307
	 9.6842899999999990 	 14303.1344149707620090
	 9.6936850000000003 	 14303.1432928122740122
	 9.7030800000000017 	 14303.1521199244089075
	 9.7124750000000013 	 14303.1608934800224233
	 9.7218700000000009 	 14303.1696119097159681
	 9.7312650000000005 	 14303.1783027000856237
	 9.7406600000000001 	 14303.1870801896075136
	 9.7500549999999997 	 14303.1956782041379483
	 9.7594499999999993 	 14303.2043829176618601
	 9.7688449999999989 	 14303.2129383578849229
	 9.7782400000000003 	 14303.2214993260913616
	 9.7876350000000016 	 14303.2300959839576535
	 9.7970300000000012 	 14303.2386018606830476
	 9.8064250000000008 	 14303.2471245262222510
	 9.8158200000000004 	 14303.2556491699760954
	 9.8252150000000000 	 14303.2641039699283283
	 9.8346099999999996 	 14303.2725616502411867
	 9.8440050000000010 	 14303.2809651988427504
	 9.8534000000000006 	 14303.2893538271746365
	 9.8627950000000002 	 14303.2977683473545767
	 9.8721899999999998 	 14303.3061192897657747
	 9.8815850000000012 	 14303.3145577224313456
	 9.8909800000000008 	 14303.3228526230595890
	 9.9003750000000004 	 14303.3312241379844636
	 9.9097700000000000 	 14303.3394955355834099
	 9.9191649999999996 	 14303.3478098114264867
	 9.9285600000000009 	 14303.3561017908541544
	 9.9379550000000005 	 14303.3643796853320964
	 9.9473500000000001 	 14303.3726903666793078
	 9.9567449999999997 	 14303.3809311714121577
	 9.9661400000000011 	 14303.3891414769041148
	 9.9755350000000007 	 14303.3973929434396268
	 9.9849300000000003 	 14303.4055880906962557
	 9.9943250000000017 	 14303.4138098478924803
	 10.0037200000000013 	 14303.4220539871730580
	 10.0131150000000009 	 14303.4302186643544701
	 10.0225099999999987 	 14303.4384375071276736
	 10.0319049999999983 	 14303.4466274950245861
	 10.0412999999999979 	 14303.4547656785543950
	 10.0506950000000010 	 14303.4629794141928869
	 10.0600900000000006 	 14303.4711309965296095
	 10.0694850000000002 	 14303.4792218898892315
	 10.0788799999999998 	 14303.4873627587166993
	 10.0882749999999994 	 14303.4955384811873955
	 10.0976699999999990 	 14303.5036424830177566
	 10.1070649999999986 	 14303.5117768936470384
	 10.1164600000000000 	 14303.5198531810292479
	 10.1258549999999996 	 14303.5279655087033461
	 10.1352499999999992 	 14303.5360756345708069
	 10.1446450000000006 	 14303.5441625348375965
	 10.1540400000000002 	 14303.5522366797940776
	 10.1634349999999998 	 14303.5602951021428453
	 10.1728299999999994 	 14303.5683735388884088
	 10.1822249999999990 	 14303.5764116128266323
	 10.1916199999999986 	 14303.5844894143392594
	 10.2010149999999999 	 14303.5924996577268757
	 10.2104099999999995 	 14303.6005008000156522
	 10.2198049999999991 	 14303.6085054328668775
	 10.2291999999999987 	 14303.6165117189848388
	 10.2385950000000001 	 14303.6245178210738231
	 10.2479899999999997 	 14303.6325219018399366
	 10.2573849999999993 	 14303.6405221239911043
	 10.2667800000000007 	 14303.6485166502261563
	 10.2761750000000003 	 14303.6565036432493798
	 10.2855699999999999 	 14303.6644812657759758
	 10.2949649999999995 	 14303.6724476804993174
	 10.3043599999999991 	 14303.6804010827327147
	 10.3137550000000005 	 14303.6883405609569309
	 10.3231500000000000 	 14303.6962661846373521
	 10.3325449999999996 	 14303.7041780734398344
	 10.3419399999999992 	 14303.7120763470302336
	 10.3513350000000006 	 14303.7199611250707676
	 10.3607300000000002 	 14303.7278325272309303
	 10.3701249999999998 	 14303.7356906731765775
	 10.3795199999999994 	 14303.7435356825699273
	 10.3889149999999990 	 14303.7513676750768354
	 10.3983099999999986 	 14303.7591867703631578
	 10.4077050000000000 	 14303.7669930225256394
	 10.4171000000000014 	 14303.7747860311646946
	 10.4264950000000010 	 14303.7825652033916413
	 10.4358900000000006 	 14303.7903299456302193
	 10.4452850000000002 	 14303.7980796643059875
	 10.4546799999999998 	 14303.8058137658335909
	 10.4640749999999993 	 14303.8135316566458641
	 10.4734699999999989 	 14303.8212327431592712
	 10.4828649999999985 	 14303.8289164317920950
	 10.4922599999999981 	 14303.8365821289753512
	 10.5016550000000013 	 14303.8442292416766577
	 10.5110500000000009 	 14303.8518573393321276
	 10.5204450000000005 	 14303.8594663790172490
	 10.5298400000000001 	 14303.8670563744035462
	 10.5392349999999997 	 14303.8746273391534487
	 10.5486299999999993 	 14303.8821792869402998
	 10.5580249999999989 	 14303.8897122314319859
	 10.5674200000000003 	 14303.8972261862945743
	 10.5768149999999999 	 14303.9047211651995894
	 10.5862100000000012 	 14303.9121971818167367
	 10.5956050000000008 	 14303.9196542498029885
	 10.6050000000000004 	 14303.9270923349940858
	 10.6143949999999982 	 14303.9345104527910735
	 10.6237899999999996 	 14303.9419067447961424
	 10.6331849999999992 	 14303.9492793201116001
	 10.6425799999999988 	 14303.9566262878252019
	 10.6519749999999984 	 14303.9639457570447121
	 10.6613699999999998 	 14303.9712358368633431
	 10.6707649999999994 	 14303.9784946363852214
	 10.6801600000000008 	 14303.9857202647090162
	 10.6895550000000004 	 14303.9929108309352159
	 10.6989500000000000 	 14304.0000644441570330
	 10.7083449999999996 	 14304.0071799985998950
	 10.7177400000000009 	 14304.0142607905600016
	 10.7271349999999988 	 14304.0213116495906434
	 10.7365300000000001 	 14304.0283374068058038
	 10.7459249999999980 	 14304.0353428933194664
	 10.7553199999999993 	 14304.0423329402583477
	 10.7647149999999989 	 14304.0493123787346121
	 10.7741100000000003 	 14304.0562860398677003
	 10.7835049999999999 	 14304.0632587547679577
	 10.7928999999999995 	 14304.0702353545602818
	 10.8022949999999991 	 14304.0772206373458175
	 10.8116900000000005 	 14304.0842151706183358
	 10.8210849999999983 	 14304.0912111751094926
	 10.8304799999999997 	 14304.0981998941333586
	 10.8398749999999993 	 14304.1051725710021856
	 10.8492700000000006 	 14304.1121204490227683
	 10.8586650000000002 	 14304.1190347715055395
	 10.8680600000000016 	 14304.1259067817700270
	 10.8774549999999994 	 14304.1327277231175685
	 10.8868500000000008 	 14304.1394888388676918
	 10.8962449999999986 	 14304.1461813723290106
	 10.9056400000000000 	 14304.1527970652350632
	 10.9150349999999978 	 14304.1593351078518026
	 10.9244299999999992 	 14304.1658004195196554
	 10.9338249999999988 	 14304.1721980666679883
	 10.9432200000000002 	 14304.1785331157261680
	 10.9526149999999998 	 14304.1848106331235613
	 10.9620100000000011 	 14304.1910356852986297
	 10.9714049999999990 	 14304.1972133386680071
	 10.9808000000000003 	 14304.2033486596737930
	 10.9901949999999999 	 14304.2094467147398973
	 10.9995899999999995 	 14304.2155125703047815
	 11.0089849999999991 	 14304.2215502966919303
	 11.0183800000000005 	 14304.2275594218608603
	 11.0277750000000001 	 14304.2335381796729052
	 11.0371700000000015 	 14304.2394848039020872
	 11.0465649999999993 	 14304.2453975283133332
	 11.0559600000000007 	 14304.2512745866879413
	 11.0653549999999985 	 14304.2571142127872008
	 11.0747499999999999 	 14304.2629146403833147
	 11.0841449999999995 	 14304.2686741032557620
	 11.0935399999999991 	 14304.2743908351621940
	 11.1029349999999987 	 14304.2800630804722459
	 11.1123300000000000 	 14304.2856898264235497
	 11.1217249999999996 	 14304.2912712781089795
	 11.1311200000000010 	 14304.2968077535715565
	 11.1405150000000006 	 14304.3022995708397502
	 11.1499100000000002 	 14304.3077470479493059
	 11.1593049999999998 	 14304.3131505029377877
	 11.1687000000000012 	 14304.3185102538391220
	 11.1780949999999990 	 14304.3238266186817782
	 11.1874900000000004 	 14304.3290999155069585
	 11.1968849999999982 	 14304.3343304623467702
	 11.2062799999999996 	 14304.3395185444587696
	 11.2156749999999992 	 14304.3446640685069724
	 11.2250700000000005 	 14304.3497666980729264
	 11.2344650000000001 	 14304.3548260927364026
	 11.2438599999999997 	 14304.3598419120644394
	 11.2532549999999993 	 14304.3648138156459027
	 11.2626500000000007 	 14304.3697414630423737
	 11.2720449999999985 	 14304.3746245138354425
	 11.2814399999999999 	 14304.3794626276103372
	 11.2908350000000013 	 14304.3842554639250011
	 11.3002300000000009 	 14304.3890026823719381
	 11.3096250000000005 	 14304.3937040152650297
	 11.3190200000000019 	 14304.3983594653036562
	 11.3284149999999997 	 14304.4029690979969018
	 11.3378100000000011 	 14304.4075329788611270
	 11.3472049999999989 	 14304.4120511733945023
	 11.3566000000000003 	 14304.4165237471042929
	 11.3659949999999981 	 14304.4209507655086782
	 11.3753899999999994 	 14304.4253322941058286
	 11.3847850000000008 	 14304.4296683984139236
	 11.3941800000000004 	 14304.4339591439347714
	 11.4035750000000000 	 14304.4382045927104627
	 11.4129700000000014 	 14304.4424046552430809
	 11.4223649999999992 	 14304.4465590348027035
	 11.4317600000000006 	 14304.4506674197073153
	 11.4411550000000002 	 14304.4547294982694439
	 11.4505499999999998 	 14304.4587449588270829
	 11.4599449999999994 	 14304.4627134896873031
	 11.4693400000000025 	 14304.4666347791753651
	 11.4787350000000004 	 14304.4705085156092537
	 11.4881300000000017 	 14304.4743343873124104
	 11.4975249999999996 	 14304.4781120826119150
	 11.5069200000000009 	 14304.4818413373941439
	 11.5163149999999987 	 14304.4855223207596282
	 11.5257100000000001 	 14304.4891554332079977
	 11.5351049999999997 	 14304.4927410774216696
	 11.5444999999999993 	 14304.4962796560903371
	 11.5538950000000007 	 14304.4997715718891413
	 11.5632900000000021 	 14304.5032172275077755
	 11.5726849999999999 	 14304.5066170256231999
	 11.5820800000000013 	 14304.5099713689160126
	 11.5914750000000009 	 14304.5132806600740878
	 11.6008700000000005 	 14304.5165453016943502
	 11.6102650000000001 	 14304.5197655532592762
	 11.6196600000000014 	 14304.5229412397402484
	 11.6290549999999993 	 14304.5260721039212513
	 11.6384500000000006 	 14304.5291578885971830
	 11.6478450000000002 	 14304.5321983365538472
	 11.6572400000000016 	 14304.5351931905915990
	 11.6666349999999994 	 14304.5381421934889659
	 11.6760300000000008 	 14304.5410450880517601
	 11.6854250000000004 	 14304.5439016170566902
	 11.6948200000000000 	 14304.5467115233041113
	 11.7042149999999996 	 14304.5494745601936302
	 11.7136100000000010 	 14304.5521907959955570
	 11.7230049999999988 	 14304.5548606590036798
	 11.7324000000000002 	 14304.5574845972369076
	 11.7417950000000015 	 14304.5600630586814077
	 11.7511900000000011 	 14304.5625964913506323
	 11.7605850000000007 	 14304.5650853432380245
	 11.7699800000000021 	 14304.5675300623570365
	 11.7793749999999999 	 14304.5699310967029305
	 11.7887699999999978 	 14304.5722888942800637
	 11.7981649999999991 	 14304.5746039030927932
	 11.8075599999999987 	 14304.5768765362863633
	 11.8169549999999983 	 14304.5791069532042457
	 11.8263499999999997 	 14304.5812952009218861
	 11.8357450000000011 	 14304.5834413260290603
	 11.8451399999999989 	 14304.5855453751064488
	 11.8545350000000003 	 14304.5876073947292753
	 11.8639299999999999 	 14304.5896274314873153
	 11.8733249999999995 	 14304.5916055319612497
	 11.8827199999999991 	 14304.5935417427263019
	 11.8921150000000004 	 14304.5954361103722476
	 11.9015099999999983 	 14304.5972886816180107
	 11.9109049999999996 	 14304.5990995556603593
	 11.9202999999999992 	 14304.6008689625505212
	 11.9296950000000006 	 14304.6025971523704357
	 11.9390899999999984 	 14304.6042843752275076
	 11.9484849999999998 	 14304.6059308812000381
	 11.9578799999999994 	 14304.6075369203990704
	 11.9672749999999990 	 14304.6091027429029054
	 11.9766699999999986 	 14304.6106285988116724
	 11.9860650000000000 	 14304.6121147382145864
	 11.9954599999999978 	 14304.6135614112063195
	 12.0048550000000009 	 14304.6149688675450307
	 12.0142500000000005 	 14304.6163373496310669
	 12.0236450000000001 	 14304.6176670928634849
	 12.0330399999999997 	 14304.6189583323466650
	 12.0424350000000011 	 14304.6202113031959016
	 12.0518299999999989 	 14304.6214262405246700
	 12.0612250000000003 	 14304.6226033794300747
	 12.0706199999999981 	 14304.6237429550346860
	 12.0800149999999995 	 14304.6248452024392463
	 12.0894099999999991 	 14304.6259103567626880
	 12.0988050000000005 	 14304.6269386531075725
	 12.1082000000000001 	 14304.6279303300325410
	 12.1175949999999997 	 14304.6288856463579577
	 12.1269899999999993 	 14304.6298048682729132
	 12.1363850000000006 	 14304.6306882619937824
	 12.1457799999999985 	 14304.6315360937242076
	 12.1551749999999998 	 14304.6323486296751071
	 12.1645699999999994 	 14304.6331261360464850
	 12.1739649999999990 	 14304.6338688790583547
	 12.1833600000000004 	 14304.6345771249052632
	 12.1927550000000018 	 14304.6352511398090428
	 12.2021499999999996 	 14304.6358911903971602
	 12.2115450000000010 	 14304.6364976090371783
	 12.2209399999999988 	 14304.6370708633421600
	 12.2303350000000002 	 14304.6376114376216719
	 12.2397299999999980 	 14304.6381198161743669
	 12.2491249999999994 	 14304.6385964832952595
	 12.2585199999999990 	 14304.6390419232866407
	 12.2679150000000003 	 14304.6394566204471630
	 12.2773099999999999 	 14304.6398410590718413
	 12.2867050000000013 	 14304.6401957234629663
	 12.2960999999999991 	 14304.6405210979173717
	 12.3054950000000005 	 14304.6408176565000758
	 12.3148900000000001 	 14304.6410857105620380
	 12.3242849999999997 	 14304.6413254411290836
	 12.3336799999999993 	 14304.6415370255563175
	 12.3430750000000007 	 14304.6417206412115775
	 12.3524700000000003 	 14304.6418764654554252
	 12.3618650000000017 	 14304.6420046756429656
	 12.3712599999999995 	 14304.6421054491474933
	 12.3806550000000009 	 14304.6421789633241133
	 12.3900499999999987 	 14304.6422253955370252
	 12.3994450000000001 	 14304.6422449231467908
	 12.4088399999999996 	 14304.6422377423677972
	 12.4182349999999992 	 14304.6422041394835105
	 12.4276299999999988 	 14304.6421444276347756
	 12.4370250000000002 	 14304.6420589199715323
	 12.4464199999999998 	 14304.6419479296491772
	 12.4558150000000012 	 14304.6418117698067363
	 12.4652100000000008 	 14304.6416507535996061
	 12.4746050000000004 	 14304.6414651941740885
	 12.4840000000000000 	 14304.6412554046855803
	 12.4933950000000014 	 14304.6410216982731072
	 12.5027899999999992 	 14304.6407643886377627
	 12.5121850000000006 	 14304.6404838324106095
	 12.5215799999999984 	 14304.6401804596189322
	 12.5309750000000015 	 14304.6398547074677481
	 12.5403699999999994 	 14304.6395070131729881
	 12.5497650000000007 	 14304.6391378139414883
	 12.5591600000000003 	 14304.6387475469873607
	 12.5685549999999999 	 14304.6383366495156224
	 12.5779499999999995 	 14304.6379055587403855
	 12.5873450000000009 	 14304.6374547118739429
	 12.5967399999999987 	 14304.6369845461249497
	 12.6061350000000001 	 14304.6364954868713539
	 12.6155299999999997 	 14304.6359878149505676
	 12.6249250000000011 	 14304.6354617144752410
	 12.6343200000000007 	 14304.6349173677808722
	 12.6437150000000020 	 14304.6343549572065967
	 12.6531099999999999 	 14304.6337746650933695
	 12.6625050000000012 	 14304.6331766737821454
	 12.6718999999999991 	 14304.6325611656029650
	 12.6812950000000004 	 14304.6319283229058783
	 12.6906899999999982 	 14304.6312783280191070
	 12.7000849999999996 	 14304.6306113632908819
	 12.7094800000000010 	 14304.6299276594054390
	 12.7188750000000006 	 14304.6292276352960471
	 12.7282700000000002 	 14304.6285117556835758
	 12.7376650000000016 	 14304.6277804852979898
	 12.7470599999999994 	 14304.6270342888547020
	 12.7564550000000008 	 14304.6262736310854962
	 12.7658500000000004 	 14304.6254989767185180
	 12.7752450000000000 	 14304.6247107904782752
	 12.7846399999999996 	 14304.6239095370765426
	 12.7940350000000009 	 14304.6230956812596560
	 12.8034300000000005 	 14304.6222696862860175
	 12.8128250000000019 	 14304.6214319454229553
	 12.8222199999999997 	 14304.6205827521880565
	 12.8316150000000011 	 14304.6197223924791615
	 12.8410099999999989 	 14304.6188511521941109
	 12.8504050000000003 	 14304.6179693172161933
	 12.8597999999999999 	 14304.6170771734505252
	 12.8691949999999995 	 14304.6161750067840330
	 12.8785899999999991 	 14304.6152631031181954
	 12.8879850000000022 	 14304.6143417483399389
	 12.8973800000000001 	 14304.6134112283525610
	 12.9067750000000014 	 14304.6124718303035479
	 12.9161700000000010 	 14304.6115238534348464
	 12.9255650000000006 	 14304.6105676037132071
	 12.9349600000000002 	 14304.6096033871890540
	 12.9443550000000016 	 14304.6086315099018975
	 12.9537499999999994 	 14304.6076522779003426
	 12.9631449999999973 	 14304.6066659972311754
	 12.9725400000000004 	 14304.6056729739320872
	 12.9819350000000000 	 14304.6046735140498640
	 12.9913299999999996 	 14304.6036679236258351
	 13.0007249999999992 	 14304.6026565087249764
	 13.0101200000000006 	 14304.6016396048653405
	 13.0195149999999984 	 14304.6006176412101922
	 13.0289099999999998 	 14304.5995910654964973
	 13.0383049999999994 	 14304.5985603254339367
	 13.0476999999999990 	 14304.5975258687485621
	 13.0570950000000003 	 14304.5964881431718823
	 13.0664900000000017 	 14304.5954475964208541
	 13.0758849999999995 	 14304.5944046762269863
	 13.0852800000000009 	 14304.5933598303090548
	 13.0946749999999987 	 14304.5923135063912923
	 13.1040700000000001 	 14304.5912661484871933
	 13.1134649999999979 	 14304.5902180809462152
	 13.1228599999999993 	 14304.5891694856782124
	 13.1322549999999989 	 14304.5881205362711626
	 13.1416499999999985 	 14304.5870714062948537
	 13.1510449999999999 	 14304.5860222693445394
	 13.1604400000000012 	 14304.5849732990027405
	 13.1698349999999991 	 14304.5839246688537969
	 13.1792300000000004 	 14304.5828765524747723
	 13.1886250000000000 	 14304.5818291234536446
	 13.1980199999999996 	 14304.5807825553747534
	 13.2074149999999992 	 14304.5797370126074384
	 13.2168100000000006 	 14304.5786925890570274
	 13.2262049999999984 	 14304.5776493460671190
	 13.2356000000000016 	 14304.5766073448176030
	 13.2449949999999994 	 14304.5755666464738169
	 13.2543900000000008 	 14304.5745273122229264
	 13.2637849999999986 	 14304.5734894032357261
	 13.2731800000000000 	 14304.5724529806830105
	 13.2825749999999996 	 14304.5714181057373935
	 13.2919699999999992 	 14304.5703848395769455
	 13.3013649999999988 	 14304.5693532436125679
	 13.3107600000000001 	 14304.5683234933821950
	 13.3201549999999980 	 14304.5672960618267098
	 13.3295500000000011 	 14304.5662714697082265
	 13.3389450000000007 	 14304.5652502377961355
	 13.3483400000000003 	 14304.5642328868543700
	 13.3577349999999999 	 14304.5632199376450444
	 13.3671300000000013 	 14304.5622119109357300
	 13.3765249999999991 	 14304.5612093275030929
	 13.3859200000000005 	 14304.5602127080928767
	 13.3953149999999983 	 14304.5592225734908425
	 13.4047099999999997 	 14304.5582394272878446
	 13.4141049999999993 	 14304.5572633809060790
	 13.4235000000000007 	 14304.5562941549196694
	 13.4328950000000003 	 14304.5553314530188800
	 13.4422899999999998 	 14304.5543749788957939
	 13.4516849999999994 	 14304.5534244362424943
	 13.4610800000000008 	 14304.5524795287492452
	 13.4704749999999986 	 14304.5515399601026729
	 13.4798700000000000 	 14304.5506054340003175
	 13.4892649999999996 	 14304.5496756541288050
	 13.4986599999999992 	 14304.5487503241802187
	 13.5080550000000006 	 14304.5478292452935420
	 13.5174500000000020 	 14304.5469128195909434
	 13.5268449999999998 	 14304.5460016780780279
	 13.5362400000000012 	 14304.5450964521987771
	 13.5456349999999990 	 14304.5441977733989916
	 13.5550300000000004 	 14304.5433062731335667
	 13.5644249999999982 	 14304.5424225828410272
	 13.5738199999999996 	 14304.5415473339780874
	 13.5832149999999992 	 14304.5406811579978239
	 13.5926100000000005 	 14304.5398246863314853
	 13.6020050000000001 	 14304.5389785492425290
	 13.6114000000000015 	 14304.5381431610967411
	 13.6207949999999993 	 14304.5373184723339364
	 13.6301900000000007 	 14304.5365043732690538
	 13.6395850000000003 	 14304.5357007542424981
	 13.6489799999999999 	 14304.5349075055637513
	 13.6583749999999995 	 14304.5341245175768563
	 13.6677700000000009 	 14304.5333516805803811
	 13.6771649999999987 	 14304.5325888849165494
	 13.6865600000000018 	 14304.5318360209057573
	 13.6959549999999997 	 14304.5310929788702197
	 13.7053500000000010 	 14304.5303596543017193
	 13.7147449999999989 	 14304.5296360302363610
	 13.7241400000000002 	 14304.5289221627172083
	 13.7335349999999998 	 14304.5282181100228627
	 13.7429299999999994 	 14304.5275239304337447
	 13.7523249999999990 	 14304.5268396822248178
	 13.7617200000000004 	 14304.5261654236765025
	 13.7711150000000000 	 14304.5255012130728574
	 13.7805100000000014 	 14304.5248471086870268
	 13.7899050000000010 	 14304.5242031687994313
	 13.7993000000000006 	 14304.5235694516904914
	 13.8086950000000002 	 14304.5229460473165091
	 13.8180900000000015 	 14304.5223332041896356
	 13.8274849999999994 	 14304.5217312203294568
	 13.8368800000000007 	 14304.5211403937864816
	 13.8462749999999986 	 14304.5205610225930286
	 13.8556699999999999 	 14304.5199934047905117
	 13.8650649999999995 	 14304.5194378384167067
	 13.8744600000000009 	 14304.5188946215166652
	 13.8838550000000005 	 14304.5183640521227062
	 13.8932500000000001 	 14304.5178464282798814
	 13.9026449999999997 	 14304.5173420460687339
	 13.9120400000000011 	 14304.5168510251914995
	 13.9214349999999989 	 14304.5163731710017601
	 13.9308300000000003 	 14304.5159082564096025
	 13.9402249999999999 	 14304.5154560543178377
	 13.9496200000000012 	 14304.5150163376365526
	 13.9590150000000008 	 14304.5145888792703772
	 13.9684100000000022 	 14304.5141734521203034
	 13.9778050000000000 	 14304.5137698290891421
	 13.9872000000000014 	 14304.5133777830942563
	 13.9965949999999992 	 14304.5129970870329998
	 14.0059900000000006 	 14304.5126275369129871
	 14.0153849999999984 	 14304.5122692278164322
	 14.0247799999999998 	 14304.5119224632817350
	 14.0341750000000012 	 14304.5115875511128252
	 14.0435700000000008 	 14304.5112647990972619
	 14.0529650000000004 	 14304.5109545150244230
	 14.0623600000000017 	 14304.5106570066927816
	 14.0717549999999996 	 14304.5103725818917155
	 14.0811500000000009 	 14304.5101015484106028
	 14.0905450000000005 	 14304.5098442140515544
	 14.0999400000000001 	 14304.5096008866057673
	 14.1093349999999997 	 14304.5093717932722939
	 14.1187300000000011 	 14304.5091568327188725
	 14.1281250000000007 	 14304.5089558198505983
	 14.1375199999999985 	 14304.5087685695943946
	 14.1469149999999999 	 14304.5085948968771845
	 14.1563099999999995 	 14304.5084346166149771
	 14.1657049999999991 	 14304.5082875437292387
	 14.1750999999999987 	 14304.5081534931432543
	 14.1844950000000001 	 14304.5080322797784902
	 14.1938899999999979 	 14304.5079237185491365
	 14.2032849999999993 	 14304.5078276270196511
	 14.2126800000000006 	 14304.5077439637316274
	 14.2220750000000002 	 14304.5076728964540962
	 14.2314699999999998 	 14304.5076146099163452
	 14.2408650000000012 	 14304.5075692888403864
	 14.2502599999999990 	 14304.5075371179518697
	 14.2596550000000004 	 14304.5075182819746260
	 14.2690499999999982 	 14304.5075129656379431
	 14.2784449999999996 	 14304.5075213536638330
	 14.2878399999999974 	 14304.5075436307815835
	 14.2972350000000006 	 14304.5075799817095685
	 14.3066300000000002 	 14304.5076305656930344
	 14.3160249999999998 	 14304.5076952840208833
	 14.3254199999999994 	 14304.5077738881354890
	 14.3348150000000008 	 14304.5078661276274943
	 14.3442099999999986 	 14304.5079717520929989
	 14.3536049999999999 	 14304.5080905111208267
	 14.3629999999999995 	 14304.5082221543070773
	 14.3723949999999991 	 14304.5083664312423934
	 14.3817899999999987 	 14304.5085230915192369
	 14.3911850000000019 	 14304.5086918847264315
	 14.4005799999999997 	 14304.5088725604837236
	 14.4099750000000011 	 14304.5090649627545645
	 14.4193699999999989 	 14304.5092692493526556
	 14.4287650000000003 	 14304.5094856432697270
	 14.4381599999999981 	 14304.5097143674902327
	 14.4475549999999995 	 14304.5099556449931697
	 14.4569499999999991 	 14304.5102096987775440
	 14.4663449999999987 	 14304.5104767518187145
	 14.4757400000000001 	 14304.5107570271065924
	 14.4851350000000014 	 14304.5110507476238126
	 14.4945299999999992 	 14304.5113581363639241
	 14.5039250000000006 	 14304.5116794115492667
	 14.5133200000000002 	 14304.5120146245317301
	 14.5227149999999998 	 14304.5123636197658925
	 14.5321099999999994 	 14304.5127262288369820
	 14.5415050000000008 	 14304.5131022833265888
	 14.5508999999999986 	 14304.5134916148090269
	 14.5602950000000000 	 14304.5138940548768005
	 14.5696899999999996 	 14304.5143094351096806
	 14.5790850000000010 	 14304.5147375870801625
	 14.5884799999999988 	 14304.5151783423825691
	 14.5978750000000002 	 14304.5156315325930336
	 14.6072699999999998 	 14304.5160969892913272
	 14.6166649999999994 	 14304.5165745440644969
	 14.6260599999999990 	 14304.5170640284886758
	 14.6354550000000003 	 14304.5175652741545491
	 14.6448499999999981 	 14304.5180781126346119
	 14.6542450000000013 	 14304.5186023755122733
	 14.6636400000000009 	 14304.5191378943745804
	 14.6730350000000005 	 14304.5196845007994852
	 14.6824300000000001 	 14304.5202420263722161
	 14.6918250000000015 	 14304.5208103026689059
	 14.7012199999999993 	 14304.5213891614293971
	 14.7106150000000007 	 14304.5219785338886140
	 14.7200099999999985 	 14304.5225786223491014
	 14.7294049999999999 	 14304.5231896748409781
	 14.7387999999999995 	 14304.5238119393907255
	 14.7481950000000008 	 14304.5244456640430144
	 14.7575900000000004 	 14304.5250910968134122
	 14.7669850000000000 	 14304.5257484857393138
	 14.7763799999999996 	 14304.5264180788544763
	 14.7857750000000010 	 14304.5271001241872000
	 14.7951699999999988 	 14304.5277948697657848
	 14.8045650000000002 	 14304.5285025465946092
	 14.8139599999999998 	 14304.5292229666956700
	 14.8233549999999994 	 14304.5299555074288946
	 14.8327500000000008 	 14304.5306995259761607
	 14.8421450000000021 	 14304.5314543795138889
	 14.8515400000000000 	 14304.5322194252239569
	 14.8609350000000013 	 14304.5329940202955186
	 14.8703299999999992 	 14304.5337775219068135
	 14.8797250000000005 	 14304.5345692872306245
	 14.8891199999999984 	 14304.5353686734561052
	 14.8985149999999997 	 14304.5361750377669523
	 14.9079099999999993 	 14304.5369879669669899
	 14.9173049999999989 	 14304.5378085338106757
	 14.9267000000000003 	 14304.5386384025405277
	 14.9360950000000017 	 14304.5394792389161012
	 14.9454899999999995 	 14304.5403327086969512
	 14.9548850000000009 	 14304.5412004776499089
	 14.9642800000000005 	 14304.5420842115327105
	 14.9736750000000001 	 14304.5429855761085491
	 14.9830699999999997 	 14304.5439062371333421
	 14.9924650000000010 	 14304.5448478603739204
	 15.0018600000000006 	 14304.5458121011579351
	 15.0112550000000020 	 14304.5467983452981571
	 15.0206499999999998 	 14304.5478008861937269
	 15.0300450000000012 	 14304.5488133237304282
	 15.0394399999999990 	 14304.5498292577976827
	 15.0488350000000004 	 14304.5508422882703599
	 15.0582300000000000 	 14304.5518460150342435
	 15.0676249999999996 	 14304.5528340379805741
	 15.0770199999999992 	 14304.5537999569860403
	 15.0864150000000006 	 14304.5547373719346069
	 15.0958100000000002 	 14304.5556398827175144
	 15.1052050000000015 	 14304.5565015362626582
	 15.1146000000000011 	 14304.5573244576953584
	 15.1239950000000007 	 14304.5581177876756556
	 15.1333900000000003 	 14304.5588909000871354
	 15.1427850000000017 	 14304.5596531688079267
	 15.1521799999999995 	 14304.5604139677179774
	 15.1615750000000009 	 14304.5611826706863212
	 15.1709699999999987 	 14304.5619686515983631
	 15.1803650000000001 	 14304.5627812843285938
	 15.1897599999999997 	 14304.5636299427569611
	 15.1991550000000011 	 14304.5645240007597749
	 15.2085500000000007 	 14304.5654709060236200
	 15.2179450000000003 	 14304.5664680023983237
	 15.2273399999999999 	 14304.5675093321224267
	 15.2367350000000012 	 14304.5685889355972904
	 15.2461299999999991 	 14304.5697008532024483
	 15.2555250000000004 	 14304.5708391253465379
	 15.2649200000000000 	 14304.5719977924127306
	 15.2743150000000014 	 14304.5731708947951120
	 15.2837100000000010 	 14304.5743524728895864
	 15.2931050000000024 	 14304.5755365670884203
	 15.3025000000000002 	 14304.5767172416090034
	 15.3118949999999980 	 14304.5778910323278978
	 15.3212899999999994 	 14304.5790590684118797
	 15.3306849999999990 	 14304.5802229789806006
	 15.3400799999999986 	 14304.5813843931500742
	 15.3494749999999982 	 14304.5825449400472280
	 15.3588699999999996 	 14304.5837062487971707
	 15.3682649999999992 	 14304.5848699485122779
	 15.3776600000000006 	 14304.5860376683194772
	 15.3870550000000001 	 14304.5872110373366013
	 15.3964499999999997 	 14304.5883916846905777
	 15.4058449999999993 	 14304.5895811583595787
	 15.4152400000000007 	 14304.5907798926582473
	 15.4246349999999985 	 14304.5919875132058223
	 15.4340299999999999 	 14304.5932036274407437
	 15.4434249999999977 	 14304.5944278428105463
	 15.4528200000000009 	 14304.5956597667482129
	 15.4622149999999987 	 14304.5968990066921833
	 15.4716100000000001 	 14304.5981451700899925
	 15.4810049999999997 	 14304.5993978643764422
	 15.4903999999999993 	 14304.6006566969954292
	 15.4997949999999989 	 14304.6019212753872125
	 15.5091900000000003 	 14304.6031912069829559
	 15.5185849999999981 	 14304.6044660992374702
	 15.5279799999999994 	 14304.6057455595837382
	 15.5373750000000008 	 14304.6070291954601998
	 15.5467700000000004 	 14304.6083166143107519
	 15.5561650000000000 	 14304.6096074235683773
	 15.5655600000000014 	 14304.6109012306842487
	 15.5749549999999992 	 14304.6121976430931682
	 15.5843500000000006 	 14304.6134962682335754
	 15.5937449999999984 	 14304.6147967135475483
	 15.6031399999999998 	 14304.6160985915721540
	 15.6125349999999976 	 14304.6174018184719898
	 15.6219299999999990 	 14304.6187067799437500
	 15.6313250000000004 	 14304.6200139019456401
	 15.6407200000000000 	 14304.6213236104249518
	 15.6501149999999996 	 14304.6226363313380716
	 15.6595100000000009 	 14304.6239524906413862
	 15.6689049999999988 	 14304.6252725142840063
	 15.6783000000000001 	 14304.6265968282277754
	 15.6876949999999997 	 14304.6279258584218042
	 15.6970899999999993 	 14304.6292600308188412
	 15.7064849999999989 	 14304.6305997246035986
	 15.7158800000000021 	 14304.6319448192316486
	 15.7252749999999999 	 14304.6332948915332963
	 15.7346700000000013 	 14304.6346495140987827
	 15.7440649999999991 	 14304.6360082595329004
	 15.7534600000000005 	 14304.6373707004295284
	 15.7628549999999983 	 14304.6387364093825454
	 15.7722499999999997 	 14304.6401049589949253
	 15.7816449999999993 	 14304.6414759218532708
	 15.7910399999999989 	 14304.6428488705678319
	 15.8004350000000002 	 14304.6442233777379442
	 15.8098300000000016 	 14304.6455991339207685
	 15.8192249999999994 	 14304.6469762404376525
	 15.8286200000000008 	 14304.6483548879477894
	 15.8380150000000004 	 14304.6497352671249246
	 15.8474100000000000 	 14304.6511175686409842
	 15.8568049999999996 	 14304.6525019831587997
	 15.8662000000000010 	 14304.6538887013484782
	 15.8755949999999988 	 14304.6552779138692131
	 15.8849900000000002 	 14304.6566698114111205
	 15.8943849999999998 	 14304.6580645846242987
	 15.9037800000000011 	 14304.6594624169338204
	 15.9131749999999990 	 14304.6608632137395034
	 15.9225700000000003 	 14304.6622665215090819
	 15.9319649999999999 	 14304.6636718629597453
	 15.9413599999999995 	 14304.6650787607795792
	 15.9507549999999991 	 14304.6664867376912298
	 15.9601500000000005 	 14304.6678953163827828
	 15.9695449999999983 	 14304.6693040195696085
	 15.9789400000000015 	 14304.6707123699525255
	 15.9883350000000011 	 14304.6721198902341712
	 15.9977300000000007 	 14304.6735261031226401
	 16.0071249999999985 	 14304.6749305977464246
	 16.0165199999999999 	 14304.6763335254963749
	 16.0259150000000012 	 14304.6777353206798580
	 16.0353100000000026 	 14304.6791364197360963
	 16.0447050000000004 	 14304.6805372591152263
	 16.0541000000000018 	 14304.6819382752710226
	 16.0634949999999996 	 14304.6833399046481645
	 16.0728900000000010 	 14304.6847425836895127
	 16.0822849999999988 	 14304.6861467488506605
	 16.0916800000000002 	 14304.6875528365726495
	 16.1010749999999980 	 14304.6889612830946135
	 16.1104699999999994 	 14304.6903723289542540
	 16.1198650000000008 	 14304.6917856571744778
	 16.1292600000000022 	 14304.6932008521434909
	 16.1386550000000000 	 14304.6946174982658704
	 16.1480500000000013 	 14304.6960351799261844
	 16.1574449999999992 	 14304.6974534815180959
	 16.1668400000000005 	 14304.6988719874425442
	 16.1762349999999984 	 14304.7002902820877352
	 16.1856299999999997 	 14304.7017079498455132
	 16.1950249999999976 	 14304.7031245751168171
	 16.2044200000000025 	 14304.7045397519596008
	 16.2138150000000003 	 14304.7059533310111874
	 16.2232100000000017 	 14304.7073654400319356
	 16.2326049999999995 	 14304.7087762205846957
	 16.2420000000000009 	 14304.7101858142086712
	 16.2513949999999987 	 14304.7115943624612555
	 16.2607900000000001 	 14304.7130020069016609
	 16.2701850000000015 	 14304.7144088890745479
	 16.2795799999999993 	 14304.7158151505336718
	 16.2889750000000006 	 14304.7172209328418830
	 16.2983700000000020 	 14304.7186263775329280
	 16.3077649999999998 	 14304.7200315822574339
	 16.3171600000000012 	 14304.7214363463408517
	 16.3265549999999990 	 14304.7228403450371843
	 16.3359500000000004 	 14304.7242432531857048
	 16.3453449999999982 	 14304.7256447456384194
	 16.3547399999999996 	 14304.7270444972400583
	 16.3641349999999974 	 14304.7284421828371705
	 16.3735299999999988 	 14304.7298374772763054
	 16.3829250000000002 	 14304.7312300554040121
	 16.3923200000000016 	 14304.7326195920632017
	 16.4017150000000029 	 14304.7340057634228287
	 16.4111100000000008 	 14304.7353885973388969
	 16.4205050000000021 	 14304.7367689458842506
	 16.4299000000000035 	 14304.7381477790459030
	 16.4392950000000013 	 14304.7395260668145056
	 16.4486900000000027 	 14304.7409047791643388
	 16.4580850000000005 	 14304.7422848860951490
	 16.4674800000000019 	 14304.7436673575775785
	 16.4768749999999997 	 14304.7450531636022788
	 16.4862699999999975 	 14304.7464432741544442
	 16.4956649999999989 	 14304.7478386592156312
	 16.5050599999999967 	 14304.7492401696599700
	 16.5144549999999981 	 14304.7506463557656389
	 16.5238499999999959 	 14304.7520536876199913
	 16.5332449999999973 	 14304.7534585604098538
	 16.5426399999999987 	 14304.7548573693093203
	 16.5520349999999965 	 14304.7562465094961226
	 16.5614300000000014 	 14304.7576223761752772
	 16.5708250000000028 	 14304.7589813645081449
	 16.5802200000000006 	 14304.7603198696851905
	 16.5896150000000020 	 14304.7616342868932406
	 16.5990099999999998 	 14304.7629210113082081
	 16.6084050000000012 	 14304.7641775014362793
	 16.6177999999999990 	 14304.7654070622538711
	 16.6271950000000004 	 14304.7666149975229928
	 16.6365899999999982 	 14304.7678066127227794
	 16.6459849999999996 	 14304.7689872133450990
	 16.6553799999999974 	 14304.7701621048763627
	 16.6647749999999988 	 14304.7713365928157145
	 16.6741700000000002 	 14304.7725159826368326
	 16.6835649999999980 	 14304.7737055798443180
	 16.6929599999999994 	 14304.7749106899191247
	 16.7023550000000007 	 14304.7761366183476639
	 16.7117499999999986 	 14304.7773886706290796
	 16.7211449999999999 	 14304.7786721522425069
	 16.7305400000000013 	 14304.7799923686889088
	 16.7399350000000027 	 14304.7813546254456014
	 16.7493300000000005 	 14304.7827642280080909
	 16.7587250000000019 	 14304.7842264818609692
	 16.7681199999999997 	 14304.7857466924942855
	 16.7775150000000011 	 14304.7873301654017268
	 16.7869099999999989 	 14304.7889822060697043
	 16.7963050000000003 	 14304.7907081199828099
	 16.8056999999999981 	 14304.7925123218665249
	 16.8150949999999995 	 14304.7943862454249029
	 16.8244899999999973 	 14304.7963115064503654
	 16.8338849999999987 	 14304.7982694780803286
	 16.8432800000000000 	 14304.8002415334467514
	 16.8526749999999979 	 14304.8022090456815931
	 16.8620699999999992 	 14304.8041533879277267
	 16.8714650000000006 	 14304.8060559333116544
	 16.8808599999999984 	 14304.8078980549707921
	 16.8902549999999998 	 14304.8096611260443751
	 16.8996499999999976 	 14304.8113265196589055
	 16.9090450000000025 	 14304.8128804049210885
	 16.9184400000000004 	 14304.8143304050590814
	 16.9278350000000017 	 14304.8156901400743664
	 16.9372299999999996 	 14304.8169732302103512
	 16.9466250000000009 	 14304.8181932957340905
	 16.9560199999999988 	 14304.8193639569053630
	 16.9654150000000001 	 14304.8204988339784904
	 16.9748100000000015 	 14304.8216115472205274
	 16.9842049999999993 	 14304.8227157168767008
	 16.9936000000000007 	 14304.8238249632195220
	 17.0029950000000021 	 14304.8249528127416852
	 17.0123899999999999 	 14304.8261065287661040
	 17.0217850000000013 	 14304.8272832812781417
	 17.0311799999999991 	 14304.8284793253569660
	 17.0405750000000005 	 14304.8296909160835639
	 17.0499699999999983 	 14304.8309143085371034
	 17.0593649999999997 	 14304.8321457577912952
	 17.0687599999999975 	 14304.8333815189234883
	 17.0781549999999989 	 14304.8346178470146697
	 17.0875500000000002 	 14304.8358509971458261
	 17.0969450000000016 	 14304.8370772243870306
	 17.1063399999999994 	 14304.8382930299467262
	 17.1157350000000008 	 14304.8394976931322162
	 17.1251299999999986 	 14304.8406922468857374
	 17.1345250000000000 	 14304.8418777516926639
	 17.1439200000000014 	 14304.8430552680274559
	 17.1533149999999992 	 14304.8442258563845826
	 17.1627100000000006 	 14304.8453905772366852
	 17.1721050000000020 	 14304.8465504910727759
	 17.1814999999999998 	 14304.8477066583709529
	 17.1908950000000011 	 14304.8488601396184094
	 17.2002899999999990 	 14304.8500119952786918
	 17.2096850000000003 	 14304.8511630048324150
	 17.2190799999999982 	 14304.8523129230234190
	 17.2284749999999995 	 14304.8534612711009686
	 17.2378699999999974 	 14304.8546075703015958
	 17.2472649999999987 	 14304.8557513418727467
	 17.2566599999999966 	 14304.8568921070600481
	 17.2660550000000015 	 14304.8580293871000322
	 17.2754500000000029 	 14304.8591627032383258
	 17.2848450000000007 	 14304.8602915767205559
	 17.2942400000000021 	 14304.8614155287814356
	 17.3036350000000034 	 14304.8625340891867381
	 17.3130300000000013 	 14304.8636471455338324
	 17.3224250000000026 	 14304.8647550666246389
	 17.3318200000000004 	 14304.8658582551106520
	 17.3412150000000018 	 14304.8669571136433660
	 17.3506099999999996 	 14304.8680520448706375
	 17.3600050000000010 	 14304.8691434514475986
	 17.3693999999999988 	 14304.8702317360202869
	 17.3787950000000002 	 14304.8713173012365587
	 17.3881899999999980 	 14304.8724005497497274
	 17.3975849999999994 	 14304.8734818842167442
	 17.4069799999999972 	 14304.8745616440555750
	 17.4163749999999986 	 14304.8756396052540367
	 17.4257699999999964 	 14304.8767152480231744
	 17.4351649999999978 	 14304.8777880499565072
	 17.4445600000000027 	 14304.8788574886475544
	 17.4539550000000006 	 14304.8799230416843784
	 17.4633500000000019 	 14304.8809841866641364
	 17.4727450000000033 	 14304.8820404011803475
	 17.4821400000000011 	 14304.8830911628247122
	 17.4915350000000025 	 14304.8841359491780167
	 17.5009300000000003 	 14304.8851742380174983
	 17.5103250000000017 	 14304.8862057405094674
	 17.5197199999999995 	 14304.8872308634199726
	 17.5291150000000009 	 14304.8882501425105147
	 17.5385099999999987 	 14304.8892641135480517
	 17.5479050000000001 	 14304.8902733122995414
	 17.5572999999999979 	 14304.8912782745283039
	 17.5666949999999993 	 14304.8922795359994780
	 17.5760900000000007 	 14304.8932776324836595
	 17.5854849999999985 	 14304.8942730997387116
	 17.5948799999999999 	 14304.8952664735334110
	 17.6042750000000012 	 14304.8962582750427828
	 17.6136700000000026 	 14304.8972486068541912
	 17.6230650000000040 	 14304.8982371008114569
	 17.6324600000000018 	 14304.8992233637018217
	 17.6418550000000032 	 14304.9002070023016131
	 17.6512500000000010 	 14304.9011876234089868
	 17.6606449999999988 	 14304.9021648338093655
	 17.6700400000000002 	 14304.9031382402881718
	 17.6794349999999980 	 14304.9041074496308283
	 17.6888299999999994 	 14304.9050720686209388
	 17.6982249999999972 	 14304.9060317040493828
	 17.7076199999999986 	 14304.9069860100971709
	 17.7170150000000000 	 14304.9079349790245033
	 17.7264099999999978 	 14304.9088787499931641
	 17.7358049999999992 	 14304.9098174627524713
	 17.7452000000000005 	 14304.9107512570571998
	 17.7545949999999984 	 14304.9116802726603055
	 17.7639899999999997 	 14304.9126046493129252
	 17.7733849999999975 	 14304.9135245267716527
	 17.7827799999999989 	 14304.9144400447930821
	 17.7921750000000003 	 14304.9153513431265310
	 17.8015700000000017 	 14304.9162585615340504
	 17.8109649999999995 	 14304.9171618417167338
	 17.8203600000000009 	 14304.9180613301323319
	 17.8297549999999987 	 14304.9189571739498206
	 17.8391500000000001 	 14304.9198495203563652
	 17.8485450000000014 	 14304.9207385165100277
	 17.8579399999999993 	 14304.9216243095906975
	 17.8673350000000006 	 14304.9225070467691694
	 17.8767300000000020 	 14304.9233868752162380
	 17.8861249999999998 	 14304.9242639421172498
	 17.8955200000000012 	 14304.9251383946302667
	 17.9049149999999990 	 14304.9260103675242135
	 17.9143100000000004 	 14304.9268797387758241
	 17.9237049999999982 	 14304.9277461446527013
	 17.9330999999999996 	 14304.9286092120200919
	 17.9424949999999974 	 14304.9294685677432426
	 17.9518899999999988 	 14304.9303238386819430
	 17.9612849999999966 	 14304.9311746516941639
	 17.9706800000000015 	 14304.9320206336542469
	 17.9800749999999994 	 14304.9328614114128868
	 17.9894700000000007 	 14304.9336966118426062
	 17.9988649999999986 	 14304.9345258618050138
	 18.0082599999999999 	 14304.9353488871583977
	 18.0176550000000013 	 14304.9361659844962560
	 18.0270499999999991 	 14304.9369776544863271
	 18.0364450000000005 	 14304.9377843980655598
	 18.0458400000000019 	 14304.9385867161454371
	 18.0552349999999997 	 14304.9393851096647268
	 18.0646300000000011 	 14304.9401800795512827
	 18.0740249999999989 	 14304.9409721267293207
	 18.0834200000000003 	 14304.9417617521321517
	 18.0928149999999981 	 14304.9425494566803536
	 18.1022099999999995 	 14304.9433357393772894
	 18.1116049999999973 	 14304.9441208274729433
	 18.1209999999999987 	 14304.9449043985678145
	 18.1303949999999965 	 14304.9456860639238585
	 18.1397899999999979 	 14304.9464654348121257
	 18.1491850000000028 	 14304.9472421224982099
	 18.1585800000000006 	 14304.9480157382440666
	 18.1679750000000020 	 14304.9487858933298412
	 18.1773700000000034 	 14304.9495521990138514
	 18.1867650000000012 	 14304.9503142665635096
	 18.1961600000000026 	 14304.9510717072498664
	 18.2055550000000004 	 14304.9518241489240609
	 18.2149500000000018 	 14304.9525714765040902
	 18.2243449999999996 	 14304.9533137773578346
	 18.2337400000000009 	 14304.9540511443483410
	 18.2431349999999988 	 14304.9547836703295616
	 18.2525300000000001 	 14304.9555114481590863
	 18.2619249999999980 	 14304.9562345706981432
	 18.2713199999999993 	 14304.9569531307915895
	 18.2807149999999972 	 14304.9576672213079291
	 18.2901099999999985 	 14304.9583769351029332
	 18.2995049999999964 	 14304.9590823650269158
	 18.3088999999999977 	 14304.9597836256034498
	 18.3182949999999991 	 14304.9604809328538977
	 18.3276900000000005 	 14304.9611745325109950
	 18.3370850000000019 	 14304.9618646703092963
	 18.3464800000000032 	 14304.9625515919851750
	 18.3558750000000011 	 14304.9632355432713666
	 18.3652700000000024 	 14304.9639167699024256
	 18.3746650000000002 	 14304.9645955176183634
	 18.3840600000000016 	 14304.9652720321500965
	 18.3934549999999994 	 14304.9659465592358174
	 18.4028500000000008 	 14304.9666193417597242
	 18.4122449999999986 	 14304.9672904081999150
	 18.4216400000000000 	 14304.9679594268618530
	 18.4310349999999978 	 14304.9686260315793334
	 18.4404299999999992 	 14304.9692898561661423
	 18.4498250000000006 	 14304.9699505344524368
	 18.4592199999999984 	 14304.9706077002647362
	 18.4686149999999998 	 14304.9712609874295595
	 18.4780100000000012 	 14304.9719100297697878
	 18.4874049999999990 	 14304.9725544611119403
	 18.4968000000000004 	 14304.9731939152825362
	 18.5061950000000017 	 14304.9738280573928932
	 18.5155900000000031 	 14304.9744569260546996
	 18.5249850000000009 	 14304.9750808055578091
	 18.5343800000000023 	 14304.9756999845103564
	 18.5437750000000001 	 14304.9763147515150195
	 18.5531700000000015 	 14304.9769253951781138
	 18.5625649999999993 	 14304.9775322041114123
	 18.5719600000000007 	 14304.9781354669157736
	 18.5813549999999985 	 14304.9787354721975134
	 18.5907499999999999 	 14304.9793325085665856
	 18.6001449999999977 	 14304.9799268646202108
	 18.6095399999999991 	 14304.9805187517868035
	 18.6189350000000005 	 14304.9811080866838893
	 18.6283299999999983 	 14304.9816947155868547
	 18.6377249999999997 	 14304.9822784847528965
	 18.6471200000000010 	 14304.9828592404537631
	 18.6565149999999988 	 14304.9834368289484701
	 18.6659100000000002 	 14304.9840110965087661
	 18.6753050000000016 	 14304.9845818894009426
	 18.6847000000000030 	 14304.9851490538858343
	 18.6940950000000008 	 14304.9857124362297327
	 18.7034900000000022 	 14304.9862718851800309
	 18.7128850000000000 	 14304.9868273643023713
	 18.7222800000000014 	 14304.9873789979756111
	 18.7316749999999992 	 14304.9879269225893950
	 18.7410700000000006 	 14304.9884712745151774
	 18.7504650000000019 	 14304.9890121901535167
	 18.7598599999999998 	 14304.9895498058849626
	 18.7692550000000011 	 14304.9900842580937024
	 18.7786500000000025 	 14304.9906156831711996
	 18.7880450000000003 	 14304.9911442174961849
	 18.7974400000000017 	 14304.9916699974583025
	 18.8068349999999995 	 14304.9921931518892961
	 18.8162300000000009 	 14304.9927137386493996
	 18.8256249999999987 	 14304.9932317767688801
	 18.8350199999999965 	 14304.9937472848614561
	 18.8444149999999979 	 14304.9942602815553983
	 18.8538099999999993 	 14304.9947707854644250
	 18.8632050000000007 	 14304.9952788152204448
	 18.8725999999999985 	 14304.9957843894389953
	 18.8819949999999999 	 14304.9962875267447089
	 18.8913900000000012 	 14304.9967882457567612
	 18.9007849999999991 	 14304.9972865650852327
	 18.9101800000000004 	 14304.9977824843917915
	 18.9195750000000018 	 14304.9982759442063980
	 18.9289699999999996 	 14304.9987668735611805
	 18.9383650000000010 	 14304.9992552015028195
	 18.9477599999999988 	 14304.9997408570689004
	 18.9571550000000002 	 14305.0002237692970084
	 18.9665499999999980 	 14305.0007038672320050
	 18.9759449999999994 	 14305.0011810799060186
	 18.9853399999999972 	 14305.0016553363693674
	 18.9947349999999986 	 14305.0021265656487230
	 19.0041299999999964 	 14305.0025946971090889
	 19.0135249999999978 	 14305.0030596700635215
	 19.0229199999999992 	 14305.0035214354757045
	 19.0323150000000005 	 14305.0039799449659768
	 19.0417100000000019 	 14305.0044351501674100
	 19.0511050000000033 	 14305.0048870027021621
	 19.0605000000000011 	 14305.0053354541905719
	 19.0698950000000025 	 14305.0057804562675301
	 19.0792900000000003 	 14305.0062219605479186
	 19.0886850000000017 	 14305.0066599186666281
	 19.0980799999999995 	 14305.0070942822458164
	 19.1074750000000009 	 14305.0075250240552123
	 19.1168699999999987 	 14305.0079522753367200
	 19.1262650000000001 	 14305.0083762392296194
	 19.1356599999999979 	 14305.0087971192424448
	 19.1450549999999993 	 14305.0092151188691787
	 19.1544499999999971 	 14305.0096304416201747
	 19.1638449999999985 	 14305.0100432909821393
	 19.1732399999999963 	 14305.0104538704708830
	 19.1826349999999977 	 14305.0108623835822073
	 19.1920299999999990 	 14305.0112690338137327
	 19.2014249999999969 	 14305.0116740244575340
	 19.2108200000000018 	 14305.0120774655533751
	 19.2202150000000032 	 14305.0124792285841977
	 19.2296100000000010 	 14305.0128791474344325
	 19.2390050000000024 	 14305.0132770559685014
	 19.2484000000000002 	 14305.0136727880653780
	 19.2577950000000016 	 14305.0140661775967601
	 19.2671899999999994 	 14305.0144570584470785
	 19.2765850000000007 	 14305.0148452644807548
	 19.2859799999999986 	 14305.0152306295785820
	 19.2953749999999999 	 14305.0156129876158957
	 19.3047699999999978 	 14305.0159921785889310
	 19.3141649999999991 	 14305.0163681784451910
	 19.3235600000000005 	 14305.0167410963513248
	 19.3329549999999983 	 14305.0171110470528220
	 19.3423499999999997 	 14305.0174781453115429
	 19.3517450000000011 	 14305.0178425058729772
	 19.3611399999999989 	 14305.0182042434971663
	 19.3705350000000003 	 14305.0185634729350568
	 19.3799300000000017 	 14305.0189203089339571
	 19.3893250000000030 	 14305.0192748662557278
	 19.3987200000000009 	 14305.0196272596494964
	 19.4081150000000022 	 14305.0199775920973480
	 19.4175100000000000 	 14305.0203258954406920
	 19.4269050000000014 	 14305.0206721749200369
	 19.4362999999999992 	 14305.0210164357104077
	 19.4456950000000006 	 14305.0213586830141139
	 19.4550899999999984 	 14305.0216989220098185
	 19.4644849999999998 	 14305.0220371578943741
	 19.4738799999999976 	 14305.0223733958500816
	 19.4832749999999990 	 14305.0227076410756126
	 19.4926700000000004 	 14305.0230398987478111
	 19.5020649999999982 	 14305.0233701738852687
	 19.5114599999999996 	 14305.0236984412549646
	 19.5208550000000010 	 14305.0240246118137293
	 19.5302499999999988 	 14305.0243485884166148
	 19.5396450000000002 	 14305.0246702739186730
	 19.5490399999999980 	 14305.0249895711640420
	 19.5584349999999993 	 14305.0253063830132305
	 19.5678300000000007 	 14305.0256206123158336
	 19.5772250000000021 	 14305.0259321619269031
	 19.5866199999999999 	 14305.0262409346978529
	 19.5960150000000013 	 14305.0265468334819161
	 19.6054099999999991 	 14305.0268497714223486
	 19.6148050000000005 	 14305.0271498312540643
	 19.6242000000000019 	 14305.0274472348573909
	 19.6335949999999997 	 14305.0277422082090197
	 19.6429900000000011 	 14305.0280349772947375
	 19.6523850000000024 	 14305.0283257680930546
	 19.6617800000000003 	 14305.0286148065879388
	 19.6711750000000016 	 14305.0289023187615385
	 19.6805699999999995 	 14305.0291885305869073
	 19.6899650000000008 	 14305.0294736680552887
	 19.6993599999999986 	 14305.0297579571379174
	 19.7087550000000000 	 14305.0300415680703736
	 19.7181499999999978 	 14305.0303243973357894
	 19.7275449999999992 	 14305.0306062575418764
	 19.7369400000000006 	 14305.0308869612908893
	 19.7463350000000020 	 14305.0311663211632549
	 19.7557299999999998 	 14305.0314441497575899
	 19.7651250000000012 	 14305.0317202596670541
	 19.7745199999999990 	 14305.0319944634793501
	 19.7839150000000004 	 14305.0322665737930947
	 19.7933100000000017 	 14305.0325364031941717
	 19.8027049999999996 	 14305.0328037650615443
	 19.8121000000000009 	 14305.0330685403732787
	 19.8214950000000023 	 14305.0333307284636248
	 19.8308900000000001 	 14305.0335903406303260
	 19.8402850000000015 	 14305.0338473881674872
	 19.8496799999999993 	 14305.0341018823783088
	 19.8590750000000007 	 14305.0343538345441630
	 19.8684699999999985 	 14305.0346032559737068
	 19.8778649999999999 	 14305.0348501579646836
	 19.8872599999999977 	 14305.0350945518021035
	 19.8966549999999991 	 14305.0353364487909857
	 19.9060499999999969 	 14305.0355758660080028
	 19.9154450000000018 	 14305.0358128936113644
	 19.9248400000000032 	 14305.0360476718633436
	 19.9342350000000010 	 14305.0362803419830016
	 19.9436300000000024 	 14305.0365110452112276
	 19.9530250000000038 	 14305.0367399227707210
	 19.9624200000000016 	 14305.0369671158896381
	 19.9718150000000030 	 14305.0371927658034110
	 19.9812100000000008 	 14305.0374170137383771
	 19.9906050000000022 	 14305.0376400009281497
	 20.0000000000000000 	 14305.0378618685972469
