	 1.2100000000000000 	 69527.9621130847081076 
	 1.2193950000000000 	 68485.3209631889476441 
	 1.2287900000000000 	 67471.3359516553900903 
	 1.2381850000000001 	 66484.9781272525287932 
	 1.2475799999999999 	 65525.2707109581169789 
	 1.2569750000000002 	 64591.2956803901251988 
	 1.2663700000000000 	 63682.1606876448713592 
	 1.2757650000000000 	 62797.0394473160849884 
	 1.2851600000000001 	 61935.1377764654243947 
	 1.2945550000000001 	 61095.7261857569974381 
	 1.3039499999999999 	 60278.0709394140285440 
	 1.3133450000000000 	 59481.4752291369877639 
	 1.3227400000000000 	 58705.3050493929913500 
	 1.3321350000000001 	 57948.9806515626187320 
	 1.3415300000000001 	 57211.9669235927576665 
	 1.3509249999999999 	 56493.5000287549191853 
	 1.3603200000000000 	 55793.1859035698580556 
	 1.3697150000000000 	 55110.4908971241966356 
	 1.3791099999999998 	 54444.9367759356828174 
	 1.3885049999999999 	 53796.0577512480740552 
	 1.3978999999999999 	 53163.4073002573495614 
	 1.4072950000000000 	 52546.5624282002609107 
	 1.4166900000000000 	 51945.1075730672673672 
	 1.4260850000000000 	 51358.6494402696262114 
	 1.4354799999999999 	 50786.8161437440794543 
	 1.4448749999999999 	 50229.2265173183914158 
	 1.4542700000000000 	 49685.5831470381308463 
	 1.4636650000000000 	 49155.5263131596075254 
	 1.4730600000000000 	 48638.6600789442672976 
	 1.4824550000000001 	 48134.7371105479323887 
	 1.4918499999999999 	 47643.4484749616094632 
	 1.5012450000000002 	 47164.4758038967556786 
	 1.5106400000000000 	 46697.5474580071095261 
	 1.5200350000000000 	 46242.3969533435156336 
	 1.5294300000000001 	 45798.7532785717776278 
	 1.5388250000000001 	 45366.3563197048206348 
	 1.5482200000000002 	 44944.9751807450666092 
	 1.5576150000000002 	 44534.3257399000431178 
	 1.5670099999999998 	 44134.2080012403239380 
	 1.5764049999999998 	 43744.3698209194335504 
	 1.5857999999999999 	 43364.5793594989081612 
	 1.5951949999999999 	 42994.6416585565384594 
	 1.6045900000000000 	 42634.2920961765557877 
	 1.6139850000000000 	 42283.3564761456800625 
	 1.6233799999999998 	 41941.6812413621591986 
	 1.6327749999999999 	 41609.0114656770310830 
	 1.6421699999999999 	 41285.1697411835266394 
	 1.6515649999999999 	 40969.9858249027020065 
	 1.6609600000000000 	 40663.2610808571917005 
	 1.6703550000000000 	 40364.7634053434376256 
	 1.6797499999999999 	 40074.3553825769777177 
	 1.6891450000000001 	 39791.8605382519017439 
	 1.6985399999999999 	 39517.1081384298959165 
	 1.7079350000000000 	 39249.9307540789959603 
	 1.7173300000000000 	 38990.1639497272117296 
	 1.7267250000000001 	 38737.6463557730894536 
	 1.7361199999999999 	 38492.2193195308645954 
	 1.7455150000000001 	 38253.7281538340685074 
	 1.7549100000000000 	 38022.0182143772908603 
	 1.7643049999999998 	 37796.9406794198948774 
	 1.7736999999999998 	 37578.3493183319369564 
	 1.7830949999999999 	 37366.0972483932418982 
	 1.7924899999999999 	 37160.0424984958444838 
	 1.8018850000000000 	 36960.0443151887666318 
	 1.8112800000000000 	 36765.9653513305966044 
	 1.8206750000000000 	 36577.6690621563539025 
	 1.8300700000000001 	 36395.0222370474657509 
	 1.8394650000000001 	 36217.8931357340989052 
	 1.8488600000000002 	 36046.1521005995164160 
	 1.8582550000000002 	 35879.6720118205485051 
	 1.8676499999999998 	 35718.3277936072699958 
	 1.8770449999999999 	 35561.9952696550026303 
	 1.8864399999999999 	 35410.5530510349490214 
	 1.8958349999999999 	 35263.8819620650538127 
	 1.9052300000000000 	 35121.8639185380743584 
	 1.9146250000000000 	 34984.3826665654269163 
	 1.9240199999999998 	 34851.3243788265535841 
	 1.9334150000000001 	 34722.5774457092993543 
	 1.9428099999999999 	 34598.0295896938478108 
	 1.9522050000000000 	 34477.5762449553949409 
	 1.9616000000000000 	 34361.1129797224275535 
	 1.9709950000000001 	 34248.5205329448945122 
	 1.9803900000000001 	 34139.7095606998191215 
	 1.9897850000000001 	 34034.5663425999955507 
	 1.9991800000000000 	 33932.9971459503503866 
	 2.0085750000000000 	 33834.9034108085397747 
	 2.0179700000000000 	 33740.1880490025505424 
	 2.0273649999999996 	 33648.7562482854846166 
	 2.0367600000000001 	 33560.5145525352418190 
	 2.0461549999999997 	 33475.3715734954384970 
	 2.0555499999999998 	 33393.2371036371187074 
	 2.0649449999999998 	 33314.0225069286025246 
	 2.0743399999999999 	 33237.6414234244657564 
	 2.0837349999999999 	 33164.0089549419863033 
	 2.0931299999999999 	 33093.0415357062520343 
	 2.1025250000000000 	 33024.6574656664379290 
	 2.1119199999999996 	 32958.7768381595233222 
	 2.1213150000000001 	 32895.3214766719465842 
	 2.1307099999999997 	 32834.2142747709731339 
	 2.1401050000000001 	 32775.3800682504661381 
	 2.1494999999999997 	 32718.7468377304612659 
	 2.1588950000000002 	 32664.2417682434170274 
	 2.1682899999999998 	 32611.7925932456346345 
	 2.1776850000000003 	 32561.3541114518484392 
	 2.1870799999999999 	 32512.8249324358184822 
	 2.1964750000000000 	 32466.1463065940697561 
	 2.2058700000000000 	 32421.2647700919515046 
	 2.2152650000000000 	 32378.1145706913957838 
	 2.2246600000000001 	 32336.6363745970265882 
	 2.2340550000000001 	 32296.7717662090362865 
	 2.2434500000000002 	 32258.4635920725268079 
	 2.2528449999999998 	 32221.6563183274884068 
	 2.2622400000000003 	 32186.2957652439436060 
	 2.2716349999999998 	 32152.3294643646368058 
	 2.2810300000000003 	 32119.7073828689062793 
	 2.2904249999999999 	 32088.3785003352422791 
	 2.2998200000000000 	 32058.2955692251744040 
	 2.3092150000000000 	 32029.4121374976384686 
	 2.3186100000000001 	 32001.6831462243062560 
	 2.3280050000000001 	 31975.0644681402191054 
	 2.3373999999999997 	 31949.5152915513644984 
	 2.3467950000000002 	 31924.9873191401457007 
	 2.3561899999999998 	 31901.4499658975582861 
	 2.3655850000000003 	 31878.8654039630127954 
	 2.3749799999999999 	 31857.1924169106423506 
	 2.3843749999999999 	 31836.3963133280230977 
	 2.3937700000000000 	 31816.4422052745030669 
	 2.4031650000000000 	 31797.2968091481016017 
	 2.4125600000000000 	 31778.9280627219632152 
	 2.4219550000000001 	 31761.3042391348426463 
	 2.4313500000000001 	 31744.3968488355239970 
	 2.4407449999999997 	 31728.1737025592628925 
	 2.4501400000000002 	 31712.5917799364615348 
	 2.4595349999999998 	 31697.6602923984137306 
	 2.4689300000000003 	 31683.3360057525169395 
	 2.4783249999999999 	 31669.5920436886663083 
	 2.4877199999999999 	 31656.4045168773918704 
	 2.4971150000000000 	 31643.7533914291561814 
	 2.5065100000000005 	 31631.6119652421184583 
	 2.5159050000000001 	 31619.9605073641287163 
	 2.5253000000000001 	 31608.7800783111379133 
	 2.5346950000000001 	 31598.0493869423880824 
	 2.5440899999999997 	 31587.7493627119474695 
	 2.5534850000000002 	 31577.8646485810568265 
	 2.5628799999999998 	 31568.3770654028849094 
	 2.5722749999999999 	 31559.2659639622506802 
	 2.5816699999999999 	 31550.5199065069173230 
	 2.5910650000000000 	 31542.1231568784605770 
	 2.6004600000000000 	 31534.0611251466216345 
	 2.6098550000000000 	 31526.3198427262250334 
	 2.6192500000000001 	 31518.8846500932886556 
	 2.6286449999999997 	 31511.7434173325127631 
	 2.6380400000000002 	 31504.8905610523943324 
	 2.6474349999999998 	 31498.3050840292598878 
	 2.6568300000000002 	 31491.9806378881585260 
	 2.6662249999999998 	 31485.9089591508891317 
	 2.6756200000000003 	 31480.0780961815144110 
	 2.6850149999999999 	 31474.4781464801781112 
	 2.6944100000000004 	 31469.1012271418403543 
	 2.7038050000000000 	 31463.9404578994872281 
	 2.7132000000000001 	 31458.9878540298013831 
	 2.7225950000000001 	 31454.2354982691613259 
	 2.7319900000000001 	 31449.6773238203531946 
	 2.7413850000000002 	 31445.3071275194997725 
	 2.7507800000000002 	 31441.1171043585090956 
	 2.7601750000000003 	 31437.1072969034030393 
	 2.7695699999999999 	 31433.2675447309811716 
	 2.7789650000000004 	 31429.5918726171621529 
	 2.7883599999999999 	 31426.0812722309419769 
	 2.7977550000000004 	 31422.7281991988493246 
	 2.8071500000000000 	 31419.5285068305020104 
	 2.8165450000000001 	 31416.4788799700509117 
	 2.8259399999999997 	 31413.5775652701704530 
	 2.8353349999999997 	 31410.8191226957169420 
	 2.8447299999999998 	 31408.2072441847667505 
	 2.8541249999999998 	 31405.7084573532920331 
	 2.8635199999999998 	 31403.3363640459901944 
	 2.8729149999999999 	 31401.1301697889502975 
	 2.8823099999999995 	 31399.0443291472438432 
	 2.8917050000000000 	 31397.0846788507078600 
	 2.9010999999999996 	 31395.2548672306002118 
	 2.9104950000000001 	 31393.5441840909988969 
	 2.9198899999999997 	 31391.9532466102718899 
	 2.9292850000000001 	 31390.4783370715267665 
	 2.9386799999999997 	 31389.1146821477450430 
	 2.9480750000000002 	 31387.8628371991871973 
	 2.9574699999999998 	 31386.7170650343396119 
	 2.9668650000000003 	 31385.6750585467598285 
	 2.9762599999999999 	 31384.7334864402582753 
	 2.9856549999999999 	 31383.8883618507170468 
	 2.9950500000000000 	 31383.1364600389388215 
	 3.0044450000000000 	 31382.4719358943002590 
	 3.0138400000000001 	 31381.8913924973348912 
	 3.0232350000000001 	 31381.3923963111992634 
	 3.0326300000000002 	 31380.9685035067595891 
	 3.0420250000000002 	 31380.6150006416319229 
	 3.0514200000000002 	 31380.3270227309440088 
	 3.0608149999999998 	 31380.0991032869060291 
	 3.0702099999999999 	 31379.9270017486778670 
	 3.0796049999999999 	 31379.8039926971687237 
	 3.0890000000000000 	 31379.7285018388101889 
	 3.0983950000000000 	 31379.6883316988642036 
	 3.1077900000000001 	 31379.6807947847773903 
	 3.1171850000000001 	 31379.6990975937951589 
	 3.1265800000000001 	 31379.7394369297035155 
	 3.1359749999999997 	 31379.7948619936178147 
	 3.1453699999999998 	 31379.8592238293567789 
	 3.1547649999999998 	 31379.9273833601546357 
	 3.1641599999999999 	 31379.9929149729505298 
	 3.1735549999999995 	 31380.0502981884019391 
	 3.1829499999999999 	 31380.0941610032059543 
	 3.1923449999999995 	 31380.1189786683462444 
	 3.2017400000000000 	 31380.1188867032942653 
	 3.2111349999999996 	 31380.0887686262576608 
	 3.2205300000000001 	 31380.0244650028143951 
	 3.2299249999999997 	 31379.9197447884143912 
	 3.2393200000000002 	 31379.7706754319951870 
	 3.2487149999999998 	 31379.5724935222897329 
	 3.2581100000000003 	 31379.3214825238901540 
	 3.2675049999999999 	 31379.0127544447605032 
	 3.2769000000000004 	 31378.6428662470934796 
	 3.2862950000000000 	 31378.2082760674857127 
	 3.2956900000000005 	 31377.7052160361199640 
	 3.3050850000000001 	 31377.1308223335581715 
	 3.3144800000000001 	 31376.4817520068863814 
	 3.3238750000000001 	 31375.7551463894087647 
	 3.3332700000000002 	 31374.9492168099859555 
	 3.3426650000000002 	 31374.0605420228275761 
	 3.3520600000000003 	 31373.0882188544674136 
	 3.3614549999999999 	 31372.0270169345858449 
	 3.3708500000000003 	 31370.8840919673020835 
	 3.3802449999999999 	 31369.6941277737969358 
	 3.3896400000000000 	 31368.3652808297956653 
	 3.3990350000000000 	 31366.9437931467509770 
	 3.4084300000000001 	 31365.4297224682122760 
	 3.4178249999999997 	 31363.8200732016375696 
	 3.4272200000000002 	 31362.1159969950967934 
	 3.4366149999999998 	 31360.3137343121561571 
	 3.4460099999999998 	 31358.4164779354359780 
	 3.4554049999999998 	 31356.4228418275524746 
	 3.4647999999999999 	 31354.3306164183923102 
	 3.4741949999999999 	 31352.1394927943474613 
	 3.4835900000000000 	 31349.8492361671305844 
	 3.4929850000000000 	 31347.4621103171593859 
	 3.5023799999999996 	 31344.9787534201859671 
	 3.5117750000000001 	 31342.3936349550785962 
	 3.5211699999999997 	 31339.7167350922936748 
	 3.5305649999999997 	 31336.9705943417975504 
	 3.5399599999999998 	 31334.0920577007855172 
	 3.5493550000000003 	 31331.1167759937052324 
	 3.5587499999999999 	 31328.0447523120383266 
	 3.5681449999999999 	 31324.8753579983349482 
	 3.5775399999999999 	 31321.6086564735051070 
	 3.5869350000000004 	 31318.2463761909675668 
	 3.5963300000000000 	 31314.7886801596832811 
	 3.6057249999999996 	 31311.2342337138470612 
	 3.6151200000000001 	 31307.5867230179937906 
	 3.6245150000000002 	 31303.8373659716453403 
	 3.6339100000000002 	 31299.9886745188523491 
	 3.6433049999999998 	 31296.0630648801125062 
	 3.6527000000000003 	 31292.0503029063838767 
	 3.6620950000000003 	 31287.9316177597247588 
	 3.6714900000000004 	 31283.7230033712730801 
	 3.6808850000000000 	 31279.4229061274745618 
	 3.6902800000000000 	 31275.0313633433761424 
	 3.6996750000000000 	 31270.5496311575625441 
	 3.7090700000000001 	 31265.9776686681543652 
	 3.7184650000000001 	 31261.3163989064269117 
	 3.7278600000000002 	 31256.5661299912026152 
	 3.7372550000000002 	 31251.7272521959093865 
	 3.7466499999999998 	 31246.8008352085271326 
	 3.7560450000000003 	 31241.7872457211342407 
	 3.7654399999999999 	 31236.6863684477102652 
	 3.7748350000000004 	 31231.4995675533609756 
	 3.7842300000000000 	 31226.2273094161209883 
	 3.7936250000000000 	 31220.8692246766659082 
	 3.8030200000000001 	 31215.4285026636171096 
	 3.8124150000000006 	 31209.9049299762336886 
	 3.8218100000000002 	 31204.2946693648664223 
	 3.8312049999999997 	 31198.6026239981001709 
	 3.8406000000000002 	 31192.8280434606676863 
	 3.8499950000000003 	 31186.9717293001085636 
	 3.8593899999999999 	 31181.0352870506976615 
	 3.8687849999999999 	 31175.0171265624194348 
	 3.8781799999999995 	 31168.9198378009714361 
	 3.8875749999999996 	 31162.7425509852146206 
	 3.8969699999999996 	 31156.4866119636317308 
	 3.9063649999999996 	 31150.1526966514538799 
	 3.9157599999999997 	 31143.7410820990189677 
	 3.9251549999999997 	 31137.2525537812543917 
	 3.9345499999999998 	 31130.6876821449259296 
	 3.9439449999999998 	 31124.0469007485262409 
	 3.9533399999999999 	 31117.3309236058084934 
	 3.9627349999999995 	 31110.5406004831347673 
	 3.9721299999999999 	 31103.6763679662290087 
	 3.9815249999999995 	 31096.7388066412277112 
	 3.9909200000000000 	 31089.7286456132278545 
	 4.0003149999999996 	 31082.6462654376955470 
	 4.0097100000000001 	 31075.4927770336762478 
	 4.0191049999999997 	 31068.2691538652361487 
	 4.0285000000000002 	 31060.9752743677090621 
	 4.0378949999999998 	 31053.6124279879877577 
	 4.0472900000000003 	 31046.1808542170110741 
	 4.0566849999999999 	 31038.6811555576859973 
	 4.0660799999999995 	 31031.1144874909514328 
	 4.0754750000000000 	 31023.4816227649134817 
	 4.0848700000000004 	 31015.7830443256098079 
	 4.0942650000000000 	 31008.0191350031054753 
	 4.1036599999999996 	 31000.1913111344947538 
	 4.1130550000000001 	 30992.3002089254950988 
	 4.1224499999999997 	 30984.3456813281663926 
	 4.1318450000000002 	 30976.3296460100827971 
	 4.1412399999999998 	 30968.2524127409997163 
	 4.1506349999999994 	 30960.1144546817595256 
	 4.1600299999999999 	 30951.9171095563069684 
	 4.1694250000000004 	 30943.6610788493453583 
	 4.1788200000000000 	 30935.3467430469245301 
	 4.1882149999999996 	 30926.9753348767080752 
	 4.1976100000000001 	 30918.5471861303194601 
	 4.2070049999999997 	 30910.0635383991866547 
	 4.2164000000000001 	 30901.5253228253350244 
	 4.2257949999999997 	 30892.9331404323966126 
	 4.2351900000000002 	 30884.2876934994055773 
	 4.2445849999999998 	 30875.5903384456287313 
	 4.2539800000000003 	 30866.8410228543980338 
	 4.2633749999999999 	 30858.0403544598157168 
	 4.2727700000000004 	 30849.1910769857677224 
	 4.2821650000000000 	 30840.2942340448898904 
	 4.2915600000000005 	 30831.3486800384307571 
	 4.3009550000000001 	 30822.3535296330519486 
	 4.3103499999999997 	 30813.3147792959643994 
	 4.3197450000000002 	 30804.2307515343018167 
	 4.3291400000000007 	 30795.1023066222478519 
	 4.3385350000000003 	 30785.9308265852741897 
	 4.3479299999999999 	 30776.7165802171875839 
	 4.3573250000000003 	 30767.4607367895732750 
	 4.3667199999999999 	 30758.1659146777892602 
	 4.3761150000000004 	 30748.8304754476921516 
	 4.3855100000000000 	 30739.4554234228053247 
	 4.3949049999999996 	 30730.0429616262845229 
	 4.4043000000000001 	 30720.5933223077154253 
	 4.4136950000000006 	 30711.1075647609322914 
	 4.4230900000000002 	 30701.5870285875535046 
	 4.4324849999999998 	 30692.0323086028511170 
	 4.4418799999999994 	 30682.4444758360368724 
	 4.4512749999999999 	 30672.8249837054609088 
	 4.4606700000000004 	 30663.1738932119260426 
	 4.4700650000000000 	 30653.4922928914347722 
	 4.4794599999999996 	 30643.7836924872390227 
	 4.4888550000000000 	 30634.0446064328571083 
	 4.4982499999999996 	 30624.2782159908419999 
	 4.5076450000000001 	 30614.4851622162968852 
	 4.5170399999999997 	 30604.6668930547821219 
	 4.5264349999999993 	 30594.8239338733910699 
	 4.5358299999999998 	 30584.9572761774070386 
	 4.5452250000000003 	 30575.0682554365666874 
	 4.5546199999999999 	 30565.1574695892813907 
	 4.5640149999999995 	 30555.2259424868316273 
	 4.5734100000000000 	 30545.2747731453819142 
	 4.5828049999999996 	 30535.3048611045705911 
	 4.5922000000000001 	 30525.3171102804517432 
	 4.6015949999999997 	 30515.3121278400358278 
	 4.6109900000000001 	 30505.2915239794383524 
	 4.6203849999999997 	 30495.2558956298016710 
	 4.6297799999999993 	 30485.2061329834359640 
	 4.6391749999999998 	 30475.1432188534017769 
	 4.6485700000000003 	 30465.0684184920282860 
	 4.6579649999999999 	 30454.9820175943314098 
	 4.6673599999999995 	 30444.8853796863331809 
	 4.6767550000000000 	 30434.7795525277433626 
	 4.6861499999999996 	 30424.6651664112941944 
	 4.6955450000000001 	 30414.5433900629650452 
	 4.7049399999999997 	 30404.4145664969400968 
	 4.7143350000000002 	 30394.2818250760246883 
	 4.7237299999999998 	 30384.1446723343578924 
	 4.7331250000000002 	 30374.0013905164996686 
	 4.7425199999999998 	 30363.8557631794064946 
	 4.7519150000000003 	 30353.7079101622402959 
	 4.7613099999999999 	 30343.5591017290280433 
	 4.7707049999999995 	 30333.4099255033215741 
	 4.7801000000000000 	 30323.2613488258139114 
	 4.7894950000000005 	 30313.1143477945261111 
	 4.7988900000000001 	 30302.9696371627906046 
	 4.8082849999999997 	 30292.8280856597120874 
	 4.8176800000000002 	 30282.6907665359321982 
	 4.8270749999999998 	 30272.5583767392017762 
	 4.8364700000000003 	 30262.4319163488435152 
	 4.8458649999999999 	 30252.3119383802186348 
	 4.8552599999999995 	 30242.1995610593257879 
	 4.8646550000000000 	 30232.0956716463624616 
	 4.8740500000000004 	 30222.0008694987518538 
	 4.8834450000000000 	 30211.9160644118492201 
	 4.8928399999999996 	 30201.8420528266069596 
	 4.9022350000000001 	 30191.7797369550899020 
	 4.9116300000000006 	 30181.7298334374208935 
	 4.9210250000000002 	 30171.6931935924876598 
	 4.9304199999999998 	 30161.6706618720709230 
	 4.9398150000000003 	 30151.6629287981195375 
	 4.9492100000000008 	 30141.6707298370092758 
	 4.9586050000000004 	 30131.6950110472025699 
	 4.9680000000000000 	 30121.7366372165415669 
	 4.9773949999999996 	 30111.7959459881967632 
	 4.9867900000000001 	 30101.8745833142929769 
	 4.9961850000000005 	 30091.9723442335161963 
	 5.0055800000000001 	 30082.0900034691076144 
	 5.0149750000000006 	 30072.2286940716621757 
	 5.0243700000000002 	 30062.3894564650836401 
	 5.0337649999999989 	 30052.5709017067965760 
	 5.0431600000000003 	 30042.7746581858846184 
	 5.0525549999999999 	 30033.0048472208000021 
	 5.0619499999999995 	 30023.2590640683920356 
	 5.0713449999999991 	 30013.5386516128564836 
	 5.0807400000000005 	 30003.8440963112880127 
	 5.0901350000000001 	 29994.1763058577853371 
	 5.0995299999999997 	 29984.5364427108215750 
	 5.1089249999999993 	 29974.9239538127985725 
	 5.1183200000000006 	 29965.3400594885497412 
	 5.1277150000000002 	 29955.7862295472841652 
	 5.1371099999999998 	 29946.2620708305039443 
	 5.1465049999999994 	 29936.7681142502806324 
	 5.1558999999999999 	 29927.3054615593500785 
	 5.1652949999999995 	 29917.8747684658046637 
	 5.1746900000000000 	 29908.4767339489699225 
	 5.1840849999999996 	 29899.1118698648824648 
	 5.1934800000000001 	 29889.7807229293794080 
	 5.2028749999999997 	 29880.4840850246182526 
	 5.2122700000000002 	 29871.2225160807320208 
	 5.2216649999999998 	 29861.9966624451772077 
	 5.2310600000000003 	 29852.8070410340260423 
	 5.2404549999999999 	 29843.6542130595735216 
	 5.2498499999999995 	 29834.5387977178652363 
	 5.2592449999999999 	 29825.4615506216105132 
	 5.2686400000000004 	 29816.4228130353149027 
	 5.2780350000000000 	 29807.4232675626590208 
	 5.2874299999999996 	 29798.4637317610395257 
	 5.2968249999999992 	 29789.5443151254621625 
	 5.3062200000000006 	 29780.6651774308120366 
	 5.3156150000000002 	 29771.8303940062796755 
	 5.3250099999999998 	 29763.0370873698557261 
	 5.3344049999999994 	 29754.2841069921632879 
	 5.3437999999999999 	 29745.5747079987195320 
	 5.3531950000000004 	 29736.9087005649162165 
	 5.3625900000000000 	 29728.2869199696579017 
	 5.3719849999999996 	 29719.7098666966812743 
	 5.3813800000000001 	 29711.1779086616697896 
	 5.3907749999999997 	 29702.6916869872184179 
	 5.4001700000000001 	 29694.2517690051718091 
	 5.4095649999999997 	 29685.8584877984394552 
	 5.4189600000000002 	 29677.5124671941157430 
	 5.4283549999999998 	 29669.2141273472443572 
	 5.4377500000000003 	 29660.9642129246713012 
	 5.4471449999999999 	 29652.7628589774649299 
	 5.4565400000000004 	 29644.6108376642005169 
	 5.4659350000000000 	 29636.5085894573276164 
	 5.4753299999999996 	 29628.4564805068039277 
	 5.4847250000000001 	 29620.4550968088260561 
	 5.4941200000000006 	 29612.5048793348141771 
	 5.5035150000000002 	 29604.6063031055382453 
	 5.5129099999999998 	 29596.7598740955509129 
	 5.5223049999999994 	 29588.9659874735189078 
	 5.5317000000000007 	 29581.2251499379053712 
	 5.5410950000000003 	 29573.5379261518901330 
	 5.5504899999999999 	 29565.9046060559012403 
	 5.5598849999999995 	 29558.3257283675229701 
	 5.5692800000000009 	 29550.8017645031904976 
	 5.5786750000000005 	 29543.3331551352202951 
	 5.5880700000000001 	 29535.9204214630226488 
	 5.5974649999999997 	 29528.5637249917235749 
	 5.6068600000000011 	 29521.2642643467079324 
	 5.6162549999999998 	 29514.0217083153729618 
	 5.6256499999999994 	 29506.8364886826311704 
	 5.6350449999999999 	 29499.7093650542374235 
	 5.6444399999999995 	 29492.6406769123714184 
	 5.6538349999999999 	 29485.6309107336637680 
	 5.6632300000000004 	 29478.6804485568391101 
	 5.6726250000000000 	 29471.7897576973155083 
	 5.6820199999999996 	 29464.9592536514355743 
	 5.6914149999999992 	 29458.1893175783334300 
	 5.7008099999999997 	 29451.4804228260400123 
	 5.7102050000000002 	 29444.8329849551628286 
	 5.7195999999999998 	 29438.2474992004135856 
	 5.7289949999999994 	 29431.7243036533509439 
	 5.7383899999999999 	 29425.2638010463306273 
	 5.7477850000000004 	 29418.8664630144667171 
	 5.7571800000000000 	 29412.5327035586160491 
	 5.7665749999999996 	 29406.2628314634421258 
	 5.7759699999999992 	 29400.0575799063590239 
	 5.7853649999999996 	 29393.9163122495592688 
	 5.7947600000000001 	 29387.8438133527197351 
	 5.8041549999999997 	 29381.8371836152327887 
	 5.8135500000000002 	 29375.8927111497832811 
	 5.8229449999999998 	 29370.0155274295721028 
	 5.8323400000000003 	 29364.2049551205636817 
	 5.8417349999999999 	 29358.4617918062285753 
	 5.8511299999999995 	 29352.7861654475127580 
	 5.8605250000000000 	 29347.1786017373851791 
	 5.8699199999999996 	 29341.6395299496798543 
	 5.8793150000000001 	 29336.1693151401887008 
	 5.8887100000000006 	 29330.7671688983245986 
	 5.8981050000000002 	 29325.4344358667840424 
	 5.9074999999999998 	 29320.1729429277365853 
	 5.9168950000000002 	 29314.9822806795855286 
	 5.9262899999999998 	 29309.8623277664300986 
	 5.9356850000000003 	 29304.8136291784212517 
	 5.9450799999999999 	 29299.8365977667526749 
	 5.9544749999999995 	 29294.9315699912222044 
	 5.9638700000000000 	 29290.0989355685560440 
	 5.9732650000000005 	 29285.3391403080713644 
	 5.9826600000000001 	 29280.6524934387853136 
	 5.9920549999999997 	 29276.0393790864400216 
	 6.0014499999999993 	 29271.5003497748111840 
	 6.0108449999999998 	 29267.0355801128716848 
	 6.0202400000000003 	 29262.6456592265167274 
	 6.0296349999999999 	 29258.3307905757792469 
	 6.0390300000000003 	 29254.0913104152714368 
	 6.0484249999999999 	 29249.9278800521169615 
	 6.0578200000000004 	 29245.8405628686596174 
	 6.0672150000000000 	 29241.8299986988786259 
	 6.0766099999999996 	 29237.8964148702434613 
	 6.0860050000000001 	 29234.0401660412280762 
	 6.0953999999999997 	 29230.2617742769107281 
	 6.1047950000000002 	 29226.5616474952948920 
	 6.1141900000000007 	 29222.9400180355514749 
	 6.1235850000000003 	 29219.3969579343320220 
	 6.1329799999999999 	 29215.9343676396601950 
	 6.1423750000000004 	 29212.5523713515322015 
	 6.1517700000000000 	 29209.2481746358462260 
	 6.1611650000000004 	 29206.0246145847886510 
	 6.1705600000000000 	 29202.8818425315876084 
	 6.1799549999999996 	 29199.8201060791070631 
	 6.1893500000000010 	 29196.8399001288998988 
	 6.1987450000000006 	 29193.9415147570762201 
	 6.2081400000000002 	 29191.1254039801751787 
	 6.2175349999999998 	 29188.3918202833629039 
	 6.2269299999999994 	 29185.7411204071104294 
	 6.2363250000000008 	 29183.1737927213798685 
	 6.2457200000000004 	 29180.6899361521172978 
	 6.2551150000000000 	 29178.2908236819203012 
	 6.2645100000000005 	 29175.9759459121123655 
	 6.2739050000000010 	 29173.7450376208216767 
	 6.2833000000000006 	 29171.5993766536157636 
	 6.2926950000000001 	 29169.5389875598848448 
	 6.3020899999999997 	 29167.5644772638188442 
	 6.3114850000000002 	 29165.6767294623532507 
	 6.3208800000000007 	 29163.8763136792913429 
	 6.3302750000000003 	 29162.1614198201277759 
	 6.3396700000000008 	 29160.5329727519056178 
	 6.3490650000000004 	 29158.9922373438093928 
	 6.3584600000000000 	 29157.5393180928913353 
	 6.3678550000000005 	 29156.1744461272173794 
	 6.3772500000000001 	 29154.8980012379142863 
	 6.3866450000000006 	 29153.7102713338572357 
	 6.3960400000000002 	 29152.6115588317879883 
	 6.4054350000000007 	 29151.6020817490061745 
	 6.4148300000000011 	 29150.6823493591764418 
	 6.4242250000000007 	 29149.8526077705391799 
	 6.4336200000000003 	 29149.1130085827862786 
	 6.4430149999999999 	 29148.4639938923937734 
	 6.4524100000000004 	 29147.9058532995877613 
	 6.4618050000000009 	 29147.4389345099152706 
	 6.4712000000000005 	 29147.0634639112031437 
	 6.4805950000000001 	 29146.7793591813206149 
	 6.4899900000000006 	 29146.5875856529964949 
	 6.4993849999999993 	 29146.4934913650067756 
	 6.5087799999999998 	 29146.4869006406879635 
	 6.5181749999999994 	 29146.5724866860400653 
	 6.5275699999999990 	 29146.7513492788930307 
	 6.5369650000000004 	 29147.0235178217153589 
	 6.5463600000000000 	 29147.3892694944697723 
	 6.5557549999999996 	 29147.8487599979125662 
	 6.5651499999999992 	 29148.4023195877707622 
	 6.5745449999999988 	 29149.0501877630704257 
	 6.5839400000000001 	 29149.7923598452507576 
	 6.5933349999999997 	 29150.6301057994714938 
	 6.6027299999999993 	 29151.5632072982225509 
	 6.6121249999999998 	 29152.5897765998088289 
	 6.6215199999999994 	 29153.7118934630379954 
	 6.6309149999999999 	 29154.9294331304008665 
	 6.6403099999999995 	 29156.2427106213326624 
	 6.6497049999999991 	 29157.6517998608615017 
	 6.6590999999999996 	 29159.1569110163836740 
	 6.6684950000000001 	 29160.7583216668463137 
	 6.6778899999999997 	 29162.4559231078892481 
	 6.6872850000000001 	 29164.2501704192909529 
	 6.6966799999999997 	 29166.1409895511060313 
	 6.7060749999999993 	 29168.1284046612563543 
	 6.7154699999999998 	 29170.2127345040680666 
	 6.7248649999999994 	 29172.3940829934253998 
	 6.7342599999999999 	 29174.6724680716724833 
	 6.7436549999999995 	 29177.0480014753011346 
	 6.7530500000000000 	 29179.5209518805786502 
	 6.7624450000000005 	 29182.0916397005166800 
	 6.7718400000000001 	 29184.7587641544378130 
	 6.7812349999999997 	 29187.5216915316959785 
	 6.7906299999999993 	 29190.3841724458725366 
	 6.8000249999999998 	 29193.3440779549055151 
	 6.8094200000000003 	 29196.4015621856524376 
	 6.8188149999999998 	 29199.5565668343224388 
	 6.8282099999999994 	 29202.8091685408107878 
	 6.8376049999999999 	 29206.1592375436302973 
	 6.8469999999999995 	 29209.6068593931413488 
	 6.8563950000000000 	 29213.1515489320845518 
	 6.8657899999999996 	 29216.7956938044189883 
	 6.8751849999999992 	 29220.5344752147466352 
	 6.8845799999999997 	 29224.3694890395818220 
	 6.8939750000000002 	 29228.3043613535519398 
	 6.9033699999999998 	 29232.3355851891828934 
	 6.9127650000000003 	 29236.4648281167537789 
	 6.9221599999999999 	 29240.6921049077100179 
	 6.9315549999999995 	 29245.0141546126287722 
	 6.9409500000000000 	 29249.4330489020649111 
	 6.9503449999999996 	 29253.9484008179388184 
	 6.9597400000000000 	 29258.5600414053988061 
	 6.9691349999999996 	 29263.2678655496565625 
	 6.9785299999999992 	 29268.0715300355550426 
	 6.9879250000000006 	 29272.9709395057725487 
	 6.9973200000000002 	 29277.9658416238999052 
	 7.0067149999999998 	 29283.0561629937001271 
	 7.0161099999999994 	 29288.2408285714373051 
	 7.0255049999999990 	 29293.5227609488611051 
	 7.0349000000000004 	 29298.8885625707589497 
	 7.0442950000000000 	 29304.3481702333083376 
	 7.0536899999999996 	 29309.9126231378977536 
	 7.0630850000000001 	 29315.5680875249163364 
	 7.0724800000000005 	 29321.3175036463544529 
	 7.0818750000000001 	 29327.1597574390434602 
	 7.0912699999999997 	 29333.0945434523600852 
	 7.1006649999999993 	 29339.1215329716251290 
	 7.1100599999999998 	 29345.2403076081172912 
	 7.1194550000000003 	 29351.4504791269537236 
	 7.1288499999999999 	 29357.7516696001293894 
	 7.1382450000000004 	 29364.1434878089494305 
	 7.1476400000000000 	 29370.6255251239890640 
	 7.1570350000000005 	 29377.1972799976865645 
	 7.1664300000000001 	 29383.8582300769085123 
	 7.1758249999999997 	 29390.6080372600408737 
	 7.1852200000000002 	 29397.4461503466518479 
	 7.1946149999999998 	 29404.3721312212692283 
	 7.2040100000000002 	 29411.3854926985331986 
	 7.2134050000000007 	 29418.4855545740174421 
	 7.2228000000000003 	 29425.6719687002332648 
	 7.2321949999999999 	 29432.9441940011420229 
	 7.2415900000000004 	 29440.3014851665284368 
	 7.2509850000000000 	 29447.7435746052942704 
	 7.2603800000000005 	 29455.2696225072722882 
	 7.2697750000000001 	 29462.8791898019844666 
	 7.2791699999999997 	 29470.5717722069966840 
	 7.2885650000000002 	 29478.3464952204340079 
	 7.2979600000000007 	 29486.2030290261682239 
	 7.3073550000000003 	 29494.1406072070931259 
	 7.3167499999999999 	 29502.1587283553453744 
	 7.3261449999999995 	 29510.2565654270729283 
	 7.3355399999999999 	 29518.4334976627906144 
	 7.3449350000000004 	 29526.6889792329639022 
	 7.3543300000000000 	 29535.0222582638889435 
	 7.3637250000000005 	 29543.4326807959441794 
	 7.3731200000000001 	 29551.9195564895780990 
	 7.3825150000000006 	 29560.4821964854818361 
	 7.3919100000000002 	 29569.1199718519310409 
	 7.4013049999999998 	 29577.8322084387327777 
	 7.4107000000000003 	 29586.6183478778657445 
	 7.4200949999999999 	 29595.4771409328641312 
	 7.4294900000000004 	 29604.4080587680327881 
	 7.4388850000000009 	 29613.4106402350334974 
	 7.4482800000000005 	 29622.4837426647791290 
	 7.4576750000000001 	 29631.6274994521954795 
	 7.4670700000000005 	 29640.8383510034800565 
	 7.4764650000000001 	 29650.1299131250307255 
	 7.4858600000000006 	 29659.4845904547619284 
	 7.4952550000000002 	 29668.8981965936291090 
	 7.5046499999999998 	 29678.3807495007786201 
	 7.5140450000000012 	 29687.9289887488703243 
	 7.5234400000000008 	 29697.5412230451111100 
	 7.5328350000000004 	 29707.2174893649098522 
	 7.5422300000000000 	 29716.9569980324995413 
	 7.5516249999999996 	 29726.7587663829363009 
	 7.5610200000000010 	 29736.6219008700754785 
	 7.5704150000000006 	 29746.5466027379479783 
	 7.5798100000000002 	 29756.5310443082453276 
	 7.5892050000000006 	 29766.5687412149563897 
	 7.5986000000000002 	 29776.6644605822548328 
	 7.6079950000000007 	 29786.8242081802018220 
	 7.6173900000000003 	 29797.0414733067373163 
	 7.6267849999999999 	 29807.3142157613219752 
	 7.6361800000000004 	 29817.6424843054046505 
	 7.6455750000000009 	 29828.0252510798745789 
	 7.6549700000000005 	 29838.4618153954688751 
	 7.6643650000000010 	 29848.9515693279208790 
	 7.6737599999999988 	 29859.4925202759222884 
	 7.6831549999999993 	 29870.0845201658557926 
	 7.6925499999999998 	 29880.7284906070053694 
	 7.7019449999999994 	 29891.4219748192335828 
	 7.7113399999999999 	 29902.1646598539446131 
	 7.7207349999999995 	 29912.9555535643412441 
	 7.7301299999999991 	 29923.7939707932455349 
	 7.7395249999999995 	 29934.6790734388268902 
	 7.7489199999999991 	 29945.6102114512141270 
	 7.7583149999999996 	 29956.5864775121335697 
	 7.7677099999999992 	 29967.6071661509049591 
	 7.7771049999999997 	 29978.6716358897938335 
	 7.7865000000000002 	 29989.7788974674731435 
	 7.7958949999999998 	 30000.9283132066120743 
	 7.8052899999999994 	 30012.1191918771146447 
	 7.8146849999999990 	 30023.3506475559115643 
	 7.8240799999999995 	 30034.6220581514317018 
	 7.8334750000000000 	 30045.9326963672610873 
	 7.8428699999999996 	 30057.2816818820210756 
	 7.8522649999999992 	 30068.6684301441346179 
	 7.8616600000000005 	 30080.0922409943850653 
	 7.8710550000000001 	 30091.5522009806845745 
	 7.8804499999999997 	 30103.0476566645556886 
	 7.8898449999999993 	 30114.5780325274208735 
	 7.8992399999999989 	 30126.1424740335824026 
	 7.9086350000000003 	 30137.7404133504060155 
	 7.9180299999999999 	 30149.3709523060606443 
	 7.9274249999999995 	 30161.0339061683625914 
	 7.9368200000000000 	 30172.7268472064461093 
	 7.9462149999999996 	 30184.4575114207909792 
	 7.9556100000000001 	 30196.2157430160441436 
	 7.9650049999999997 	 30207.9986728718286031 
	 7.9743999999999993 	 30219.8115156173225841 
	 7.9837949999999998 	 30231.6520079808251467 
	 7.9931900000000002 	 30243.5199283651418227 
	 8.0025849999999998 	 30255.4145381039270433 
	 8.0119799999999994 	 30267.3351865848781017 
	 8.0213749999999990 	 30279.2812641446689668 
	 8.0307700000000004 	 30291.2521878858024138 
	 8.0401650000000000 	 30303.2472872417420149 
	 8.0495599999999996 	 30315.2659221169305965 
	 8.0589549999999992 	 30327.3075717571264249 
	 8.0683500000000006 	 30339.3715204776708561 
	 8.0777450000000002 	 30351.4571228425120353 
	 8.0871399999999998 	 30363.5640559695166303 
	 8.0965349999999994 	 30375.6914851186156739 
	 8.1059300000000007 	 30387.8388827946037054 
	 8.1153250000000003 	 30400.0057338284095749 
	 8.1247199999999999 	 30412.1913906086265342 
	 8.1341149999999995 	 30424.3954576065043511 
	 8.1435099999999991 	 30436.6171062156099651 
	 8.1529050000000005 	 30448.8557471151361824 
	 8.1623000000000001 	 30461.1113931627551210 
	 8.1716949999999997 	 30473.3830566417127557 
	 8.1810899999999993 	 30485.6703650105991983 
	 8.1904849999999989 	 30497.9734132496887469 
	 8.1998800000000003 	 30510.2903179862696561 
	 8.2092749999999999 	 30522.6211680011838325 
	 8.2186699999999995 	 30534.9655947468636441 
	 8.2280649999999991 	 30547.3230341386333748 
	 8.2374600000000004 	 30559.6932696559124452 
	 8.2468550000000000 	 30572.0736577959469287 
	 8.2562499999999996 	 30584.4666342492964759 
	 8.2656449999999992 	 30596.8716604334222211 
	 8.2750399999999988 	 30609.2870021193557477 
	 8.2844350000000002 	 30621.7126082523136574 
	 8.2938299999999998 	 30634.1479474981679232 
	 8.3032249999999994 	 30646.5926061594364000 
	 8.3126200000000008 	 30659.0459960051884991 
	 8.3220150000000004 	 30671.5077432622892957 
	 8.3314100000000000 	 30683.9775831905062660 
	 8.3408049999999996 	 30696.4548376330749306 
	 8.3501999999999992 	 30708.9392092716552725 
	 8.3595950000000006 	 30721.4303136341550271 
	 8.3689900000000002 	 30733.9275796334222832 
	 8.3783849999999997 	 30746.4308486072404776 
	 8.3877800000000011 	 30758.9395378711051308 
	 8.3971750000000007 	 30771.4533773181210563 
	 8.4065700000000003 	 30783.9718918952530657 
	 8.4159649999999999 	 30796.4947077379110851 
	 8.4253599999999995 	 30809.0214443778313580 
	 8.4347550000000009 	 30821.5517302698099229 
	 8.4441500000000005 	 30834.0853205850144150 
	 8.4535450000000001 	 30846.6217247450476862 
	 8.4629399999999997 	 30859.1605658003572898 
	 8.4723350000000011 	 30871.7016680018277839 
	 8.4817300000000007 	 30884.2444876883855613 
	 8.4911250000000003 	 30896.7887723363237455 
	 8.5005199999999999 	 30909.3342224086372880 
	 8.5099149999999995 	 30921.8804474076896440 
	 8.5193100000000008 	 30934.4271851746634638 
	 8.5287050000000004 	 30946.9740038628115144 
	 8.5381000000000000 	 30959.5207143974294013 
	 8.5474949999999996 	 30972.0669785012287321 
	 8.5568900000000010 	 30984.6124424996305606 
	 8.5662850000000006 	 30997.1568447552890575 
	 8.5756800000000002 	 31009.6998859837149212 
	 8.5850749999999998 	 31022.2412607054720866 
	 8.5944700000000012 	 31034.7807188920778572 
	 8.6038650000000008 	 31047.3179639658337692 
	 8.6132600000000004 	 31059.8526689677237300 
	 8.6226550000000000 	 31072.3845796593413979 
	 8.6320499999999996 	 31084.9134772794350283 
	 8.6414450000000009 	 31097.4391114480749820 
	 8.6508400000000005 	 31109.9611670440281159 
	 8.6602350000000001 	 31122.4793822980245750 
	 8.6696299999999997 	 31134.9934951156319585 
	 8.6790249999999993 	 31147.5033614098174439 
	 8.6884200000000007 	 31160.0085731143008161 
	 8.6978150000000003 	 31172.5090629711339716 
	 8.7072099999999999 	 31185.0044944629298698 
	 8.7166049999999995 	 31197.4946804830251494 
	 8.7259999999999991 	 31209.9793379815891967 
	 8.7353950000000005 	 31222.4581709404264984 
	 8.7447900000000001 	 31234.9311929720097396 
	 8.7541850000000014 	 31247.3981032677365874 
	 8.7635800000000010 	 31259.8585558400627633 
	 8.7729750000000006 	 31272.3124340262293117 
	 8.7823700000000002 	 31284.7595368718357349 
	 8.7917649999999998 	 31297.1997596802466433 
	 8.8011599999999994 	 31309.6326475529749587 
	 8.8105549999999990 	 31322.0581865555323020 
	 8.8199500000000022 	 31334.4761731940780010 
	 8.8293450000000018 	 31346.8864577390559134 
	 8.8387400000000014 	 31359.2886971364932833 
	 8.8481349999999992 	 31371.6828263413990499 
	 8.8575299999999988 	 31384.0686542905714305 
	 8.8669249999999984 	 31396.4460620661375287 
	 8.8763199999999998 	 31408.8147975632964517 
	 8.8857149999999994 	 31421.1747106851471472 
	 8.8951099999999990 	 31433.5256103398387495 
	 8.9045050000000003 	 31445.8673027520817413 
	 8.9138999999999999 	 31458.1996779842920660 
	 8.9232949999999995 	 31470.5226599355155486 
	 8.9326899999999991 	 31482.8360424448983395 
	 8.9420850000000005 	 31495.1395556181632855 
	 8.9514800000000001 	 31507.4332031353151251 
	 8.9608749999999997 	 31519.7167346659407485 
	 8.9702699999999993 	 31531.9900704186184157 
	 8.9796649999999989 	 31544.2530429080798058 
	 8.9890599999999985 	 31556.5054460884093714 
	 8.9984549999999999 	 31568.7472167784653720 
	 9.0078499999999995 	 31580.9784033222713333 
	 9.0172449999999991 	 31593.1984664103511022 
	 9.0266400000000004 	 31605.4078790606836264 
	 9.0360350000000000 	 31617.6060031200067897 
	 9.0454299999999996 	 31629.7926210469267971 
	 9.0548249999999992 	 31641.9678922569546557 
	 9.0642199999999988 	 31654.1317565767749329 
	 9.0736149999999984 	 31666.2836316202374292 
	 9.0830099999999980 	 31678.4248738073074492 
	 9.0924050000000012 	 31690.5554864090954652 
	 9.1018000000000008 	 31702.6717045041368692 
	 9.1111950000000004 	 31714.7761376824128092 
	 9.1205900000000000 	 31726.8682859038271999 
	 9.1299849999999996 	 31738.9481946964915551 
	 9.1393799999999992 	 31751.0157792632671772 
	 9.1487749999999988 	 31763.0708743833856715 
	 9.1581699999999984 	 31775.1132987816963578 
	 9.1675649999999997 	 31787.1429939139306953 
	 9.1769600000000011 	 31799.1599365839501843 
	 9.1863550000000007 	 31811.1639938265179808 
	 9.1957500000000003 	 31823.1551384410668106 
	 9.2051449999999999 	 31835.1332505411774036 
	 9.2145399999999995 	 31847.0981897139827197 
	 9.2239349999999991 	 31859.0498901293431118 
	 9.2333299999999987 	 31870.9882929803934530 
	 9.2427250000000001 	 31882.9132851365211536 
	 9.2521200000000015 	 31894.8249974034297338 
	 9.2615150000000011 	 31906.7234274743168498 
	 9.2709100000000007 	 31918.6076943144398683 
	 9.2803050000000002 	 31930.4783942467802262 
	 9.2896999999999998 	 31942.3353031794395065 
	 9.2990949999999994 	 31954.1783607105753617 
	 9.3084899999999990 	 31966.0075011231565441 
	 9.3178849999999986 	 31977.8225898064774810 
	 9.3272800000000000 	 31989.6236897621274693 
	 9.3366749999999996 	 32001.4106832453435345 
	 9.3460700000000010 	 32013.1837694112655299 
	 9.3554650000000006 	 32024.9414297041585087 
	 9.3648600000000002 	 32036.6899670062957739 
	 9.3742549999999998 	 32048.4240487403076258 
	 9.3836499999999994 	 32060.1381235166118131 
	 9.3930450000000008 	 32071.8391021430070396 
	 9.4024400000000004 	 32083.5251523497281596 
	 9.4118350000000000 	 32095.1967348733232939 
	 9.4212299999999995 	 32106.8537482785432076 
	 9.4306249999999991 	 32118.4960468480894633 
	 9.4400200000000005 	 32130.1237268978584325 
	 9.4494150000000001 	 32141.7366165946878027 
	 9.4588099999999997 	 32153.3346989847705117 
	 9.4682049999999993 	 32164.9180091055095545 
	 9.4776000000000007 	 32176.4864307908646879 
	 9.4869950000000003 	 32188.0399121446098434 
	 9.4963899999999999 	 32199.5784132262488129 
	 9.5057849999999995 	 32211.1019585435788031 
	 9.5151799999999991 	 32222.6104420418414520 
	 9.5245749999999987 	 32234.1038332666576025 
	 9.5339700000000001 	 32245.5821025437289791 
	 9.5433650000000014 	 32257.0451403118931921 
	 9.5527600000000010 	 32268.4929809442437545 
	 9.5621550000000006 	 32279.9256095275013649 
	 9.5715500000000002 	 32291.3429339717622497 
	 9.5809449999999998 	 32302.7449037779115315 
	 9.5903399999999994 	 32314.1315112917036458 
	 9.5997349999999990 	 32325.5027480126736918 
	 9.6091299999999986 	 32336.8585779408167582 
	 9.6185250000000000 	 32348.1989558369896258 
	 9.6279200000000014 	 32359.5238285988707503 
	 9.6373150000000010 	 32370.8331482571702509 
	 9.6467100000000006 	 32382.1269188213918824 
	 9.6561050000000002 	 32393.4051059689772956 
	 9.6654999999999998 	 32404.6677555887654307 
	 9.6748949999999994 	 32415.9147597856717766 
	 9.6842899999999990 	 32427.1460686517202703 
	 9.6936850000000003 	 32438.3617423617506574 
	 9.7030800000000017 	 32449.5616954952020023 
	 9.7124750000000013 	 32460.7458893094626546 
	 9.7218700000000009 	 32471.9143028295911790 
	 9.7312650000000005 	 32483.0669683108608297 
	 9.7406600000000001 	 32494.2039958849491086 
	 9.7500549999999997 	 32505.3250342415994965 
	 9.7594499999999993 	 32516.4303789625919308 
	 9.7688449999999989 	 32527.5197869606272434 
	 9.7782400000000003 	 32538.5933029478328535 
	 9.7876350000000016 	 32549.6511359270116372 
	 9.7970300000000012 	 32560.6926648549924721 
	 9.8064250000000008 	 32571.7195727280559368 
	 9.8158200000000004 	 32582.7245886009186506 
	 9.8252150000000000 	 32593.7149424426643236 
	 9.8346099999999996 	 32604.6937970526269055 
	 9.8440050000000010 	 32615.6555064774511266 
	 9.8534000000000006 	 32626.6015904684754787 
	 9.8627950000000002 	 32637.5316849428199930 
	 9.8721899999999998 	 32648.4457545654331625 
	 9.8815850000000012 	 32659.3439474184342544 
	 9.8909800000000008 	 32670.2259650518644776 
	 9.9003750000000004 	 32681.0921183878199372 
	 9.9097700000000000 	 32691.9421448787907138 
	 9.9191649999999996 	 32702.7762537831040390 
	 9.9285600000000009 	 32713.5943079902172030 
	 9.9379550000000005 	 32724.3963005332916509 
	 9.9473500000000001 	 32735.1823041915704380 
	 9.9567449999999997 	 32745.9522257968019403 
	 9.9661400000000011 	 32756.7060852430986415 
	 9.9755350000000007 	 32767.4439161826849158 
	 9.9849300000000003 	 32778.1656785717786988 
	 9.9943250000000017 	 32788.8714224220093456 
	 10.0037200000000013 	 32799.5611121652618749 
	 10.0131150000000009 	 32810.2346940971983713 
	 10.0225099999999987 	 32820.8922837137288298 
	 10.0319049999999983 	 32831.5338172138363007 
	 10.0412999999999979 	 32842.1592199632868869 
	 10.0506950000000010 	 32852.7686425143183442 
	 10.0600900000000006 	 32863.3619792652316391 
	 10.0694850000000002 	 32873.9391982339730021 
	 10.0788799999999998 	 32884.5003878231509589 
	 10.0882749999999994 	 32895.0455964444408892 
	 10.0976699999999990 	 32905.5747039085108554 
	 10.1070649999999986 	 32916.0877799520894769 
	 10.1164600000000000 	 32926.5847433814706164 
	 10.1258549999999996 	 32937.0657379526674049 
	 10.1352499999999992 	 32947.5307214828644646 
	 10.1446450000000006 	 32957.9796150759721058 
	 10.1540400000000002 	 32968.4124874161934713 
	 10.1634349999999998 	 32978.8293529391376069 
	 10.1728299999999994 	 32989.2302001969728735 
	 10.1822249999999990 	 32999.6150433082439122 
	 10.1916199999999986 	 33009.9839284151021275 
	 10.2010149999999999 	 33020.3367157384927850 
	 10.2104099999999995 	 33030.6735164818164776 
	 10.2198049999999991 	 33040.9943589777249144 
	 10.2291999999999987 	 33051.2992475927458145 
	 10.2385950000000001 	 33061.5881866934942082 
	 10.2479899999999997 	 33071.8611806465050904 
	 10.2573849999999993 	 33082.1182338183716638 
	 10.2667800000000007 	 33092.3593505756361992 
	 10.2761750000000003 	 33102.5845352848773473 
	 10.2855699999999999 	 33112.7937923126737587 
	 10.2949649999999995 	 33122.9871260255749803 
	 10.3043599999999991 	 33133.1645409645061591 
	 10.3137550000000005 	 33143.3260464469349245 
	 10.3231500000000000 	 33153.4716570364325889 
	 10.3325449999999996 	 33163.6013875650241971 
	 10.3419399999999992 	 33173.7152528647493455 
	 10.3513350000000006 	 33183.8132677676403546 
	 10.3607300000000002 	 33193.8954471057295450 
	 10.3701249999999998 	 33203.9618057110710652 
	 10.3795199999999994 	 33214.0123584156826837 
	 10.3889149999999990 	 33224.0471200515894452 
	 10.3983099999999986 	 33234.0661054508382222 
	 10.4077050000000000 	 33244.0693294336015242 
	 10.4171000000000014 	 33254.0568067377171246 
	 10.4264950000000010 	 33264.0285520661491319 
	 10.4358900000000006 	 33273.9845801217816188 
	 10.4452850000000002 	 33283.9249056074695545 
	 10.4546799999999998 	 33293.8495432260751841 
	 10.4640749999999993 	 33303.7585076804753044 
	 10.4734699999999989 	 33313.6518136735103326 
	 10.4828649999999985 	 33323.5294759080497897 
	 10.4922599999999981 	 33333.3915090869486448 
	 10.5016550000000013 	 33343.2379279157976271 
	 10.5110500000000009 	 33353.0687478980980814 
	 10.5204450000000005 	 33362.8839864413894247 
	 10.5298400000000001 	 33372.6836612311526551 
	 10.5392349999999997 	 33382.4677899528687703 
	 10.5486299999999993 	 33392.2363902920114924 
	 10.5580249999999989 	 33401.9894799340981990 
	 10.5674200000000003 	 33411.7270765645953361 
	 10.5768149999999999 	 33421.4491978689839016 
	 10.5862100000000012 	 33431.1558615327667212 
	 10.5956050000000008 	 33440.8470852414029650 
	 10.6050000000000004 	 33450.5228866940378794 
	 10.6143949999999982 	 33460.1832838606715086 
	 10.6237899999999996 	 33469.8282949604108580 
	 10.6331849999999992 	 33479.4579382215888472 
	 10.6425799999999988 	 33489.0722318725311197 
	 10.6519749999999984 	 33498.6711941416069749 
	 10.6613699999999998 	 33508.2548432571420562 
	 10.6707649999999994 	 33517.8231974474983872 
	 10.6801600000000008 	 33527.3762749410016113 
	 10.6895550000000004 	 33536.9140939660064760 
	 10.6989500000000000 	 33546.4366727508531767 
	 10.7083449999999996 	 33555.9440299553752993 
	 10.7177400000000009 	 33565.4361866586768883 
	 10.7271349999999988 	 33574.9131647825124674 
	 10.7365300000000001 	 33584.3749862494878471 
	 10.7459249999999980 	 33593.8216729822161142 
	 10.7553199999999993 	 33603.2532469033176312 
	 10.7647149999999989 	 33612.6697299354054849 
	 10.7741100000000003 	 33622.0711440010854858 
	 10.7835049999999999 	 33631.4575110229707207 
	 10.7928999999999995 	 33640.8288529236670001 
	 10.8022949999999991 	 33650.1851916194136720 
	 10.8116900000000005 	 33659.5265482094982872 
	 10.8210849999999983 	 33668.8529421813436784 
	 10.8304799999999997 	 33678.1643928336634417 
	 10.8398749999999993 	 33687.4609194651493453 
	 10.8492700000000006 	 33696.7425413745004334 
	 10.8586650000000002 	 33706.0092778603939223 
	 10.8680600000000016 	 33715.2611482215579599 
	 10.8774549999999994 	 33724.4981717566697625 
	 10.8868500000000008 	 33733.7203677644283744 
	 10.8962449999999986 	 33742.9277555435401155 
	 10.9056400000000000 	 33752.1203545562239015 
	 10.9150349999999978 	 33761.2981867084745318 
	 10.9244299999999992 	 33770.4612757859504200 
	 10.9338249999999988 	 33779.6096456225641305 
	 10.9432200000000002 	 33788.7433200522136758 
	 10.9526149999999998 	 33797.8623229088116204 
	 10.9620100000000011 	 33806.9666780262632528 
	 10.9714049999999990 	 33816.0564092384665855 
	 10.9808000000000003 	 33825.1315403793487349 
	 10.9901949999999999 	 33834.1920952828004374 
	 10.9995899999999995 	 33843.2380977827415336 
	 11.0089849999999991 	 33852.2695717832175433 
	 11.0183800000000005 	 33861.2865415081541869 
	 11.0277750000000001 	 33870.2890312725867261 
	 11.0371700000000015 	 33879.2770653915940784 
	 11.0465649999999993 	 33888.2506681802187813 
	 11.0559600000000007 	 33897.2098639535252005 
	 11.0653549999999985 	 33906.1546770265704254 
	 11.0747499999999999 	 33915.0851317144042696 
	 11.0841449999999995 	 33924.0012523320983746 
	 11.0935399999999991 	 33932.9030631946807262 
	 11.1029349999999987 	 33941.7905886172302417 
	 11.1123300000000000 	 33950.6638529137271689 
	 11.1217249999999996 	 33959.5228803964637336 
	 11.1311200000000010 	 33968.3676953775720904 
	 11.1405150000000006 	 33977.1983221691771178 
	 11.1499100000000002 	 33986.0147850834182464 
	 11.1593049999999998 	 33994.8171084324349067 
	 11.1687000000000012 	 34003.6053165283374256 
	 11.1780949999999990 	 34012.3794336832725094 
	 11.1874900000000004 	 34021.1394842093868647 
	 11.1968849999999982 	 34029.8854924187835422 
	 11.2062799999999996 	 34038.6174826517817564 
	 11.2156749999999992 	 34047.3354795740597183 
	 11.2250700000000005 	 34056.0395080602611415 
	 11.2344650000000001 	 34064.7295929884567158 
	 11.2438599999999997 	 34073.4057592367171310 
	 11.2532549999999993 	 34082.0680316830985248 
	 11.2626500000000007 	 34090.7164352056715870 
	 11.2720449999999985 	 34099.3509946824924555 
	 11.2814399999999999 	 34107.9717349916754756 
	 11.2908350000000013 	 34116.5786810112258536 
	 11.3002300000000009 	 34125.1718576192579349 
	 11.3096250000000005 	 34133.7512897710475954 
	 11.3190200000000019 	 34142.3170027089217911 
	 11.3284149999999997 	 34150.8690217418989050 
	 11.3378100000000011 	 34159.4073721789754927 
	 11.3472049999999989 	 34167.9320793291408336 
	 11.3566000000000003 	 34176.4431685014205868 
	 11.3659949999999981 	 34184.9406650048113079 
	 11.3753899999999994 	 34193.4245941483095521 
	 11.3847850000000008 	 34201.8949812409409788 
	 11.3941800000000004 	 34210.3518515916803153 
	 11.4035750000000000 	 34218.7952305062644882 
	 11.4129700000000014 	 34227.2251431469994714 
	 11.4223649999999992 	 34235.6416144800969050 
	 11.4317600000000006 	 34244.0446694575657602 
	 11.4411550000000002 	 34252.4343330314513878 
	 11.4505499999999998 	 34260.8106301538282423 
	 11.4599449999999994 	 34269.1735857766980189 
	 11.4693400000000025 	 34277.5232248521278962 
	 11.4787350000000004 	 34285.8595723321413971 
	 11.4881300000000017 	 34294.1826531688057003 
	 11.4975249999999996 	 34302.4924923141516047 
	 11.5069200000000009 	 34310.7891147828268004 
	 11.5163149999999987 	 34319.0725461597467074 
	 11.5257100000000001 	 34327.3428123343473999 
	 11.5351049999999997 	 34335.5999391989753349 
	 11.5444999999999993 	 34343.8439526460206253 
	 11.5538950000000007 	 34352.0748785677715205 
	 11.5632900000000021 	 34360.2927428566035815 
	 11.5726849999999999 	 34368.4975714048487134 
	 11.5820800000000013 	 34376.6893901048533735 
	 11.5914750000000009 	 34384.8682248489494668 
	 11.6008700000000005 	 34393.0341015293743112 
	 11.6102650000000001 	 34401.1870458160847193 
	 11.6196600000000014 	 34409.3270827043234021 
	 11.6290549999999993 	 34417.4542370617054985 
	 11.6384500000000006 	 34425.5685337558752508 
	 11.6478450000000002 	 34433.6699976544259698 
	 11.6572400000000016 	 34441.7586536250091740 
	 11.6666349999999994 	 34449.8345265352472779 
	 11.6760300000000008 	 34457.8976412527699722 
	 11.6854250000000004 	 34465.9480226451923954 
	 11.6948200000000000 	 34473.9856955801369622 
	 11.7042149999999996 	 34482.0106849432922900 
	 11.7136100000000010 	 34490.0230161557919928 
	 11.7230049999999988 	 34498.0227152510124142 
	 11.7324000000000002 	 34506.0098082958938903 
	 11.7417950000000015 	 34513.9843213573112735 
	 11.7511900000000011 	 34521.9462805022194516 
	 11.7605850000000007 	 34529.8957117974714492 
	 11.7699800000000021 	 34537.8326413100148784 
	 11.7793749999999999 	 34545.7570951067391434 
	 11.7887699999999978 	 34553.6690992545482004 
	 11.7981649999999991 	 34561.5686798203823855 
	 11.8075599999999987 	 34569.4558626746802474 
	 11.8169549999999983 	 34577.3306722577544861 
	 11.8263499999999997 	 34585.1931323772878386 
	 11.8357450000000011 	 34593.0432668381545227 
	 11.8451399999999989 	 34600.8810994452142040 
	 11.8545350000000003 	 34608.7066540033338242 
	 11.8639299999999999 	 34616.5199543174021528 
	 11.8733249999999995 	 34624.3210241922643036 
	 11.8827199999999991 	 34632.1098874327872181 
	 11.8921150000000004 	 34639.8865678438596660 
	 11.9015099999999983 	 34647.6510892337901169 
	 11.9109049999999996 	 34655.4034767008342897 
	 11.9202999999999992 	 34663.1437585591702373 
	 11.9296950000000006 	 34670.8719636158784851 
	 11.9390899999999984 	 34678.5881206779886270 
	 11.9484849999999998 	 34686.2922585525666364 
	 11.9578799999999994 	 34693.9844060466930387 
	 11.9672749999999990 	 34701.6645919673974277 
	 11.9766699999999986 	 34709.3328451217385009 
	 11.9860650000000000 	 34716.9891943167895079 
	 11.9954599999999978 	 34724.6336683595873183 
	 12.0048550000000009 	 34732.2662956275016768 
	 12.0142500000000005 	 34739.8870953511868720 
	 12.0236450000000001 	 34747.4960780060355319 
	 12.0330399999999997 	 34755.0932537160770153 
	 12.0424350000000011 	 34762.6786326053334051 
	 12.0518299999999989 	 34770.2522247978413361 
	 12.0612250000000003 	 34777.8140404175865115 
	 12.0706199999999981 	 34785.3640895886273938 
	 12.0800149999999995 	 34792.9023824349642382 
	 12.0894099999999991 	 34800.4289290806409554 
	 12.0988050000000005 	 34807.9437396496650763 
	 12.1082000000000001 	 34815.4468283027745201 
	 12.1175949999999997 	 34822.9382329339205171 
	 12.1269899999999993 	 34830.4180000821070280 
	 12.1363850000000006 	 34837.8861762989035924 
	 12.1457799999999985 	 34845.3428081358651980 
	 12.1551749999999998 	 34852.7879421445322805 
	 12.1645699999999994 	 34860.2216248764525517 
	 12.1739649999999990 	 34867.6439028831955511 
	 12.1833600000000004 	 34875.0548227162726107 
	 12.1927550000000018 	 34882.4544309272678220 
	 12.2021499999999996 	 34889.8427739943217603 
	 12.2115450000000010 	 34897.2198873257802916 
	 12.2209399999999988 	 34904.5857835390124819 
	 12.2303350000000002 	 34911.9404724431587965 
	 12.2397299999999980 	 34919.2839638473378727 
	 12.2491249999999994 	 34926.6162675606683479 
	 12.2585199999999990 	 34933.9373933922688593 
	 12.2679150000000003 	 34941.2473511512434925 
	 12.2773099999999999 	 34948.5461506467254367 
	 12.2867050000000013 	 34955.8338016878260532 
	 12.2960999999999991 	 34963.1103140836567036 
	 12.3054950000000005 	 34970.3756982516861171 
	 12.3148900000000001 	 34977.6299742800474633 
	 12.3242849999999997 	 34984.8731700030184584 
	 12.3336799999999993 	 34992.1053134723624680 
	 12.3430750000000007 	 34999.3264327398428577 
	 12.3524700000000003 	 35006.5365558572520968 
	 12.3618650000000017 	 35013.7357108763244469 
	 12.3712599999999995 	 35020.9239258488669293 
	 12.3806550000000009 	 35028.1012288266210817 
	 12.3900499999999987 	 35035.2676478613648214 
	 12.3994450000000001 	 35042.4232110048833420 
	 12.4088399999999996 	 35049.5679448992086691 
	 12.4182349999999992 	 35056.7018694518337725 
	 12.4276299999999988 	 35063.8250025614106562 
	 12.4370250000000002 	 35070.9373621262420784 
	 12.4464199999999998 	 35078.0389660446380731 
	 12.4558150000000012 	 35085.1298322149086744 
	 12.4652100000000008 	 35092.2099785353566404 
	 12.4746050000000004 	 35099.2794229042920051 
	 12.4840000000000000 	 35106.3381832200320787 
	 12.4933950000000014 	 35113.3862773808577913 
	 12.5027899999999992 	 35120.4237233702442609 
	 12.5121850000000006 	 35127.4505459232750582 
	 12.5215799999999984 	 35134.4667813136766199 
	 12.5309750000000015 	 35141.4724669447750784 
	 12.5403699999999994 	 35148.4676402198892902 
	 12.5497650000000007 	 35155.4523385423381114 
	 12.5591600000000003 	 35162.4265993154622265 
	 12.5685549999999999 	 35169.3904599425732158 
	 12.5779499999999995 	 35176.3439578269681078 
	 12.5873450000000009 	 35183.2871303720021388 
	 12.5967399999999987 	 35190.2200149809796130 
	 12.6061350000000001 	 35197.1426472641833243 
	 12.6155299999999997 	 35204.0550409194038366 
	 12.6249250000000011 	 35210.9571949830569793 
	 12.6343200000000007 	 35217.8491082225154969 
	 12.6437150000000020 	 35224.7307794051739620 
	 12.6531099999999999 	 35231.6022072983978433 
	 12.6625050000000012 	 35238.4633906695671612 
	 12.6718999999999991 	 35245.3143282860692125 
	 12.6812950000000004 	 35252.1550189152767416 
	 12.6906899999999982 	 35258.9854613245552173 
	 12.7000849999999996 	 35265.8056542813210399 
	 12.7094800000000010 	 35272.6156029092599056 
	 12.7188750000000006 	 35279.4153370767162414 
	 12.7282700000000002 	 35286.2048926724819466 
	 12.7376650000000016 	 35292.9843055854144040 
	 12.7470599999999994 	 35299.7536117042764090 
	 12.7564550000000008 	 35306.5128469179180684 
	 12.7658500000000004 	 35313.2620471151531092 
	 12.7752450000000000 	 35320.0012481847879826 
	 12.7846399999999996 	 35326.7304860156364157 
	 12.7940350000000009 	 35333.4497964965266874 
	 12.8034300000000005 	 35340.1592153917736141 
	 12.8128250000000019 	 35346.8587724562166841 
	 12.8222199999999997 	 35353.5484888843930094 
	 12.8316150000000011 	 35360.2283852161053801 
	 12.8410099999999989 	 35366.8984819911856903 
	 12.8504050000000003 	 35373.5587997494003503 
	 12.8597999999999999 	 35380.2093590305812540 
	 12.8691949999999995 	 35386.8501803745311918 
	 12.8785899999999991 	 35393.4812843210529536 
	 12.8879850000000022 	 35400.1026914099638816 
	 12.8973800000000001 	 35406.7144221810594900 
	 12.9067750000000014 	 35413.3164964384486666 
	 12.9161700000000010 	 35419.9089269268151838 
	 12.9255650000000006 	 35426.4917224576201988 
	 12.9349600000000002 	 35433.0648917998551042 
	 12.9443550000000016 	 35439.6284437224603607 
	 12.9537499999999994 	 35446.1823869944055332 
	 12.9631449999999973 	 35452.7267303846456343 
	 12.9725400000000004 	 35459.2614826621284010 
	 12.9819350000000000 	 35465.7866525958088459 
	 12.9913299999999996 	 35472.3022489546419820 
	 13.0007249999999992 	 35478.8082805099766119 
	 13.0101200000000006 	 35485.3047624717655708 
	 13.0195149999999984 	 35491.7917305095397751 
	 13.0289099999999998 	 35498.2692243474593852 
	 13.0383049999999994 	 35504.7372837096845615 
	 13.0476999999999990 	 35511.1959483203318086 
	 13.0570950000000003 	 35517.6452579035758390 
	 13.0664900000000017 	 35524.0852521835622611 
	 13.0758849999999995 	 35530.5159708844294073 
	 13.0852800000000009 	 35536.9374537303447141 
	 13.0946749999999987 	 35543.3497404454392381 
	 13.1040700000000001 	 35549.7528703077041428 
	 13.1134649999999979 	 35556.1468682234626613 
	 13.1228599999999993 	 35562.5317419882412651 
	 13.1322549999999989 	 35568.9074983981918194 
	 13.1416499999999985 	 35575.2741442495171214 
	 13.1510449999999999 	 35581.6316863384272438 
	 13.1604400000000012 	 35587.9801314610958798 
	 13.1698349999999991 	 35594.3194864137331024 
	 13.1792300000000004 	 35600.6497579925489845 
	 13.1886250000000000 	 35606.9709529937099433 
	 13.1980199999999996 	 35613.2830782134187757 
	 13.2074149999999992 	 35619.5861417027917923 
	 13.2168100000000006 	 35625.8801611144153867 
	 13.2262049999999984 	 35632.1651585356739815 
	 13.2356000000000016 	 35638.4411560778462444 
	 13.2449949999999994 	 35644.7081758521962911 
	 13.2543900000000008 	 35650.9662399699955131 
	 13.2637849999999986 	 35657.2153705425225780 
	 13.2731800000000000 	 35663.4555896810561535 
	 13.2825749999999996 	 35669.6869194968458032 
	 13.2919699999999992 	 35675.9093821011920227 
	 13.3013649999999988 	 35682.1229996032416238 
	 13.3107600000000001 	 35688.3277930869007832 
	 13.3201549999999980 	 35694.5237809645550442 
	 13.3295500000000011 	 35700.7109812189373770 
	 13.3389450000000007 	 35706.8894118327807519 
	 13.3483400000000003 	 35713.0590907888181391 
	 13.3577349999999999 	 35719.2200360697825090 
	 13.3671300000000013 	 35725.3722656584068318 
	 13.3765249999999991 	 35731.5157975374459056 
	 13.3859200000000005 	 35737.6506496896108729 
	 13.3953149999999983 	 35743.7768400976492558 
	 13.4047099999999997 	 35749.8943867362468154 
	 13.4141049999999993 	 35756.0033073959639296 
	 13.4235000000000007 	 35762.1036196839268086 
	 13.4328950000000003 	 35768.1953411993163172 
	 13.4422899999999998 	 35774.2784895412842161 
	 13.4516849999999994 	 35780.3530823090623016 
	 13.4610800000000008 	 35786.4191371018023347 
	 13.4704749999999986 	 35792.4766715186851798 
	 13.4798700000000000 	 35798.5257031589062535 
	 13.4892649999999996 	 35804.5662496216464206 
	 13.4986599999999992 	 35810.5983285060792696 
	 13.5080550000000006 	 35816.6219574487477075 
	 13.5174500000000020 	 35822.6371543165150797 
	 13.5268449999999998 	 35828.6439370639927802 
	 13.5362400000000012 	 35834.6423236459522741 
	 13.5456349999999990 	 35840.6323320171431988 
	 13.5550300000000004 	 35846.6139801323733991 
	 13.5644249999999982 	 35852.5872859463779605 
	 13.5738199999999996 	 35858.5522674139501760 
	 13.5832149999999992 	 35864.5089424898687867 
	 13.5926100000000005 	 35870.4573291288761538 
	 13.6020050000000001 	 35876.3974452838519937 
	 13.6114000000000015 	 35882.3293085656841868 
	 13.6207949999999993 	 35888.2529358502360992 
	 13.6301900000000007 	 35894.1683439181579161 
	 13.6395850000000003 	 35900.0755495501143741 
	 13.6489799999999999 	 35905.9745695267265546 
	 13.6583749999999995 	 35911.8654206287028501 
	 13.6677700000000009 	 35917.7481196366352378 
	 13.6771649999999987 	 35923.6226833311811788 
	 13.6865600000000018 	 35929.4891284930345137 
	 13.6959549999999997 	 35935.3474719027944957 
	 13.7053500000000010 	 35941.1977303270541597 
	 13.7147449999999989 	 35947.0399202940752730 
	 13.7241400000000002 	 35952.8740581333258888 
	 13.7335349999999998 	 35958.7001601681986358 
	 13.7429299999999994 	 35964.5182427220715908 
	 13.7523249999999990 	 35970.3283221183446585 
	 13.7617200000000004 	 35976.1304146803886397 
	 13.7711150000000000 	 35981.9245367316179909 
	 13.7805100000000014 	 35987.7107045954035129 
	 13.7899050000000010 	 35993.4889345951378345 
	 13.7993000000000006 	 35999.2592430542208604 
	 13.8086950000000002 	 36005.0216463107135496 
	 13.8180900000000015 	 36010.7761607762222411 
	 13.8274849999999994 	 36016.5228028852652642 
	 13.8368800000000007 	 36022.2615890724191559 
	 13.8462749999999986 	 36027.9925357722095214 
	 13.8556699999999999 	 36033.7156594192056218 
	 13.8650649999999995 	 36039.4309764479403384 
	 13.8744600000000009 	 36045.1385032929902081 
	 13.8838550000000005 	 36050.8382563888953882 
	 13.8932500000000001 	 36056.5302521701742080 
	 13.9026449999999997 	 36062.2145070664410014 
	 13.9120400000000011 	 36067.8910370578742004 
	 13.9214349999999989 	 36073.5598573238457902 
	 13.9308300000000003 	 36079.2209829610656016 
	 13.9402249999999999 	 36084.8744290662070853 
	 13.9496200000000012 	 36090.5202107360091759 
	 13.9590150000000008 	 36096.1583430671234964 
	 13.9684100000000022 	 36101.7888411562671536 
	 13.9778050000000000 	 36107.4117201001427020 
	 13.9872000000000014 	 36113.0269949954308686 
	 13.9965949999999992 	 36118.6346809388342081 
	 14.0059900000000006 	 36124.2347930495234323 
	 14.0153849999999984 	 36129.8273467376784538 
	 14.0247799999999998 	 36135.4123576162673999 
	 14.0341750000000012 	 36140.9898413024639012 
	 14.0435700000000008 	 36146.5598134133761050 
	 14.0529650000000004 	 36152.1222895661485381 
	 14.0623600000000017 	 36157.6772853779111756 
	 14.0717549999999996 	 36163.2248164657939924 
	 14.0811500000000009 	 36168.7648984469269635 
	 14.0905450000000005 	 36174.2975469384691678 
	 14.0999400000000001 	 36179.8227775575287524 
	 14.1093349999999997 	 36185.3406057346292073 
	 14.1187300000000011 	 36190.8510461394034792 
	 14.1281250000000007 	 36196.3541132475438644 
	 14.1375199999999985 	 36201.8498215347935911 
	 14.1469149999999999 	 36207.3381854768595076 
	 14.1563099999999995 	 36212.8192195494775660 
	 14.1657049999999991 	 36218.2929382283400628 
	 14.1750999999999987 	 36223.7593559891829500 
	 14.1844950000000001 	 36229.2184873077276279 
	 14.1938899999999979 	 36234.6703466596663930 
	 14.2032849999999993 	 36240.1149485224668751 
	 14.2126800000000006 	 36245.5523074653756339 
	 14.2220750000000002 	 36250.9824381939251907 
	 14.2314699999999998 	 36256.4053554247220745 
	 14.2408650000000012 	 36261.8210738743291586 
	 14.2502599999999990 	 36267.2296082593311439 
	 14.2596550000000004 	 36272.6309732963200076 
	 14.2690499999999982 	 36278.0251837018586230 
	 14.2784449999999996 	 36283.4122541925462428 
	 14.2878399999999974 	 36288.7921994849602925 
	 14.2972350000000006 	 36294.1650342956854729 
	 14.3066300000000002 	 36299.5307732615183340 
	 14.3160249999999998 	 36304.8894302119151689 
	 14.3254199999999994 	 36310.2410185072803870 
	 14.3348150000000008 	 36315.5855515022340114 
	 14.3442099999999986 	 36320.9230425513960654 
	 14.3536049999999999 	 36326.2535050093792961 
	 14.3629999999999995 	 36331.5769522308328305 
	 14.3723949999999991 	 36336.8933975703694159 
	 14.3817899999999987 	 36342.2028543825945235 
	 14.3911850000000019 	 36347.5053360221500043 
	 14.4005799999999997 	 36352.8008558436777093 
	 14.4099750000000011 	 36358.0894273612211691 
	 14.4193699999999989 	 36363.3710646189501858 
	 14.4287650000000003 	 36368.6457817711270764 
	 14.4381599999999981 	 36373.9135929720141576 
	 14.4475549999999995 	 36379.1745123758519185 
	 14.4569499999999991 	 36384.4285541369026760 
	 14.4663449999999987 	 36389.6757324094360229 
	 14.4757400000000001 	 36394.9160613476997241 
	 14.4851350000000014 	 36400.1495551059342688 
	 14.4945299999999992 	 36405.3762278384310775 
	 14.5039250000000006 	 36410.5960936831179424 
	 14.5133200000000002 	 36415.8091662058941438 
	 14.5227149999999998 	 36421.0154582634277176 
	 14.5321099999999994 	 36426.2149826683016727 
	 14.5415050000000008 	 36431.4077522330480861 
	 14.5508999999999986 	 36436.5937797701990348 
	 14.5602950000000000 	 36441.7730780923229759 
	 14.5696899999999996 	 36446.9456600119665381 
	 14.5790850000000010 	 36452.1115383416690747 
	 14.5884799999999988 	 36457.2707258940063184 
	 14.5978750000000002 	 36462.4232354814739665 
	 14.6072699999999998 	 36467.5690799166768556 
	 14.6166649999999994 	 36472.7082720121252351 
	 14.6260599999999990 	 36477.8408245803948375 
	 14.6354550000000003 	 36482.9667504340250161 
	 14.6448499999999981 	 36488.0860623855478480 
	 14.6542450000000013 	 36493.1987732475317898 
	 14.6636400000000009 	 36498.3048958325234707 
	 14.6730350000000005 	 36503.4044429530622438 
	 14.6824300000000001 	 36508.4974274217020138 
	 14.6918250000000015 	 36513.5838620509894099 
	 14.7012199999999993 	 36518.6637596534128534 
	 14.7106150000000007 	 36523.7371329952802625 
	 14.7200099999999985 	 36528.8039947172655957 
	 14.7294049999999999 	 36533.8643574387460831 
	 14.7387999999999995 	 36538.9182337791644386 
	 14.7481950000000008 	 36543.9656363579415483 
	 14.7575900000000004 	 36549.0065777944837464 
	 14.7669850000000000 	 36554.0410707082119188 
	 14.7763799999999996 	 36559.0691277185760555 
	 14.7857750000000010 	 36564.0907614449897665 
	 14.7951699999999988 	 36569.1059845068448340 
	 14.8045650000000002 	 36574.1148095082462532 
	 14.8139599999999998 	 36579.1172486758514424 
	 14.8233549999999994 	 36584.1133138447548845 
	 14.8327500000000008 	 36589.1030168318757205 
	 14.8421450000000021 	 36594.0863694541403675 
	 14.8515400000000000 	 36599.0633835284534143 
	 14.8609350000000013 	 36604.0340708717703819 
	 14.8703299999999992 	 36608.9984433010104112 
	 14.8797250000000005 	 36613.9565126330780913 
	 14.8891199999999984 	 36618.9082906848998391 
	 14.8985149999999997 	 36623.8537892734166235 
	 14.9079099999999993 	 36628.7930203163632541 
	 14.9173049999999989 	 36633.7259963840697310 
	 14.9267000000000003 	 36638.6527303066031891 
	 14.9360950000000017 	 36643.5732349146928755 
	 14.9454899999999995 	 36648.4875230390753131 
	 14.9548850000000009 	 36653.3956075104579213 
	 14.9642800000000005 	 36658.2975011596136028 
	 14.9736750000000001 	 36663.1932168172352249 
	 14.9830699999999997 	 36668.0827673140665866 
	 14.9924650000000010 	 36672.9661654808442108 
	 15.0018600000000006 	 36677.8434241416471195 
	 15.0112550000000020 	 36682.7145546754036332 
	 15.0206499999999998 	 36687.5795652182787308 
	 15.0300450000000012 	 36692.4384634648231440 
	 15.0394399999999990 	 36697.2912571096312604 
	 15.0488350000000004 	 36702.1379538472392596 
	 15.0582300000000000 	 36706.9785613722051494 
	 15.0676249999999996 	 36711.8130873791305930 
	 15.0770199999999992 	 36716.6415395625299425 
	 15.0864150000000006 	 36721.4639256169903092 
	 15.0958100000000002 	 36726.2802532370842528 
	 15.1052050000000015 	 36731.0905303749314044 
	 15.1146000000000011 	 36735.8947696372124483 
	 15.1239950000000007 	 36740.6929876728827367 
	 15.1333900000000003 	 36745.4852012652263511 
	 15.1427850000000017 	 36750.2714271975637530 
	 15.1521799999999995 	 36755.0516822532008518 
	 15.1615750000000009 	 36759.8259832154435571 
	 15.1709699999999987 	 36764.5943468675977783 
	 15.1803650000000001 	 36769.3567899929621490 
	 15.1897599999999997 	 36774.1133293748498545 
	 15.1991550000000011 	 36778.8639817965740804 
	 15.2085500000000007 	 36783.6087628501190920 
	 15.2179450000000003 	 36788.3476818785129581 
	 15.2273399999999999 	 36793.0807461827789666 
	 15.2367350000000012 	 36797.8079630628490122 
	 15.2461299999999991 	 36802.5293398185895057 
	 15.2555250000000004 	 36807.2448837499468937 
	 15.2649200000000000 	 36811.9546021567803109 
	 15.2743150000000014 	 36816.6585023390143760 
	 15.2837100000000010 	 36821.3565915965227759 
	 15.2931050000000024 	 36826.0488772292519570 
	 15.3025000000000002 	 36830.7353665510745486 
	 15.3118949999999980 	 36835.4160683308582520 
	 15.3212899999999994 	 36840.0909940412166179 
	 15.3306849999999990 	 36844.7601554490538547 
	 15.3400799999999986 	 36849.4235643212814466 
	 15.3494749999999982 	 36854.0812324247963261 
	 15.3588699999999996 	 36858.7331715265245293 
	 15.3682649999999992 	 36863.3793933933629887 
	 15.3776600000000006 	 36868.0199097922304645 
	 15.3870550000000001 	 36872.6547324900093372 
	 15.3964499999999997 	 36877.2838732536401949 
	 15.4058449999999993 	 36881.9073437749175355 
	 15.4152400000000007 	 36886.5251547146108351 
	 15.4246349999999985 	 36891.1373159848953946 
	 15.4340299999999999 	 36895.7438374810517416 
	 15.4434249999999977 	 36900.3447290984113351 
	 15.4528200000000009 	 36904.9400007322910824 
	 15.4622149999999987 	 36909.5296622779787867 
	 15.4716100000000001 	 36914.1137236307986313 
	 15.4810049999999997 	 36918.6921946860675234 
	 15.4903999999999993 	 36923.2650853390950942 
	 15.4997949999999989 	 36927.8324054851836991 
	 15.5091900000000003 	 36932.3941650196356932 
	 15.5185849999999981 	 36936.9503738377970876 
	 15.5279799999999994 	 36941.5010418349484098 
	 15.5373750000000008 	 36946.0461789064211189 
	 15.5467700000000004 	 36950.5857949475102942 
	 15.5561650000000000 	 36955.1198998535401188 
	 15.5655600000000014 	 36959.6485035198129481 
	 15.5749549999999992 	 36964.1716158416456892 
	 15.5843500000000006 	 36968.6892467143406975 
	 15.5937449999999984 	 36973.2014060332221561 
	 15.6031399999999998 	 36977.7081036960589699 
	 15.6125349999999976 	 36982.2093497473106254 
	 15.6219299999999990 	 36986.7051544582573115 
	 15.6313250000000004 	 36991.1955281196787837 
	 15.6407200000000000 	 36995.6804810222893138 
	 15.6501149999999996 	 37000.1600234568322776 
	 15.6595100000000009 	 37004.6341657140874304 
	 15.6689049999999988 	 37009.1029180847472162 
	 15.6783000000000001 	 37013.5662908595913905 
	 15.6876949999999997 	 37018.0242943293560529 
	 15.6970899999999993 	 37022.4769387847918551 
	 15.7064849999999989 	 37026.9242344473677804 
	 15.7158800000000021 	 37031.3661907985733706 
	 15.7252749999999999 	 37035.8028168717355584 
	 15.7346700000000013 	 37040.2341216939530568 
	 15.7440649999999991 	 37044.6601142922736472 
	 15.7534600000000005 	 37049.0808036937814904 
	 15.7628549999999983 	 37053.4961989255607477 
	 15.7722499999999997 	 37057.9063090146810282 
	 15.7816449999999993 	 37062.3111429881973891 
	 15.7910399999999989 	 37066.7107098732230952 
	 15.8004350000000002 	 37071.1050186968059279 
	 15.8098300000000016 	 37075.4940786277438747 
	 15.8192249999999994 	 37079.8778993282030569 
	 15.8286200000000008 	 37084.2564905676990747 
	 15.8380150000000004 	 37088.6298621157548041 
	 15.8474100000000000 	 37092.9980237419003970 
	 15.8568049999999996 	 37097.3609852156223496 
	 15.8662000000000010 	 37101.7187563064508140 
	 15.8755949999999988 	 37106.0713467838868382 
	 15.8849900000000002 	 37110.4187664174751262 
	 15.8943849999999998 	 37114.7610249767021742 
	 15.9037800000000011 	 37119.0981322151346831 
	 15.9131749999999990 	 37123.4300972744022147 
	 15.9225700000000003 	 37127.7569285061254050 
	 15.9319649999999999 	 37132.0786342096107546 
	 15.9413599999999995 	 37136.3952226841356605 
	 15.9507549999999991 	 37140.7067022290284513 
	 15.9601500000000005 	 37145.0130811435883516 
	 15.9695449999999983 	 37149.3143677271000342 
	 15.9789400000000015 	 37153.6105702788627241 
	 15.9883350000000011 	 37157.9016970981974737 
	 15.9977300000000007 	 37162.1877564843962318 
	 16.0071249999999985 	 37166.4687568338777055 
	 16.0165199999999999 	 37170.7447073651055689 
	 16.0259150000000012 	 37175.0156177101598587 
	 16.0353100000000026 	 37179.2814975042347214 
	 16.0447050000000004 	 37183.5423563825752353 
	 16.0541000000000018 	 37187.7982039803900989 
	 16.0634949999999996 	 37192.0490499328952865 
	 16.0728900000000010 	 37196.2949038752994966 
	 16.0822849999999988 	 37200.5357754428478074 
	 16.0916800000000002 	 37204.7716742707343656 
	 16.1010749999999980 	 37209.0026099938040716 
	 16.1104699999999994 	 37213.2285918978086556 
	 16.1198650000000008 	 37217.4496282740437891 
	 16.1292600000000022 	 37221.6657272378433845 
	 16.1386550000000000 	 37225.8768969045631820 
	 16.1480500000000013 	 37230.0831453895370942 
	 16.1574449999999992 	 37234.2844808080990333 
	 16.1668400000000005 	 37238.4809112756338436 
	 16.1762349999999984 	 37242.6724449074608856 
	 16.1856299999999997 	 37246.8590898189213476 
	 16.1950249999999976 	 37251.0408541253782460 
	 16.2044200000000025 	 37255.2177459489757894 
	 16.2138150000000003 	 37259.3897735921054846 
	 16.2232100000000017 	 37263.5569455519071198 
	 16.2326049999999995 	 37267.7192703352120589 
	 16.2420000000000009 	 37271.8767564488007338 
	 16.2513949999999987 	 37276.0294123995263362 
	 16.2607900000000001 	 37280.1772466941984021 
	 16.2701850000000015 	 37284.3202678396191914 
	 16.2795799999999993 	 37288.4584843426127918 
	 16.2889750000000006 	 37292.5919047100178432 
	 16.2983700000000020 	 37296.7205374486075016 
	 16.3077649999999998 	 37300.8443910304267774 
	 16.3171600000000012 	 37304.9634736910375068 
	 16.3265549999999990 	 37309.0777935676596826 
	 16.3359500000000004 	 37313.1873587972149835 
	 16.3453449999999982 	 37317.2921775166105363 
	 16.3547399999999996 	 37321.3922578627389157 
	 16.3641349999999974 	 37325.4876079725145246 
	 16.3735299999999988 	 37329.5782359828517656 
	 16.3829250000000002 	 37333.6641500306650414 
	 16.3923200000000016 	 37337.7453582528250990 
	 16.4017150000000029 	 37341.8218687861663057 
	 16.4111100000000008 	 37345.8936897352250526 
	 16.4205050000000021 	 37349.9608291290496709 
	 16.4299000000000035 	 37354.0232949858836946 
	 16.4392950000000013 	 37358.0810953239706578 
	 16.4486900000000027 	 37362.1342381615613704 
	 16.4580850000000005 	 37366.1827315168993664 
	 16.4674800000000019 	 37370.2265834082281799 
	 16.4768749999999997 	 37374.2658018537840690 
	 16.4862699999999975 	 37378.3003948718105676 
	 16.4956649999999989 	 37382.3303704805512098 
	 16.5050599999999967 	 37386.3557367014727788 
	 16.5144549999999981 	 37390.3765016182223917 
	 16.5238499999999959 	 37394.3926733706612140 
	 16.5332449999999973 	 37398.4042601006512996 
	 16.5426399999999987 	 37402.4112699501056341 
	 16.5520349999999965 	 37406.4137110608717194 
	 16.5614300000000014 	 37410.4115915748843690 
	 16.5708250000000028 	 37414.4049196339910850 
	 16.5802200000000006 	 37418.3937033800830250 
	 16.5896150000000020 	 37422.3779509550586226 
	 16.5990099999999998 	 37426.3576705007944838 
	 16.6084050000000012 	 37430.3328700129495701 
	 16.6177999999999990 	 37434.3035566832331824 
	 16.6271950000000004 	 37438.2697374285125989 
	 16.6365899999999982 	 37442.2314191653640592 
	 16.6459849999999996 	 37446.1886088104147348 
	 16.6553799999999974 	 37450.1413132802845212 
	 16.6647749999999988 	 37454.0895394915787620 
	 16.6741700000000002 	 37458.0332943609028007 
	 16.6835649999999980 	 37461.9725848048765329 
	 16.6929599999999994 	 37465.9074177400980261 
	 16.7023550000000007 	 37469.8378000831871759 
	 16.7117499999999986 	 37473.7637387507566018 
	 16.7211449999999999 	 37477.6852406594043714 
	 16.7305400000000013 	 37481.6023127257794840 
	 16.7399350000000027 	 37485.5149618664363516 
	 16.7493300000000005 	 37489.4231949980239733 
	 16.7587250000000019 	 37493.3270190371404169 
	 16.7681199999999997 	 37497.2264409003983019 
	 16.7775150000000011 	 37501.1214675044175237 
	 16.7869099999999989 	 37505.0121057657888741 
	 16.7963050000000003 	 37508.8983626011322485 
	 16.8056999999999981 	 37512.7802450090166531 
	 16.8150949999999995 	 37516.6577611820175662 
	 16.8244899999999973 	 37520.5309202158750850 
	 16.8338849999999987 	 37524.3997312286228407 
	 16.8432800000000000 	 37528.2642033382871887 
	 16.8526749999999979 	 37532.1243456629017601 
	 16.8620699999999992 	 37535.9801673205220141 
	 16.8714650000000006 	 37539.8316774291670299 
	 16.8808599999999984 	 37543.6788851068704389 
	 16.8902549999999998 	 37547.5217994716804242 
	 16.8996499999999976 	 37551.3604296416160651 
	 16.9090450000000025 	 37555.1947842288645916 
	 16.9184400000000004 	 37559.0248695824993774 
	 16.9278350000000017 	 37562.8506914191311807 
	 16.9372299999999996 	 37566.6722554552907241 
	 16.9466250000000009 	 37570.4895674075305578 
	 16.9560199999999988 	 37574.3026329924032325 
	 16.9654150000000001 	 37578.1114579264540225 
	 16.9748100000000015 	 37581.9160479262354784 
	 16.9842049999999993 	 37585.7164087082928745 
	 16.9936000000000007 	 37589.5125459891642095 
	 17.0029950000000021 	 37593.3044654943951173 
	 17.0123899999999999 	 37597.0921735492447624 
	 17.0217850000000013 	 37600.8756774455396226 
	 17.0311799999999991 	 37604.6549845627014292 
	 17.0405750000000005 	 37608.4301022801591898 
	 17.0499699999999983 	 37612.2010379773273598 
	 17.0593649999999997 	 37615.9677990336276707 
	 17.0687599999999975 	 37619.7303928284745780 
	 17.0781549999999989 	 37623.4888267413189169 
	 17.0875500000000002 	 37627.2431081515678670 
	 17.0969450000000016 	 37630.9932444386358839 
	 17.1063399999999994 	 37634.7392429390456527 
	 17.1157350000000008 	 37638.4811105050175684 
	 17.1251299999999986 	 37642.2188536830726662 
	 17.1345250000000000 	 37645.9524790149152977 
	 17.1439200000000014 	 37649.6819930422425386 
	 17.1533149999999992 	 37653.4074023067878443 
	 17.1627100000000006 	 37657.1287133502628421 
	 17.1721050000000020 	 37660.8459327143573319 
	 17.1814999999999998 	 37664.5590669408120448 
	 17.1908950000000011 	 37668.2681225713313324 
	 17.2002899999999990 	 37671.9731061475977185 
	 17.2096850000000003 	 37675.6740242082960322 
	 17.2190799999999982 	 37679.3708832808333682 
	 17.2284749999999995 	 37683.0636898901429959 
	 17.2378699999999974 	 37686.7524505610927008 
	 17.2472649999999987 	 37690.4371718185939244 
	 17.2566599999999966 	 37694.1178601875217282 
	 17.2660550000000015 	 37697.7945221927875536 
	 17.2754500000000029 	 37701.4671643592882901 
	 17.2848450000000007 	 37705.1357932118989993 
	 17.2942400000000021 	 37708.8004152755311225 
	 17.3036350000000034 	 37712.4610370769805741 
	 17.3130300000000013 	 37716.1176652227513841 
	 17.3224250000000026 	 37719.7703064265224384 
	 17.3318200000000004 	 37723.4189674095614464 
	 17.3412150000000018 	 37727.0636548931070138 
	 17.3506099999999996 	 37730.7043755983904703 
	 17.3600050000000010 	 37734.3411362466722494 
	 17.3693999999999988 	 37737.9739435591764050 
	 17.3787950000000002 	 37741.6028042571560945 
	 17.3881899999999980 	 37745.2277250618426478 
	 17.3975849999999994 	 37748.8487126945037744 
	 17.4069799999999972 	 37752.4657738084497396 
	 17.4163749999999986 	 37756.0789144518930698 
	 17.4257699999999964 	 37759.6881403553416021 
	 17.4351649999999978 	 37763.2934572465310339 
	 17.4445600000000027 	 37766.8948708531752345 
	 17.4539550000000006 	 37770.4923869029662455 
	 17.4633500000000019 	 37774.0860111236470402 
	 17.4727450000000033 	 37777.6757492429169361 
	 17.4821400000000011 	 37781.2616069885189063 
	 17.4915350000000025 	 37784.8435900881158886 
	 17.5009300000000003 	 37788.4217042696327553 
	 17.5103250000000017 	 37791.9959554990637116 
	 17.5197199999999995 	 37795.5663504519325215 
	 17.5291150000000009 	 37799.1328959354068502 
	 17.5385099999999987 	 37802.6955987565961550 
	 17.5479050000000001 	 37806.2544657226753770 
	 17.5572999999999979 	 37809.8095036407685257 
	 17.5666949999999993 	 37813.3607193180214381 
	 17.5760900000000007 	 37816.9081195615945035 
	 17.5854849999999985 	 37820.4517111785899033 
	 17.5948799999999999 	 37823.9915009761825786 
	 17.6042750000000012 	 37827.5274957413421362 
	 17.6136700000000026 	 37831.0597016823885497 
	 17.6230650000000040 	 37834.5881243569019716 
	 17.6324600000000018 	 37838.1127692878362723 
	 17.6418550000000032 	 37841.6336419981089421 
	 17.6512500000000010 	 37845.1507480106884032 
	 17.6606449999999988 	 37848.6640928485139739 
	 17.6700400000000002 	 37852.1736820345322485 
	 17.6794349999999980 	 37855.6795210916898213 
	 17.6888299999999994 	 37859.1816155429114588 
	 17.6982249999999972 	 37862.6799709111583070 
	 17.7076199999999986 	 37866.1745927648298675 
	 17.7170150000000000 	 37869.6654869966223487 
	 17.7264099999999978 	 37873.1526596401454299 
	 17.7358049999999992 	 37876.6361167295835912 
	 17.7452000000000005 	 37880.1158642991067609 
	 17.7545949999999984 	 37883.5919083828921430 
	 17.7639899999999997 	 37887.0642550151096657 
	 17.7733849999999975 	 37890.5329102299365331 
	 17.7827799999999989 	 37893.9978800615717773 
	 17.7921750000000003 	 37897.4591705441707745 
	 17.8015700000000017 	 37900.9167877117797616 
	 17.8109649999999995 	 37904.3707375549129210 
	 17.8203600000000009 	 37907.8210259574261727 
	 17.8297549999999987 	 37911.2676587871901575 
	 17.8391500000000001 	 37914.7106419120536884 
	 17.8485450000000014 	 37918.1499811998874065 
	 17.8579399999999993 	 37921.5856825185474008 
	 17.8673350000000006 	 37925.0177517358752084 
	 17.8767300000000020 	 37928.4461947197341942 
	 17.8861249999999998 	 37931.8710173380168271 
	 17.8955200000000012 	 37935.2922254585282644 
	 17.9049149999999990 	 37938.7098249348709942 
	 17.9143100000000004 	 37942.1238213246106170 
	 17.9237049999999982 	 37945.5342199068400078 
	 17.9330999999999996 	 37948.9410259497162770 
	 17.9424949999999974 	 37952.3442447214911226 
	 17.9518899999999988 	 37955.7438814903289312 
	 17.9612849999999966 	 37959.1399415244304691 
	 17.9706800000000015 	 37962.5324300920401583 
	 17.9800749999999994 	 37965.9213524613151094 
	 17.9894700000000007 	 37969.3067139004851924 
	 17.9988649999999986 	 37972.6885196777438978 
	 18.0082599999999999 	 37976.0667751440632856 
	 18.0176550000000013 	 37979.4414861274926807 
	 18.0270499999999991 	 37982.8126586266735103 
	 18.0364450000000005 	 37986.1802986405091360 
	 18.0458400000000019 	 37989.5444121678519878 
	 18.0552349999999997 	 37992.9050052075617714 
	 18.0646300000000011 	 37996.2620837585564004 
	 18.0740249999999989 	 37999.6156538196664769 
	 18.0834200000000003 	 38002.9657213897808106 
	 18.0928149999999981 	 38006.3122924677591072 
	 18.1022099999999995 	 38009.6553730501909740 
	 18.1116049999999973 	 38012.9949688105989480 
	 18.1209999999999987 	 38016.3310847691464005 
	 18.1303949999999965 	 38019.6637258670889423 
	 18.1397899999999979 	 38022.9928970457040123 
	 18.1491850000000028 	 38026.3186032462836010 
	 18.1585800000000006 	 38029.6408494100978714 
	 18.1679750000000020 	 38032.9596404784315382 
	 18.1773700000000034 	 38036.2749813925765920 
	 18.1867650000000012 	 38039.5868770938031957 
	 18.1961600000000026 	 38042.8953325233887881 
	 18.2055550000000004 	 38046.2003526343032718 
	 18.2149500000000018 	 38049.5019425605569268 
	 18.2243449999999996 	 38052.8001075786960428 
	 18.2337400000000009 	 38056.0948529691959266 
	 18.2431349999999988 	 38059.3861840124809532 
	 18.2525300000000001 	 38062.6741059890191536 
	 18.2619249999999980 	 38065.9586241792494548 
	 18.2713199999999993 	 38069.2397438635962317 
	 18.2807149999999972 	 38072.5174703225202393 
	 18.2901099999999985 	 38075.7918088364458526 
	 18.2995049999999964 	 38079.0627646858483786 
	 18.3088999999999977 	 38082.3303431849708431 
	 18.3182949999999991 	 38085.5945498066212167 
	 18.3276900000000005 	 38088.8553900699771475 
	 18.3370850000000019 	 38092.1128694942017319 
	 18.3464800000000032 	 38095.3669935985089978 
	 18.3558750000000011 	 38098.6177679020765936 
	 18.3652700000000024 	 38101.8651979240894434 
	 18.3746650000000002 	 38105.1092891837470233 
	 18.3840600000000016 	 38108.3500472002124297 
	 18.3934549999999994 	 38111.5874774926851387 
	 18.4028500000000008 	 38114.8215855759481201 
	 18.4122449999999986 	 38118.0523766320329742 
	 18.4216400000000000 	 38121.2798552841559285 
	 18.4310349999999978 	 38124.5040261020039907 
	 18.4404299999999992 	 38127.7248936552350642 
	 18.4498250000000006 	 38130.9424625135434326 
	 18.4592199999999984 	 38134.1567372466161032 
	 18.4686149999999998 	 38137.3677224241546355 
	 18.4780100000000012 	 38140.5754226157951052 
	 18.4874049999999990 	 38143.7798423912536236 
	 18.4968000000000004 	 38146.9809863202171982 
	 18.5061950000000017 	 38150.1788590048454353 
	 18.5155900000000031 	 38153.3734654350701021 
	 18.5249850000000009 	 38156.5648108559180400 
	 18.5343800000000023 	 38159.7529005168689764 
	 18.5437750000000001 	 38162.9377396674244665 
	 18.5531700000000015 	 38166.1193335570642375 
	 18.5625649999999993 	 38169.2976874352971208 
	 18.5719600000000007 	 38172.4728065516028437 
	 18.5813549999999985 	 38175.6446961554829613 
	 18.5907499999999999 	 38178.8133614964317530 
	 18.6001449999999977 	 38181.9788078239362221 
	 18.6095399999999991 	 38185.1410402785768383 
	 18.6189350000000005 	 38188.3000635850112303 
	 18.6283299999999983 	 38191.4558823686311371 
	 18.6377249999999997 	 38194.6085012548428494 
	 18.6471200000000010 	 38197.7579248690090026 
	 18.6565149999999988 	 38200.9041578365067835 
	 18.6659100000000002 	 38204.0472047827424831 
	 18.6753050000000016 	 38207.1870703330932884 
	 18.6847000000000030 	 38210.3237591129436623 
	 18.6940950000000008 	 38213.4572757476707920 
	 18.7034900000000022 	 38216.5876248649001354 
	 18.7128850000000000 	 38219.7148111953210901 
	 18.7222800000000014 	 38222.8388396139707766 
	 18.7316749999999992 	 38225.9597150066620088 
	 18.7410700000000006 	 38229.0774422592221526 
	 18.7504650000000019 	 38232.1920262574785738 
	 18.7598599999999998 	 38235.3034718872440862 
	 18.7692550000000011 	 38238.4117840343606076 
	 18.7786500000000025 	 38241.5169675846263999 
	 18.7880450000000003 	 38244.6190274238688289 
	 18.7974400000000017 	 38247.7179684379152604 
	 18.8068349999999995 	 38250.8137954934354639 
	 18.8162300000000009 	 38253.9065132770629134 
	 18.8256249999999987 	 38256.9961263769437210 
	 18.8350199999999965 	 38260.0826393801980885 
	 18.8444149999999979 	 38263.1660568739243899 
	 18.8538099999999993 	 38266.2463834452355513 
	 18.8632050000000007 	 38269.3236236812663265 
	 18.8725999999999985 	 38272.3977821691223653 
	 18.8819949999999999 	 38275.4688634959165938 
	 18.8913900000000012 	 38278.5368722487619380 
	 18.9007849999999991 	 38281.6018130147785996 
	 18.9101800000000004 	 38284.6636903733524377 
	 18.9195750000000018 	 38287.7225088798659272 
	 18.9289699999999996 	 38290.7782730849503423 
	 18.9383650000000010 	 38293.8309875393169932 
	 18.9477599999999988 	 38296.8806567936480860 
	 18.9571550000000002 	 38299.9272853985967231 
	 18.9665499999999980 	 38302.9708779048523866 
	 18.9759449999999994 	 38306.0114388631045585 
	 18.9853399999999972 	 38309.0489728240281693 
	 18.9947349999999986 	 38312.0834843382908730 
	 19.0041299999999964 	 38315.1149779526676866 
	 19.0135249999999978 	 38318.1434580928762443 
	 19.0229199999999992 	 38321.1689290427821106 
	 19.0323150000000005 	 38324.1913950782109168 
	 19.0417100000000019 	 38327.2108604750028462 
	 19.0511050000000033 	 38330.2273295089689782 
	 19.0605000000000011 	 38333.2408064559276681 
	 19.0698950000000025 	 38336.2512955917263753 
	 19.0792900000000003 	 38339.2588011921543512 
	 19.0886850000000017 	 38342.2633275330736069 
	 19.0980799999999995 	 38345.2648788903024979 
	 19.1074750000000009 	 38348.2634595649215044 
	 19.1168699999999987 	 38351.2590740474770428 
	 19.1262650000000001 	 38354.2517269144518650 
	 19.1356599999999979 	 38357.2414227427507285 
	 19.1450549999999993 	 38360.2281661092856666 
	 19.1544499999999971 	 38363.2119615909905406 
	 19.1638449999999985 	 38366.1928137647264521 
	 19.1732399999999963 	 38369.1707272074418142 
	 19.1826349999999977 	 38372.1457064960413845 
	 19.1920299999999990 	 38375.1177562074153684 
	 19.2014249999999969 	 38378.0868809182138648 
	 19.2108200000000018 	 38381.0530850792056299 
	 19.2202150000000032 	 38384.0163728192273993 
	 19.2296100000000010 	 38386.9767482163952081 
	 19.2390050000000024 	 38389.9342153487596079 
	 19.2484000000000002 	 38392.8887782944366336 
	 19.2577950000000016 	 38395.8404411314913887 
	 19.2671899999999994 	 38398.7892079380180803 
	 19.2765850000000007 	 38401.7350827921254677 
	 19.2859799999999986 	 38404.6780697718713782 
	 19.2953749999999999 	 38407.6181729553645710 
	 19.3047699999999978 	 38410.5553964239952620 
	 19.3141649999999991 	 38413.4897443333175033 
	 19.3235600000000005 	 38416.4212209113902645 
	 19.3329549999999983 	 38419.3498303893356933 
	 19.3423499999999997 	 38422.2755769983123173 
	 19.3517450000000011 	 38425.1984649694350082 
	 19.3611399999999989 	 38428.1184985338477418 
	 19.3705350000000003 	 38431.0356819226872176 
	 19.3799300000000017 	 38433.9500193670828594 
	 19.3893250000000030 	 38436.8615150981713668 
	 19.3987200000000009 	 38439.7701733470894396 
	 19.4081150000000022 	 38442.6759983326046495 
	 19.4175100000000000 	 38445.5789941987459315 
	 19.4269050000000014 	 38448.4791650615879917 
	 19.4362999999999992 	 38451.3765150371691561 
	 19.4456950000000006 	 38454.2710482415204751 
	 19.4550899999999984 	 38457.1627687906657229 
	 19.4644849999999998 	 38460.0516808006505016 
	 19.4738799999999976 	 38462.9377883874767576 
	 19.4832749999999990 	 38465.8210956672191969 
	 19.4926700000000004 	 38468.7016067558579380 
	 19.5020649999999982 	 38471.5793257691912004 
	 19.5114599999999996 	 38474.4542567777898512 
	 19.5208550000000010 	 38477.3264037567860214 
	 19.5302499999999988 	 38480.1957706692774082 
	 19.5396450000000002 	 38483.0623614783253288 
	 19.5490399999999980 	 38485.9261801469547208 
	 19.5584349999999993 	 38488.7872306382632814 
	 19.5678300000000007 	 38491.6455169153050520 
	 19.5772250000000021 	 38494.5010429411195219 
	 19.5866199999999999 	 38497.3538126788043883 
	 19.5960150000000013 	 38500.2038300913845887 
	 19.6054099999999991 	 38503.0510991469200235 
	 19.6148050000000005 	 38505.8956238954633591 
	 19.6242000000000019 	 38508.7374084543698700 
	 19.6335949999999997 	 38511.5764569429666153 
	 19.6429900000000011 	 38514.4127734806097578 
	 19.6523850000000024 	 38517.2463621866627363 
	 19.6617800000000003 	 38520.0772271804162301 
	 19.6711750000000016 	 38522.9053725812555058 
	 19.6805699999999995 	 38525.7308025084785186 
	 19.6899650000000008 	 38528.5535210814632592 
	 19.6993599999999986 	 38531.3735324195222347 
	 19.7087550000000000 	 38534.1908405826252420 
	 19.7181499999999978 	 38537.0054493391071446 
	 19.7275449999999992 	 38539.8173623679540469 
	 19.7369400000000006 	 38542.6265833481593290 
	 19.7463350000000020 	 38545.4331159586945432 
	 19.7557299999999998 	 38548.2369638785312418 
	 19.7651250000000012 	 38551.0381307866555289 
	 19.7745199999999990 	 38553.8366203620244050 
	 19.7839150000000004 	 38556.6324362836385262 
	 19.7933100000000017 	 38559.4255822304621688 
	 19.8027049999999996 	 38562.2160618816415081 
	 19.8121000000000009 	 38565.0038789321406512 
	 19.8214950000000023 	 38567.7890371045141364 
	 19.8308900000000001 	 38570.5715401241322979 
	 19.8402850000000015 	 38573.3513917163436417 
	 19.8496799999999993 	 38576.1285956065330538 
	 19.8590750000000007 	 38578.9031555200344883 
	 19.8684699999999985 	 38581.6750751822255552 
	 19.8778649999999999 	 38584.4443583184838644 
	 19.8872599999999977 	 38587.2110086541433702 
	 19.8966549999999991 	 38589.9750299145816825 
	 19.9060499999999969 	 38592.7364258324305410 
	 19.9154450000000018 	 38595.4952002323479974 
	 19.9248400000000032 	 38598.2513570020382758 
	 19.9342350000000010 	 38601.0049000304352376 
	 19.9436300000000024 	 38603.7558332064727438 
	 19.9530250000000038 	 38606.5041604190919315 
	 19.9624200000000016 	 38609.2498855572339380 
	 19.9718150000000030 	 38611.9930125098253484 
	 19.9812100000000008 	 38614.7335451658000238 
	 19.9906050000000022 	 38617.4714874141136534 
	 20.0000000000000000 	 38620.2068431436928222 
