	 1.2100000000000000 	 67428.9711579792201519 
	 1.2193950000000000 	 66354.1786628980044043 
	 1.2287900000000000 	 65306.4215377003929461 
	 1.2381850000000001 	 64284.8143166525842389 
	 1.2475799999999999 	 63288.5305590441712411 
	 1.2569750000000002 	 62316.7681979382905411 
	 1.2663700000000000 	 61368.7817730132737779 
	 1.2757650000000000 	 60443.8666154613383696 
	 1.2851600000000001 	 59541.3489571897007409 
	 1.2945550000000001 	 58660.5909521201610914 
	 1.3039499999999999 	 57800.9858063169594971 
	 1.3133450000000000 	 56961.9552679449916468 
	 1.3227400000000000 	 56142.9485016452017589 
	 1.3321350000000001 	 55343.4396665444583050 
	 1.3415300000000001 	 54562.9257508789523854 
	 1.3509249999999999 	 53800.9261354984118952 
	 1.3603200000000000 	 53056.9796072581593762 
	 1.3697150000000000 	 52330.6441910014837049 
	 1.3791099999999998 	 51621.4952660429771640 
	 1.3885049999999999 	 50929.1237736196344486 
	 1.3978999999999999 	 50253.1363750847012852 
	 1.4072950000000000 	 49593.1541103788767941 
	 1.4166900000000000 	 48948.8101435344360652 
	 1.4260850000000000 	 48319.7513869907561457 
	 1.4354799999999999 	 47705.6354995915899053 
	 1.4448749999999999 	 47106.1307546803072910 
	 1.4542700000000000 	 46520.9168317941512214 
	 1.4636650000000000 	 45949.6816637172159972 
	 1.4730600000000000 	 45392.1225514288744307 
	 1.4824550000000001 	 44847.9466767747871927 
	 1.4918499999999999 	 44316.8670427128527081 
	 1.5012450000000002 	 43798.6056529290945036 
	 1.5106400000000000 	 43292.8931967559692566 
	 1.5200350000000000 	 42799.4638676146860234 
	 1.5294300000000001 	 42318.0606329071160872 
	 1.5388250000000001 	 41848.4325674726860598 
	 1.5482200000000002 	 41390.3340540527569829 
	 1.5576150000000002 	 40943.5258056819002377 
	 1.5670099999999998 	 40507.7732357707282063 
	 1.5764049999999998 	 40082.8476505052603898 
	 1.5857999999999999 	 39668.5252253982689581 
	 1.5951949999999999 	 39264.5861491758478223 
	 1.6045900000000000 	 38870.8158760448932298 
	 1.6139850000000000 	 38487.0043951908955933 
	 1.6233799999999998 	 38112.9452942498610355 
	 1.6327749999999999 	 37748.4365557781493408 
	 1.6421699999999999 	 37393.2803236323015881 
	 1.6515649999999999 	 37047.2821339470829116 
	 1.6609600000000000 	 36710.2512963633780601 
	 1.6703550000000000 	 36382.0011363060839358 
	 1.6797499999999999 	 36062.3472503493248951 
	 1.6891450000000001 	 35751.1093043688742910 
	 1.6985399999999999 	 35448.1103295992579660 
	 1.7079350000000000 	 35153.1760430069334689 
	 1.7173300000000000 	 34866.1353493343849550 
	 1.7267250000000001 	 34586.8198813183116727 
	 1.7361199999999999 	 34315.0639879135778756 
	 1.7455150000000001 	 34050.7055156042770250 
	 1.7549100000000000 	 33793.5838306280929828 
	 1.7643049999999998 	 33543.5418350392501452 
	 1.7736999999999998 	 33300.4249193722571363 
	 1.7830949999999999 	 33064.0801725459969020 
	 1.7924899999999999 	 32834.3580245864723111 
	 1.8018850000000000 	 32611.1105198723271315 
	 1.8112800000000000 	 32394.1930791405357013 
	 1.8206750000000000 	 32183.4619657999137416 
	 1.8300700000000001 	 31978.7768475267512258 
	 1.8394650000000001 	 31779.9989380087899917 
	 1.8488600000000002 	 31586.9916184938119841 
	 1.8582550000000002 	 31399.6209164599640644 
	 1.8676499999999998 	 31217.7549119477080239 
	 1.8770449999999999 	 31041.2630509870141395 
	 1.8864399999999999 	 30870.0161553988764354 
	 1.8958349999999999 	 30703.8932911364390748 
	 1.9052300000000000 	 30542.7528285565458646 
	 1.9146250000000000 	 30386.5411037733938429 
	 1.9240199999999998 	 30235.0895938014982676 
	 1.9334150000000001 	 30088.2095755377195019 
	 1.9428099999999999 	 29945.8623395859467564 
	 1.9522050000000000 	 29807.9157617980345094 
	 1.9616000000000000 	 29674.2618950230826158 
	 1.9709950000000001 	 29544.7886297351506073 
	 1.9803900000000001 	 29419.3876816735501052 
	 1.9897850000000001 	 29297.9515938828626531 
	 1.9991800000000000 	 29180.3754202687705401 
	 2.0085750000000000 	 29066.5556043183278234 
	 2.0179700000000000 	 28956.3903067959690816 
	 2.0273649999999996 	 28849.7798876276137889 
	 2.0367600000000001 	 28746.6262159816506028 
	 2.0461549999999997 	 28646.8334954981946794 
	 2.0555499999999998 	 28550.3065140563121531 
	 2.0649449999999998 	 28456.9542942022781062 
	 2.0743399999999999 	 28366.6792502427524596 
	 2.0837349999999999 	 28279.4178056590280903 
	 2.0931299999999999 	 28195.0730575669513200 
	 2.1025250000000000 	 28113.5166488160502922 
	 2.1119199999999996 	 28034.7028318389893684 
	 2.1213150000000001 	 27958.5423231169916107 
	 2.1307099999999997 	 27884.9561754625683534 
	 2.1401050000000001 	 27813.8656277875488740 
	 2.1494999999999997 	 27745.1941358443655190 
	 2.1588950000000002 	 27678.8662052730178402 
	 2.1682899999999998 	 27614.8087660673154460 
	 2.1776850000000003 	 27552.9499410312637337 
	 2.1870799999999999 	 27493.2198312044201884 
	 2.1964750000000000 	 27435.5505157407751540 
	 2.2058700000000000 	 27379.8752198105903517 
	 2.2152650000000000 	 27326.1292617369363143 
	 2.2246600000000001 	 27274.2493670759977249 
	 2.2340550000000001 	 27224.1739998145094432 
	 2.2434500000000002 	 27175.8435859881828947 
	 2.2528449999999998 	 27129.1998600033111870 
	 2.2622400000000003 	 27084.1860834130493458 
	 2.2716349999999998 	 27040.7470720068777155 
	 2.2810300000000003 	 26998.8299911127214727 
	 2.2904249999999999 	 26958.3825665680633392 
	 2.2998200000000000 	 26919.3544601875109947 
	 2.3092150000000000 	 26881.6969702205169597 
	 2.3186100000000001 	 26845.3626674018887570 
	 2.3280050000000001 	 26810.3057132983813062 
	 2.3373999999999997 	 26776.4807019105428481 
	 2.3467950000000002 	 26743.8495083793677622 
	 2.3561899999999998 	 26712.3453400286198303 
	 2.3655850000000003 	 26681.9581715263047954 
	 2.3749799999999999 	 26652.6442593951796880 
	 2.3843749999999999 	 26624.3921305074109114 
	 2.3937700000000000 	 26597.1436209903258714 
	 2.4031650000000000 	 26570.8108119969729159 
	 2.4125600000000000 	 26545.4122821239434415 
	 2.4219550000000001 	 26520.9030138831767545 
	 2.4313500000000001 	 26497.2557006524184544 
	 2.4407449999999997 	 26474.4355853768429370 
	 2.4501400000000002 	 26452.3974679153652687 
	 2.4595349999999998 	 26431.1502391947979049 
	 2.4689300000000003 	 26410.6484003971745551 
	 2.4783249999999999 	 26390.8633065977192018 
	 2.4877199999999999 	 26371.7698975373823487 
	 2.4971150000000000 	 26353.3438301359856268 
	 2.5065100000000005 	 26335.5604679481402854 
	 2.5159050000000001 	 26318.3983319382859918 
	 2.5253000000000001 	 26301.8357390792043589 
	 2.5346950000000001 	 26285.8501908813632326 
	 2.5440899999999997 	 26270.4213406814305927 
	 2.5534850000000002 	 26255.5319332685867266 
	 2.5628799999999998 	 26241.1622807020321488 
	 2.5722749999999999 	 26227.2917551750979328 
	 2.5816699999999999 	 26213.9066606041524210 
	 2.5910650000000000 	 26200.9900093500727962 
	 2.6004600000000000 	 26188.5260544010670856 
	 2.6098550000000000 	 26176.4994334515904484 
	 2.6192500000000001 	 26164.8943260201267549 
	 2.6286449999999997 	 26153.6974959667895746 
	 2.6380400000000002 	 26142.8995985495930654 
	 2.6474349999999998 	 26132.4828874796403397 
	 2.6568300000000002 	 26122.4391972282064671 
	 2.6662249999999998 	 26112.7560081353112764 
	 2.6756200000000003 	 26103.4228890575468540 
	 2.6850149999999999 	 26094.4293219164464972 
	 2.6944100000000004 	 26085.7649587574996985 
	 2.7038050000000000 	 26077.4224231715052156 
	 2.7132000000000001 	 26069.3929323238189681 
	 2.7225950000000001 	 26061.6673452913273650 
	 2.7319900000000001 	 26054.2384080405208806 
	 2.7413850000000002 	 26047.0995451835042331 
	 2.7507800000000002 	 26040.2419518099195557 
	 2.7601750000000003 	 26033.6643013142092968 
	 2.7695699999999999 	 26027.3558385399483086 
	 2.7789650000000004 	 26021.3127959501362056 
	 2.7883599999999999 	 26015.5302528053507558 
	 2.7977550000000004 	 26010.0020359565714898 
	 2.8071500000000000 	 26004.7237167661915009 
	 2.8165450000000001 	 25999.6911108615458943 
	 2.8259399999999997 	 25994.9014403445253265 
	 2.8353349999999997 	 25990.3507216385733045 
	 2.8447299999999998 	 25986.0340956878535508 
	 2.8541249999999998 	 25981.9474999968479096 
	 2.8635199999999998 	 25978.0889996274054283 
	 2.8729149999999999 	 25974.4559418891731184 
	 2.8823099999999995 	 25971.0420203049798147 
	 2.8917050000000000 	 25967.8456346324746846 
	 2.9010999999999996 	 25964.8671323890957865 
	 2.9104950000000001 	 25962.0978857346672157 
	 2.9198899999999997 	 25959.5379774642569828 
	 2.9292850000000001 	 25957.1832106905822002 
	 2.9386799999999997 	 25955.0283871424726385 
	 2.9480750000000002 	 25953.0737551535057719 
	 2.9574699999999998 	 25951.3131260732225201 
	 2.9668650000000003 	 25949.7440099889063276 
	 2.9762599999999999 	 25948.3625317659752909 
	 2.9856549999999999 	 25947.1644674518938700 
	 2.9950500000000000 	 25946.1463419717947545 
	 3.0044450000000000 	 25945.3017812988327933 
	 3.0138400000000001 	 25944.6272673153471260 
	 3.0232350000000001 	 25944.1202136124375102 
	 3.0326300000000002 	 25943.7736715944229218 
	 3.0420250000000002 	 25943.5827414598134055 
	 3.0514200000000002 	 25943.5423360232416599 
	 3.0608149999999998 	 25943.6465394045480934 
	 3.0702099999999999 	 25943.8911900116218021 
	 3.0796049999999999 	 25944.2692583473326522 
	 3.0890000000000000 	 25944.7756558501569089 
	 3.0983950000000000 	 25945.4036649707704782 
	 3.1077900000000001 	 25946.1483769165170088 
	 3.1171850000000001 	 25947.0019364572763152 
	 3.1265800000000001 	 25947.9607168326983810 
	 3.1359749999999997 	 25949.0173885557560425 
	 3.1453699999999998 	 25950.1656336174892203 
	 3.1547649999999998 	 25951.4000712735651177 
	 3.1641599999999999 	 25952.7140637452066585 
	 3.1735549999999995 	 25954.1019788384910498 
	 3.1829499999999999 	 25955.5581661932956195 
	 3.1923449999999995 	 25957.0768684697795834 
	 3.2017400000000000 	 25958.6520331969986728 
	 3.2111349999999996 	 25960.2783716724370606 
	 3.2205300000000001 	 25961.9516784695879323 
	 3.2299249999999997 	 25963.6654435512209602 
	 3.2393200000000002 	 25965.4154730390655459 
	 3.2487149999999998 	 25967.1969592418427055 
	 3.2581100000000003 	 25969.0060164104434079 
	 3.2675049999999999 	 25970.8376293746550800 
	 3.2769000000000004 	 25972.6881293724254647 
	 3.2862950000000000 	 25974.5539931707571668 
	 3.2956900000000005 	 25976.4311703254134045 
	 3.3050850000000001 	 25978.3167112993214687 
	 3.3144800000000001 	 25980.2072463380573026 
	 3.3238750000000001 	 25982.0998254412879760 
	 3.3332700000000002 	 25983.9924377476490918 
	 3.3426650000000002 	 25985.8819939959903422 
	 3.3520600000000003 	 25987.7661372274997120 
	 3.3614549999999999 	 25989.6434594336315058 
	 3.3708500000000003 	 25991.5116299779983819 
	 3.3802449999999999 	 25993.3691749864956364 
	 3.3896400000000000 	 25995.2146859855602088 
	 3.3990350000000000 	 25997.0466834358521737 
	 3.4084300000000001 	 25998.8640446859972144 
	 3.4178249999999997 	 26000.6653332497517113 
	 3.4272200000000002 	 26002.4503841502264549 
	 3.4366149999999998 	 26004.2182817650791549 
	 3.4460099999999998 	 26005.9682017559171072 
	 3.4554049999999998 	 26007.7001203018589877 
	 3.4647999999999999 	 26009.4131686559012451 
	 3.4741949999999999 	 26011.1069919581786962 
	 3.4835900000000000 	 26012.7817226109655167 
	 3.4929850000000000 	 26014.4368704162552604 
	 3.5023799999999996 	 26016.0724886024072475 
	 3.5117750000000001 	 26017.6887459411918826 
	 3.5211699999999997 	 26019.2857850356122071 
	 3.5305649999999997 	 26020.8635962458101858 
	 3.5399599999999998 	 26022.4225172741207643 
	 3.5493550000000003 	 26023.9625697409101122 
	 3.5587499999999999 	 26025.4843845921313914 
	 3.5681449999999999 	 26026.9878222344523238 
	 3.5775399999999999 	 26028.4726120520390396 
	 3.5869350000000004 	 26029.9405716395594936 
	 3.5963300000000000 	 26031.3920184493545094 
	 3.6057249999999996 	 26032.8247162011321052 
	 3.6151200000000001 	 26034.2464706350256165 
	 3.6245150000000002 	 26035.6522591912689677 
	 3.6339100000000002 	 26037.0371800782886567 
	 3.6433049999999998 	 26038.4085806426373892 
	 3.6527000000000003 	 26039.7650532285588270 
	 3.6620950000000003 	 26041.1066399103365256 
	 3.6714900000000004 	 26042.4344753371042316 
	 3.6808850000000000 	 26043.7494943755154964 
	 3.6902800000000000 	 26045.0511075699832872 
	 3.6996750000000000 	 26046.3404665129419300 
	 3.7090700000000001 	 26047.6175265408091946 
	 3.7184650000000001 	 26048.8830721462072688 
	 3.7278600000000002 	 26050.1371911924543383 
	 3.7372550000000002 	 26051.3801450732098601 
	 3.7466499999999998 	 26052.6129136631425354 
	 3.7560450000000003 	 26053.8356602365347499 
	 3.7654399999999999 	 26055.0480125808207958 
	 3.7748350000000004 	 26056.2512671155600401 
	 3.7842300000000000 	 26057.4455389036411361 
	 3.7936250000000000 	 26058.6306078598281601 
	 3.8030200000000001 	 26059.8080686838511610 
	 3.8124150000000006 	 26060.9774401634349488 
	 3.8218100000000002 	 26062.1380926023739448 
	 3.8312049999999997 	 26063.2918469992728205 
	 3.8406000000000002 	 26064.4381829382909928 
	 3.8499950000000003 	 26065.5775335639118566 
	 3.8593899999999999 	 26066.7106852989745676 
	 3.8687849999999999 	 26067.8367158417095197 
	 3.8781799999999995 	 26068.9574715470735100 
	 3.8875749999999996 	 26070.0715779191159527 
	 3.8969699999999996 	 26071.1800420793879312 
	 3.9063649999999996 	 26072.2832872172839416 
	 3.9157599999999997 	 26073.3811903887290100 
	 3.9251549999999997 	 26074.4737023922716617 
	 3.9345499999999998 	 26075.5613472987788555 
	 3.9439449999999998 	 26076.6443462384631857 
	 3.9533399999999999 	 26077.7226032161270268 
	 3.9627349999999995 	 26078.7966203921205306 
	 3.9721299999999999 	 26079.8663271139266726 
	 3.9815249999999995 	 26080.9317413035096251 
	 3.9909200000000000 	 26081.9931637929948920 
	 4.0003149999999996 	 26083.0508583491646277 
	 4.0097100000000001 	 26084.1044401694816770 
	 4.0191049999999997 	 26085.1548990040755598 
	 4.0285000000000002 	 26086.2014679701314890 
	 4.0378949999999998 	 26087.2448856967275788 
	 4.0472900000000003 	 26088.2848172064914252 
	 4.0566849999999999 	 26089.3210988765713410 
	 4.0660799999999995 	 26090.3544101348052209 
	 4.0754750000000000 	 26091.3849306035954214 
	 4.0848700000000004 	 26092.4123279189770983 
	 4.0942650000000000 	 26093.4363620104668371 
	 4.1036599999999996 	 26094.4578757618073723 
	 4.1130550000000001 	 26095.4766942397291132 
	 4.1224499999999997 	 26096.4919441847559938 
	 4.1318450000000002 	 26097.5049576102865103 
	 4.1412399999999998 	 26098.5151831101247808 
	 4.1506349999999994 	 26099.5223579105768295 
	 4.1600299999999999 	 26100.5271329773859179 
	 4.1694250000000004 	 26101.5294019512621162 
	 4.1788200000000000 	 26102.5288783842188423 
	 4.1882149999999996 	 26103.5257153271995776 
	 4.1976100000000001 	 26104.5197008343857306 
	 4.2070049999999997 	 26105.5111999859182106 
	 4.2164000000000001 	 26106.5002402966092632 
	 4.2257949999999997 	 26107.4866557427085354 
	 4.2351900000000002 	 26108.4703757210736512 
	 4.2445849999999998 	 26109.4516130640258780 
	 4.2539800000000003 	 26110.4303499500783801 
	 4.2633749999999999 	 26111.4063637796534749 
	 4.2727700000000004 	 26112.3797208136420522 
	 4.2821650000000000 	 26113.3503743051296624 
	 4.2915600000000005 	 26114.3184289663113304 
	 4.3009550000000001 	 26115.2839027237387199 
	 4.3103499999999997 	 26116.2463580996154633 
	 4.3197450000000002 	 26117.2063274839892983 
	 4.3291400000000007 	 26118.1633426631888142 
	 4.3385350000000003 	 26119.1179042745388870 
	 4.3479299999999999 	 26120.0692970742420584 
	 4.3573250000000003 	 26121.0180899803272041 
	 4.3667199999999999 	 26121.9639388864161447 
	 4.3761150000000004 	 26122.9066451697472075 
	 4.3855100000000000 	 26123.8465501391183352 
	 4.3949049999999996 	 26124.7836329459278204 
	 4.4043000000000001 	 26125.7173714824966737 
	 4.4136950000000006 	 26126.6479369430562656 
	 4.4230900000000002 	 26127.5757620917138411 
	 4.4324849999999998 	 26128.5002711305969569 
	 4.4418799999999994 	 26129.4214579750077974 
	 4.4512749999999999 	 26130.3398337105718383 
	 4.4606700000000004 	 26131.2546520939577022 
	 4.4700650000000000 	 26132.1658211434551049 
	 4.4794599999999996 	 26133.0741128786212357 
	 4.4888550000000000 	 26133.9784791215788573 
	 4.4982499999999996 	 26134.8796761885460000 
	 4.5076450000000001 	 26135.7770154038771580 
	 4.5170399999999997 	 26136.6710811037592066 
	 4.5264349999999993 	 26137.5613866296989727 
	 4.5358299999999998 	 26138.4478351768048014 
	 4.5452250000000003 	 26139.3307627441245131 
	 4.5546199999999999 	 26140.2098164309500135 
	 4.5640149999999995 	 26141.0849998654412047 
	 4.5734100000000000 	 26141.9563984636661189 
	 4.5828049999999996 	 26142.8238906545811915 
	 4.5922000000000001 	 26143.6873885390086798 
	 4.6015949999999997 	 26144.5464924511179561 
	 4.6109900000000001 	 26145.4017755084896635 
	 4.6203849999999997 	 26146.2529345348120842 
	 4.6297799999999993 	 26147.0998103041820286 
	 4.6391749999999998 	 26147.9423958788684104 
	 4.6485700000000003 	 26148.7808894385489111 
	 4.6579649999999999 	 26149.6146815469983267 
	 4.6673599999999995 	 26150.4442182586644776 
	 4.6767550000000000 	 26151.2693595187847677 
	 4.6861499999999996 	 26152.0899375138687901 
	 4.6955450000000001 	 26152.9060316082286590 
	 4.7049399999999997 	 26153.7174849719303893 
	 4.7143350000000002 	 26154.5244319665616786 
	 4.7237299999999998 	 26155.3266453550349979 
	 4.7331250000000002 	 26156.1239161466473888 
	 4.7425199999999998 	 26156.9165475410700310 
	 4.7519150000000003 	 26157.7042907099857985 
	 4.7613099999999999 	 26158.4873112231362029 
	 4.7707049999999995 	 26159.2653451592414058 
	 4.7801000000000000 	 26160.0384220526320860 
	 4.7894950000000005 	 26160.8065699919170584 
	 4.7988900000000001 	 26161.5696050655242288 
	 4.8082849999999997 	 26162.3274806595291011 
	 4.8176800000000002 	 26163.0803152303196839 
	 4.8270749999999998 	 26163.8279885317315347 
	 4.8364700000000003 	 26164.5705920674809022 
	 4.8458649999999999 	 26165.3077582016921951 
	 4.8552599999999995 	 26166.0397445251874160 
	 4.8646550000000000 	 26166.7665891538490541 
	 4.8740500000000004 	 26167.4879859312277404 
	 4.8834450000000000 	 26168.2039728111049044 
	 4.8928399999999996 	 26168.9145527304353891 
	 4.9022350000000001 	 26169.6197448899365554 
	 4.9116300000000006 	 26170.3193930111046939 
	 4.9210250000000002 	 26171.0135997003671946 
	 4.9304199999999998 	 26171.7023390657486743 
	 4.9398150000000003 	 26172.3854398840485374 
	 4.9492100000000008 	 26173.0628882817291014 
	 4.9586050000000004 	 26173.7347803312150063 
	 4.9680000000000000 	 26174.4011918315954972 
	 4.9773949999999996 	 26175.0618301739777962 
	 4.9867900000000001 	 26175.7168076943235064 
	 4.9961850000000005 	 26176.3660273578861961 
	 5.0055800000000001 	 26177.0094761777763779 
	 5.0149750000000006 	 26177.6472714973569964 
	 5.0243700000000002 	 26178.2792975487391232 
	 5.0337649999999989 	 26178.9054955778592557 
	 5.0431600000000003 	 26179.5259345539634523 
	 5.0525549999999999 	 26180.1405730440856132 
	 5.0619499999999995 	 26180.7493490496999584 
	 5.0713449999999991 	 26181.3522356267603755 
	 5.0807400000000005 	 26181.9492987129924586 
	 5.0901350000000001 	 26182.5405322746555612 
	 5.0995299999999997 	 26183.1258394166543439 
	 5.1089249999999993 	 26183.7052846242186206 
	 5.1183200000000006 	 26184.2788147925275553 
	 5.1277150000000002 	 26184.8463427856368071 
	 5.1371099999999998 	 26185.4081855677468411 
	 5.1465049999999994 	 26185.9639640071800386 
	 5.1558999999999999 	 26186.5137798458854377 
	 5.1652949999999995 	 26187.0577270086760109 
	 5.1746900000000000 	 26187.5957769550514058 
	 5.1840849999999996 	 26188.1279279788941494 
	 5.1934800000000001 	 26188.6540445579921652 
	 5.2028749999999997 	 26189.1742300476544187 
	 5.2122700000000002 	 26189.6885782991921587 
	 5.2216649999999998 	 26190.1969919643161120 
	 5.2310600000000003 	 26190.6994718640089559 
	 5.2404549999999999 	 26191.1959430045681074 
	 5.2498499999999995 	 26191.6865082330878067 
	 5.2592449999999999 	 26192.1713218478726048 
	 5.2686400000000004 	 26192.6501043348253006 
	 5.2780350000000000 	 26193.1230457496603776 
	 5.2874299999999996 	 26193.5901247001602314 
	 5.2968249999999992 	 26194.0513146808007150 
	 5.3062200000000006 	 26194.5066591951181181 
	 5.3156150000000002 	 26194.9561217931004649 
	 5.3250099999999998 	 26195.3997712117052288 
	 5.3344049999999994 	 26195.8376569019455928 
	 5.3437999999999999 	 26196.2697212772836792 
	 5.3531950000000004 	 26196.6959959910236648 
	 5.3625900000000000 	 26197.1165394249946985 
	 5.3719849999999996 	 26197.5313441714388318 
	 5.3813800000000001 	 26197.9404334883038246 
	 5.3907749999999997 	 26198.3438485605292954 
	 5.4001700000000001 	 26198.7415909013725468 
	 5.4095649999999997 	 26199.1336157335754251 
	 5.4189600000000002 	 26199.5200947887133225 
	 5.4283549999999998 	 26199.9009727295051562 
	 5.4377500000000003 	 26200.2763126263307640 
	 5.4471449999999999 	 26200.6460699153503811 
	 5.4565400000000004 	 26201.0103902904884308 
	 5.4659350000000000 	 26201.3692537823480961 
	 5.4753299999999996 	 26201.7226170746907883 
	 5.4847250000000001 	 26202.0705986190660042 
	 5.4941200000000006 	 26202.4132371027735644 
	 5.5035150000000002 	 26202.7505239249003353 
	 5.5129099999999998 	 26203.0825144201116927 
	 5.5223049999999994 	 26203.4092434837039036 
	 5.5317000000000007 	 26203.7307521740149241 
	 5.5410950000000003 	 26204.0470967459696112 
	 5.5504899999999999 	 26204.3583133719148464 
	 5.5598849999999995 	 26204.6644028588780202 
	 5.5692800000000009 	 26204.9654383858542133 
	 5.5786750000000005 	 26205.2615149099219707 
	 5.5880700000000001 	 26205.5526537580881268 
	 5.5974649999999997 	 26205.8388088030842482 
	 5.6068600000000011 	 26206.1201132078822411 
	 5.6162549999999998 	 26206.3967683265873347 
	 5.6256499999999994 	 26206.6680339035156067 
	 5.6350449999999999 	 26206.9368103623783099 
	 5.6444399999999995 	 26207.1930665428117209 
	 5.6538349999999999 	 26207.4739890010278032 
	 5.6632300000000004 	 26207.7649311281857081 
	 5.6726250000000000 	 26208.0069857724629401 
	 5.6820199999999996 	 26208.2529246644880914 
	 5.6914149999999992 	 26208.4924540951396921 
	 5.7008099999999997 	 26208.7280854124219331 
	 5.7102050000000002 	 26208.9593525771233544 
	 5.7195999999999998 	 26209.1864078931794211 
	 5.7289949999999994 	 26209.4091385407264170 
	 5.7383899999999999 	 26209.6288322762011376 
	 5.7477850000000004 	 26209.8393382581525657 
	 5.7571800000000000 	 26210.0817633124061103 
	 5.7665749999999996 	 26210.3006038361272658 
	 5.7759699999999992 	 26210.4996607635366672 
	 5.7853649999999996 	 26210.6997291887855681 
	 5.7947600000000001 	 26210.8945936447162239 
	 5.8041549999999997 	 26211.0861779313418083 
	 5.8135500000000002 	 26211.2740147862059530 
	 5.8229449999999998 	 26211.4583191840974905 
	 5.8323400000000003 	 26211.6391375581770262 
	 5.8417349999999999 	 26211.8165871178025554 
	 5.8511299999999995 	 26211.9906254177985829 
	 5.8605250000000000 	 26212.1613105301803444 
	 5.8699199999999996 	 26212.3288209086967981 
	 5.8793150000000001 	 26212.4931390222336631 
	 5.8887100000000006 	 26212.6543422565955552 
	 5.8981050000000002 	 26212.8125056505232351 
	 5.9074999999999998 	 26212.9676940348072094 
	 5.9168950000000002 	 26213.1199895294812450 
	 5.9262899999999998 	 26213.2694247719991836 
	 5.9356850000000003 	 26213.4160651554593642 
	 5.9450799999999999 	 26213.5599962379274075 
	 5.9544749999999995 	 26213.7012854557979153 
	 5.9638700000000000 	 26213.8399925403864472 
	 5.9732650000000005 	 26213.9761690058694512 
	 5.9826600000000001 	 26214.1098394403743441 
	 5.9920549999999997 	 26214.2411065027008590 
	 6.0014499999999993 	 26214.3700930823506496 
	 6.0108449999999998 	 26214.4967324768840626 
	 6.0202400000000003 	 26214.6212447956568212 
	 6.0296349999999999 	 26214.7435445246010204 
	 6.0390300000000003 	 26214.8637564730670420 
	 6.0484249999999999 	 26214.9819827044047997 
	 6.0578200000000004 	 26215.0982072610495379 
	 6.0672150000000000 	 26215.2125362921578926 
	 6.0766099999999996 	 26215.3249830299027963 
	 6.0860050000000001 	 26215.4356349593399500 
	 6.0953999999999997 	 26215.5445931208814727 
	 6.1047950000000002 	 26215.6518970877477841 
	 6.1141900000000007 	 26215.7575308697851142 
	 6.1235850000000003 	 26215.8616017987224041 
	 6.1329799999999999 	 26215.9641799564196845 
	 6.1423750000000004 	 26216.0652709928181139 
	 6.1517700000000000 	 26216.1650105989938311 
	 6.1611650000000004 	 26216.2632852643400838 
	 6.1705600000000000 	 26216.3603539268260647 
	 6.1799549999999996 	 26216.4561401829305396 
	 6.1893500000000010 	 26216.5507478149302187 
	 6.1987450000000006 	 26216.6441930535511347 
	 6.2081400000000002 	 26216.7365780567815818 
	 6.2175349999999998 	 26216.8278527555121400 
	 6.2269299999999994 	 26216.9181145916772948 
	 6.2363250000000008 	 26217.0075127821583010 
	 6.2457200000000004 	 26217.0958932251596707 
	 6.2551150000000000 	 26217.1833718211455562 
	 6.2645100000000005 	 26217.2700884938458330 
	 6.2739050000000010 	 26217.3560022049059626 
	 6.2833000000000006 	 26217.4411466620986175 
	 6.2926950000000001 	 26217.5255788114118332 
	 6.3020899999999997 	 26217.6093505511453259 
	 6.3114850000000002 	 26217.6924197896660189 
	 6.3208800000000007 	 26217.7749058558911202 
	 6.3302750000000003 	 26217.8568860859340930 
	 6.3396700000000008 	 26217.9383321136338054 
	 6.3490650000000004 	 26218.0192229652020615 
	 6.3584600000000000 	 26218.0996393029417959 
	 6.3678550000000005 	 26218.1796215003014368 
	 6.3772500000000001 	 26218.2592393928753154 
	 6.3866450000000006 	 26218.3384887172069284 
	 6.3960400000000002 	 26218.4173667240575014 
	 6.4054350000000007 	 26218.4958635035509360 
	 6.4148300000000011 	 26218.5741104124390404 
	 6.4242250000000007 	 26218.6520928957215801 
	 6.4336200000000003 	 26218.7298017787870776 
	 6.4430149999999999 	 26218.8073083281269646 
	 6.4524100000000004 	 26218.8846052402768692 
	 6.4618050000000009 	 26218.9618097099337319 
	 6.4712000000000005 	 26219.0387390589312417 
	 6.4805950000000001 	 26219.1155203656198864 
	 6.4899900000000006 	 26219.1922453231018153 
	 6.4993849999999993 	 26219.2688592053564207 
	 6.5087799999999998 	 26219.3453650703231688 
	 6.5181749999999994 	 26219.4218133213034889 
	 6.5275699999999990 	 26219.4981687279650941 
	 6.5369650000000004 	 26219.5745573070926184 
	 6.5463600000000000 	 26219.6507935500485473 
	 6.5557549999999996 	 26219.7277010147845431 
	 6.5651499999999992 	 26219.8051868782786187 
	 6.5745449999999988 	 26219.8818902724997315 
	 6.5839400000000001 	 26219.9580609514996468 
	 6.5933349999999997 	 26220.0344331491069170 
	 6.6027299999999993 	 26220.1107557029426971 
	 6.6121249999999998 	 26220.1871841043357563 
	 6.6215199999999994 	 26220.2636182092101080 
	 6.6309149999999999 	 26220.3401393956846732 
	 6.6403099999999995 	 26220.4167685825195804 
	 6.6497049999999991 	 26220.4933911893313052 
	 6.6590999999999996 	 26220.5700726827999461 
	 6.6684950000000001 	 26220.6469851855981688 
	 6.6778899999999997 	 26220.7238909406623861 
	 6.6872850000000001 	 26220.8009463213384151 
	 6.6966799999999997 	 26220.8780638333337265 
	 6.7060749999999993 	 26220.9552010552724823 
	 6.7154699999999998 	 26221.0324755765686859 
	 6.7248649999999994 	 26221.1098519332881551 
	 6.7342599999999999 	 26221.1873266823131416 
	 6.7436549999999995 	 26221.2649135700157785 
	 6.7530500000000000 	 26221.3425634517298022 
	 6.7624450000000005 	 26221.4203528714751883 
	 6.7718400000000001 	 26221.4982773799492861 
	 6.7812349999999997 	 26221.5762189600791316 
	 6.7906299999999993 	 26221.6542547250683128 
	 6.8000249999999998 	 26221.7324394978422788 
	 6.8094200000000003 	 26221.8106849650284857 
	 6.8188149999999998 	 26221.8890329561800172 
	 6.8282099999999994 	 26221.9674507874951814 
	 6.8376049999999999 	 26222.0459097270868369 
	 6.8469999999999995 	 26222.1244699431445042 
	 6.8563950000000000 	 26222.2030687546357512 
	 6.8657899999999996 	 26222.2818269020935986 
	 6.8751849999999992 	 26222.3606516869149345 
	 6.8845799999999997 	 26222.4394017868944502 
	 6.8939750000000002 	 26222.5182476377558487 
	 6.9033699999999998 	 26222.5971785398505745 
	 6.9127650000000003 	 26222.6761086429578427 
	 6.9221599999999999 	 26222.7551225902352598 
	 6.9315549999999995 	 26222.8341133274079766 
	 6.9409500000000000 	 26222.9131700362049742 
	 6.9503449999999996 	 26222.9921968081034720 
	 6.9597400000000000 	 26223.0712427162579843 
	 6.9691349999999996 	 26223.1503005635458976 
	 6.9785299999999992 	 26223.2293522152504011 
	 6.9879250000000006 	 26223.3083535130208475 
	 6.9973200000000002 	 26223.3874031361228845 
	 7.0067149999999998 	 26223.4664066641671525 
	 7.0161099999999994 	 26223.5453519145994505 
	 7.0255049999999990 	 26223.6242742465547053 
	 7.0349000000000004 	 26223.7031728527472296 
	 7.0442950000000000 	 26223.7820177022767894 
	 7.0536899999999996 	 26223.8607664268383814 
	 7.0630850000000001 	 26223.9394051861272601 
	 7.0724800000000005 	 26224.0179733607692469 
	 7.0818750000000001 	 26224.0965320436807815 
	 7.0912699999999997 	 26224.1749947675270960 
	 7.1006649999999993 	 26224.2532937524520094 
	 7.1100599999999998 	 26224.3315125830667967 
	 7.1194550000000003 	 26224.4095665699132951 
	 7.1288499999999999 	 26224.4875412502296967 
	 7.1382450000000004 	 26224.5654243024619063 
	 7.1476400000000000 	 26224.6431584272759210 
	 7.1570350000000005 	 26224.7207079915424401 
	 7.1664300000000001 	 26224.7980582747622975 
	 7.1758249999999997 	 26224.8753024802972504 
	 7.1852200000000002 	 26224.9523742625315208 
	 7.1946149999999998 	 26225.0292629763462173 
	 7.2040100000000002 	 26225.1060060828749556 
	 7.2134050000000007 	 26225.1825000855969847 
	 7.2228000000000003 	 26225.2588004354875011 
	 7.2321949999999999 	 26225.3349315083796682 
	 7.2415900000000004 	 26225.4107795799063751 
	 7.2509850000000000 	 26225.4865055531445250 
	 7.2603800000000005 	 26225.5619011610833695 
	 7.2697750000000001 	 26225.6371291491086595 
	 7.2791699999999997 	 26225.7121455548731319 
	 7.2885650000000002 	 26225.7868293250867282 
	 7.2979600000000007 	 26225.8613002900347055 
	 7.3073550000000003 	 26225.9354918204844580 
	 7.3167499999999999 	 26226.0094339372953982 
	 7.3261449999999995 	 26226.0830890646902844 
	 7.3355399999999999 	 26226.1564525478424912 
	 7.3449350000000004 	 26226.2295672010986891 
	 7.3543300000000000 	 26226.3023881516601250 
	 7.3637250000000005 	 26226.3748735170520376 
	 7.3731200000000001 	 26226.4470500259703840 
	 7.3825150000000006 	 26226.5189162425158429 
	 7.3919100000000002 	 26226.5904877805478463 
	 7.4013049999999998 	 26226.6617722529117600 
	 7.4107000000000003 	 26226.7326444963582617 
	 7.4200949999999999 	 26226.8032779818640847 
	 7.4294900000000004 	 26226.8734770171286073 
	 7.4388850000000009 	 26226.9434055181809526 
	 7.4482800000000005 	 26227.0129106262393179 
	 7.4576750000000001 	 26227.0821111965306045 
	 7.4670700000000005 	 26227.1509779106308997 
	 7.4764650000000001 	 26227.2194380185719638 
	 7.4858600000000006 	 26227.2875553613848751 
	 7.4952550000000002 	 26227.3552842844692350 
	 7.5046499999999998 	 26227.4226035147694347 
	 7.5140450000000012 	 26227.4896160222233448 
	 7.5234400000000008 	 26227.5562245931942016 
	 7.5328350000000004 	 26227.6223661628646369 
	 7.5422300000000000 	 26227.6881840948080935 
	 7.5516249999999996 	 26227.7535933811486757 
	 7.5610200000000010 	 26227.8185955329681747 
	 7.5704150000000006 	 26227.8831968003069051 
	 7.5798100000000002 	 26227.9473978912756138 
	 7.5892050000000006 	 26228.0111866572515282 
	 7.5986000000000002 	 26228.0745541709802637 
	 7.6079950000000007 	 26228.1374995131700416 
	 7.6173900000000003 	 26228.2000481525828945 
	 7.6267849999999999 	 26228.2621512667719799 
	 7.6361800000000004 	 26228.3238296985873603 
	 7.6455750000000009 	 26228.3850659411000379 
	 7.6549700000000005 	 26228.4459223060257500 
	 7.6643650000000010 	 26228.5063322017667815 
	 7.6737599999999988 	 26228.5662294210451364 
	 7.6831549999999993 	 26228.6257388844533125 
	 7.6925499999999998 	 26228.6848333597663441 
	 7.7019449999999994 	 26228.7434548982637352 
	 7.7113399999999999 	 26228.8016444369095552 
	 7.7207349999999995 	 26228.8594001098026638 
	 7.7301299999999991 	 26228.9167437574942596 
	 7.7395249999999995 	 26228.9735269088014320 
	 7.7489199999999991 	 26229.0299684012352373 
	 7.7583149999999996 	 26229.0858782339819300 
	 7.7677099999999992 	 26229.1413171188396518 
	 7.7771049999999997 	 26229.1964431386986689 
	 7.7865000000000002 	 26229.2510088137423736 
	 7.7958949999999998 	 26229.3051068548884359 
	 7.8052899999999994 	 26229.3587900382044609 
	 7.8146849999999990 	 26229.4119646634935634 
	 7.8240799999999995 	 26229.4647200016042916 
	 7.8334750000000000 	 26229.5170381330717646 
	 7.8428699999999996 	 26229.5688448942200921 
	 7.8522649999999992 	 26229.6202205510890053 
	 7.8616600000000005 	 26229.6711575043918856 
	 7.8710550000000001 	 26229.7216194076245301 
	 7.8804499999999997 	 26229.7715578281895432 
	 7.8898449999999993 	 26229.8210889828478685 
	 7.8992399999999989 	 26229.8701743833880755 
	 7.9086350000000003 	 26229.9188018658678629 
	 7.9180299999999999 	 26229.9669472795285401 
	 7.9274249999999995 	 26230.0146372007038735 
	 7.9368200000000000 	 26230.0618736114520289 
	 7.9462149999999996 	 26230.1086360971930844 
	 7.9556100000000001 	 26230.1549609946341661 
	 7.9650049999999997 	 26230.2008178734249668 
	 7.9743999999999993 	 26230.2462084292965301 
	 7.9837949999999998 	 26230.2911637113247707 
	 7.9931900000000002 	 26230.3356666711442813 
	 8.0025849999999998 	 26230.3797224684931280 
	 8.0119799999999994 	 26230.4233031722324085 
	 8.0213749999999990 	 26230.4664121816858824 
	 8.0307700000000004 	 26230.5090998984305770 
	 8.0401650000000000 	 26230.5513547191767429 
	 8.0495599999999996 	 26230.5931578054369311 
	 8.0589549999999992 	 26230.6345114205942082 
	 8.0683500000000006 	 26230.6754137146890571 
	 8.0777450000000002 	 26230.7157725417528127 
	 8.0871399999999998 	 26230.7558507327048574 
	 8.0965349999999994 	 26230.7954075768648181 
	 8.1059300000000007 	 26230.8345166460967448 
	 8.1153250000000003 	 26230.8732377895612444 
	 8.1247199999999999 	 26230.9114491099426232 
	 8.1341149999999995 	 26230.9492995081600384 
	 8.1435099999999991 	 26230.9867337150426465 
	 8.1529050000000005 	 26231.0236402254122368 
	 8.1623000000000001 	 26231.0602105449434021 
	 8.1716949999999997 	 26231.0963438685976143 
	 8.1810899999999993 	 26231.1320265291615215 
	 8.1904849999999989 	 26231.1673106572561665 
	 8.1998800000000003 	 26231.2021997332449246 
	 8.2092749999999999 	 26231.2365862812912383 
	 8.2186699999999995 	 26231.2706327067644452 
	 8.2280649999999991 	 26231.3042354984063422 
	 8.2374600000000004 	 26231.3374573615619738 
	 8.2468550000000000 	 26231.3702388955280185 
	 8.2562499999999996 	 26231.4026473971061932 
	 8.2656449999999992 	 26231.4346620727446862 
	 8.2750399999999988 	 26231.4662491235976631 
	 8.2844350000000002 	 26231.4974217742746987 
	 8.2938299999999998 	 26231.5282184549905651 
	 8.3032249999999994 	 26231.5586499309938517 
	 8.3126200000000008 	 26231.5886458592794952 
	 8.3220150000000004 	 26231.6182846530537063 
	 8.3314100000000000 	 26231.6476077936822549 
	 8.3408049999999996 	 26231.6764659050204500 
	 8.3501999999999992 	 26231.7049580828897888 
	 8.3595950000000006 	 26231.7331188012867642 
	 8.3689900000000002 	 26231.7608418358613562 
	 8.3783849999999997 	 26231.7882948817350552 
	 8.3877800000000011 	 26231.8153049547181581 
	 8.3971750000000007 	 26231.8420099332361133 
	 8.4065700000000003 	 26231.8683501574087131 
	 8.4159649999999999 	 26231.8943053078946832 
	 8.4253599999999995 	 26231.9198794602962153 
	 8.4347550000000009 	 26231.9451006787821825 
	 8.4441500000000005 	 26231.9700874495938479 
	 8.4535450000000001 	 26231.9946862112410599 
	 8.4629399999999997 	 26232.0188598884851672 
	 8.4723350000000011 	 26232.0428188579462585 
	 8.4817300000000007 	 26232.0663922137173358 
	 8.4911250000000003 	 26232.0896427401094115 
	 8.5005199999999999 	 26232.1125760423528845 
	 8.5099149999999995 	 26232.1351660227883258 
	 8.5193100000000008 	 26232.1574595988604415 
	 8.5287050000000004 	 26232.1794113831565483 
	 8.5381000000000000 	 26232.2010590438439976 
	 8.5474949999999996 	 26232.2224163715873146 
	 8.5568900000000010 	 26232.2434392267314252 
	 8.5662850000000006 	 26232.2641800089004391 
	 8.5756800000000002 	 26232.2846417488581210 
	 8.5850749999999998 	 26232.3047929412750818 
	 8.5944700000000012 	 26232.3246505537572375 
	 8.6038650000000008 	 26232.3442320813846891 
	 8.6132600000000004 	 26232.3635130885959370 
	 8.6226550000000000 	 26232.3824964567320421 
	 8.6320499999999996 	 26232.4012195417271869 
	 8.6414450000000009 	 26232.4196787568980653 
	 8.6508400000000005 	 26232.4378973972598033 
	 8.6602350000000001 	 26232.4557848774857121 
	 8.6696299999999997 	 26232.4734112916994491 
	 8.6790249999999993 	 26232.4908405244605092 
	 8.6884200000000007 	 26232.5079480527674605 
	 8.6978150000000003 	 26232.5248690431035357 
	 8.7072099999999999 	 26232.5415113705530530 
	 8.7166049999999995 	 26232.5579004312094185 
	 8.7259999999999991 	 26232.5740288424713071 
	 8.7353950000000005 	 26232.5898758213770634 
	 8.7447900000000001 	 26232.6055770875573216 
	 8.7541850000000014 	 26232.6210548224080412 
	 8.7635800000000010 	 26232.6362590296266717 
	 8.7729750000000006 	 26232.6512491208595748 
	 8.7823700000000002 	 26232.6659900415252196 
	 8.7917649999999998 	 26232.6806063062722387 
	 8.8011599999999994 	 26232.6949316036188975 
	 8.8105549999999990 	 26232.7090219669371436 
	 8.8199500000000022 	 26232.7229270774769248 
	 8.8293450000000018 	 26232.7366824729979271 
	 8.8387400000000014 	 26232.7501564222257002 
	 8.8481349999999992 	 26232.7634356004055007 
	 8.8575299999999988 	 26232.7765289701492293 
	 8.8669249999999984 	 26232.7894932118870202 
	 8.8763199999999998 	 26232.8022320449417748 
	 8.8857149999999994 	 26232.8148015338592813 
	 8.8951099999999990 	 26232.8271804450341733 
	 8.9045050000000003 	 26232.8393314990426006 
	 8.9138999999999999 	 26232.8513204365808633 
	 8.9232949999999995 	 26232.8631969399611990 
	 8.9326899999999991 	 26232.8749152326417970 
	 8.9420850000000005 	 26232.8863890616230492 
	 8.9514800000000001 	 26232.8977364982747531 
	 8.9608749999999997 	 26232.9089325888962776 
	 8.9702699999999993 	 26232.9200035578251118 
	 8.9796649999999989 	 26232.9308899203242618 
	 8.9890599999999985 	 26232.9415857895291992 
	 8.9984549999999999 	 26232.9521362445775594 
	 9.0078499999999995 	 26232.9626432077529898 
	 9.0172449999999991 	 26232.9729205593685037 
	 9.0266400000000004 	 26232.9830852265731664 
	 9.0360350000000000 	 26232.9931180704224971 
	 9.0454299999999996 	 26233.0029933457772131 
	 9.0548249999999992 	 26233.0127577051825938 
	 9.0642199999999988 	 26233.0224177052077721 
	 9.0736149999999984 	 26233.0319441484316485 
	 9.0830099999999980 	 26233.0413347668727511 
	 9.0924050000000012 	 26233.0506373028983944 
	 9.1018000000000008 	 26233.0598170441298862 
	 9.1111950000000004 	 26233.0688665248562756 
	 9.1205900000000000 	 26233.0777744097540563 
	 9.1299849999999996 	 26233.0866095479577780 
	 9.1393799999999992 	 26233.0953886321221944 
	 9.1487749999999988 	 26233.1040900890839112 
	 9.1581699999999984 	 26233.1126092210215575 
	 9.1675649999999997 	 26233.1209977191683720 
	 9.1769600000000011 	 26233.1293534534997889 
	 9.1863550000000007 	 26233.1375820714238216 
	 9.1957500000000003 	 26233.1457414005453757 
	 9.2051449999999999 	 26233.1538603164008236 
	 9.2145399999999995 	 26233.1618741425882035 
	 9.2239349999999991 	 26233.1697620154372999 
	 9.2333299999999987 	 26233.1775847621829598 
	 9.2427250000000001 	 26233.1853995071178360 
	 9.2521200000000015 	 26233.1930985566104937 
	 9.2615150000000011 	 26233.2006554944928212 
	 9.2709100000000007 	 26233.2081819814302435 
	 9.2803050000000002 	 26233.2156587717545335 
	 9.2896999999999998 	 26233.2231045808148338 
	 9.2990949999999994 	 26233.2304710417447495 
	 9.3084899999999990 	 26233.2377524899493437 
	 9.3178849999999986 	 26233.2449319679617474 
	 9.3272800000000000 	 26233.2520825296342082 
	 9.3366749999999996 	 26233.2592334982582543 
	 9.3460700000000010 	 26233.2663067846842750 
	 9.3554650000000006 	 26233.2733155593523406 
	 9.3648600000000002 	 26233.2803163169228355 
	 9.3742549999999998 	 26233.2872164383006748 
	 9.3836499999999994 	 26233.2940646403585561 
	 9.3930450000000008 	 26233.3009252284027752 
	 9.4024400000000004 	 26233.3076662038984068 
	 9.4118350000000000 	 26233.3144024943176191 
	 9.4212299999999995 	 26233.3211492516275030 
	 9.4306249999999991 	 26233.3277716091106413 
	 9.4400200000000005 	 26233.3344222771775094 
	 9.4494150000000001 	 26233.3410321158189618 
	 9.4588099999999997 	 26233.3475848809175659 
	 9.4682049999999993 	 26233.3541297346928332 
	 9.4776000000000007 	 26233.3606207230768632 
	 9.4869950000000003 	 26233.3671276738969027 
	 9.4963899999999999 	 26233.3735596002225066 
	 9.5057849999999995 	 26233.3799869009089889 
	 9.5151799999999991 	 26233.3863946785313601 
	 9.5245749999999987 	 26233.3927818400261458 
	 9.5339700000000001 	 26233.3991522842516133 
	 9.5433650000000014 	 26233.4054434471872810 
	 9.5527600000000010 	 26233.4117541463601810 
	 9.5621550000000006 	 26233.4180860729466076 
	 9.5715500000000002 	 26233.4243605918782123 
	 9.5809449999999998 	 26233.4306412735822960 
	 9.5903399999999994 	 26233.4368806599923118 
	 9.5997349999999990 	 26233.4431108848002623 
	 9.6091299999999986 	 26233.4493488148509641 
	 9.6185250000000000 	 26233.4556149042691686 
	 9.6279200000000014 	 26233.4618648126415792 
	 9.6373150000000010 	 26233.4680423221398087 
	 9.6467100000000006 	 26233.4741855049032893 
	 9.6561050000000002 	 26233.4803727736762085 
	 9.6654999999999998 	 26233.4865993967396207 
	 9.6748949999999994 	 26233.4927900294751453 
	 9.6842899999999990 	 26233.4989578187341976 
	 9.6936850000000003 	 26233.5051467981793394 
	 9.7030800000000017 	 26233.5113264506180712 
	 9.7124750000000013 	 26233.5174862780186231 
	 9.7218700000000009 	 26233.5236138275940903 
	 9.7312650000000005 	 26233.5297502835965133 
	 9.7406600000000001 	 26233.5359883126038767 
	 9.7500549999999997 	 26233.5420957557871589 
	 9.7594499999999993 	 26233.5483282067434629 
	 9.7688449999999989 	 26233.5544439671721193 
	 9.7782400000000003 	 26233.5605914814914286 
	 9.7876350000000016 	 26233.5668021056735597 
	 9.7970300000000012 	 26233.5729521696703159 
	 9.8064250000000008 	 26233.5791523836196575 
	 9.8158200000000004 	 26233.5853748244662711 
	 9.8252150000000000 	 26233.5915447295446938 
	 9.8346099999999996 	 26233.5977432839281391 
	 9.8440050000000010 	 26233.6039126020623371 
	 9.8534000000000006 	 26233.6100985792327265 
	 9.8627950000000002 	 26233.6163357532423106 
	 9.8721899999999998 	 26233.6225244988891063 
	 9.8815850000000012 	 26233.6288298953040794 
	 9.8909800000000008 	 26233.6349970234914508 
	 9.9003750000000004 	 26233.6412796668773808 
	 9.9097700000000000 	 26233.6474885320712929 
	 9.9191649999999996 	 26233.6537468799251656 
	 9.9285600000000009 	 26233.6600111305779137 
	 9.9379550000000005 	 26233.6662796006967255 
	 9.9473500000000001 	 26233.6726014112573466 
	 9.9567449999999997 	 26233.6788700778379280 
	 9.9661400000000011 	 26233.6851383568064193 
	 9.9755350000000007 	 26233.6914614103843633 
	 9.9849300000000003 	 26233.6977442183851963 
	 9.9943250000000017 	 26233.7040753720248176 
	 10.0037200000000013 	 26233.7104418110611732 
	 10.0131150000000009 	 26233.7167492389271501 
	 10.0225099999999987 	 26233.7231322585030284 
	 10.0319049999999983 	 26233.7294984541294980 
	 10.0412999999999979 	 26233.7358210892198258 
	 10.0506950000000010 	 26233.7422554845725244 
	 10.0600900000000006 	 26233.7486385952834098 
	 10.0694850000000002 	 26233.7549732759325707 
	 10.0788799999999998 	 26233.7613758956686070 
	 10.0882749999999994 	 26233.7678252855039318 
	 10.0976699999999990 	 26233.7742348532701726 
	 10.1070649999999986 	 26233.7806756676218356 
	 10.1164600000000000 	 26233.7870715852877765 
	 10.1258549999999996 	 26233.7935234992510232 
	 10.1352499999999992 	 26233.7999985361893778 
	 10.1446450000000006 	 26233.8064502694833209 
	 10.1540400000000002 	 26233.8129004167421954 
	 10.1634349999999998 	 26233.8193652140362246 
	 10.1728299999999994 	 26233.8258527418620361 
	 10.1822249999999990 	 26233.8323234353083535 
	 10.1916199999999986 	 26233.8388515876795282 
	 10.2010149999999999 	 26233.8453112972238159 
	 10.2104099999999995 	 26233.8517756338696927 
	 10.2198049999999991 	 26233.8582600286936213 
	 10.2291999999999987 	 26233.8647622154239798 
	 10.2385950000000001 	 26233.8712799278036982 
	 10.2479899999999997 	 26233.8778108995684306 
	 10.2573849999999993 	 26233.8843528644538310 
	 10.2667800000000007 	 26233.8909035561955534 
	 10.2761750000000003 	 26233.8974607085256139 
	 10.2855699999999999 	 26233.9040220551942184 
	 10.2949649999999995 	 26233.9105853299224691 
	 10.3043599999999991 	 26233.9171483057834848 
	 10.3137550000000005 	 26233.9237098331068410 
	 10.3231500000000000 	 26233.9302699454019603 
	 10.3325449999999996 	 26233.9368287367324228 
	 10.3419399999999992 	 26233.9433863011654466 
	 10.3513350000000006 	 26233.9499427327500598 
	 10.3607300000000002 	 26233.9564981255534803 
	 10.3701249999999998 	 26233.9630525736465643 
	 10.3795199999999994 	 26233.9696061710747017 
	 10.3889149999999990 	 26233.9761590119087487 
	 10.3983099999999986 	 26233.9827111902122851 
	 10.4077050000000000 	 26233.9892627394765441 
	 10.4171000000000014 	 26233.9958132733954699 
	 10.4264950000000010 	 26234.0023622278640687 
	 10.4358900000000006 	 26234.0089090381443384 
	 10.4452850000000002 	 26234.0154531394982769 
	 10.4546799999999998 	 26234.0219939671769680 
	 10.4640749999999993 	 26234.0285309564569616 
	 10.4734699999999989 	 26234.0350635425784276 
	 10.4828649999999985 	 26234.0415911608106398 
	 10.4922599999999981 	 26234.0481132464119582 
	 10.5016550000000013 	 26234.0546292348481074 
	 10.5110500000000009 	 26234.0611386219643464 
	 10.5204450000000005 	 26234.0676410477171885 
	 10.5298400000000001 	 26234.0741361730833887 
	 10.5392349999999997 	 26234.0806236590469780 
	 10.5486299999999993 	 26234.0871031665847113 
	 10.5580249999999989 	 26234.0935743566878955 
	 10.5674200000000003 	 26234.1000368903332856 
	 10.5768149999999999 	 26234.1064904285049124 
	 10.5862100000000012 	 26234.1129346321795310 
	 10.5956050000000008 	 26234.1193691623338964 
	 10.6050000000000004 	 26234.1257936761139717 
	 10.6143949999999982 	 26234.1322077539734892 
	 10.6237899999999996 	 26234.1386109059494629 
	 10.6331849999999992 	 26234.1450026394304587 
	 10.6425799999999988 	 26234.1513824618086801 
	 10.6519749999999984 	 26234.1577498804763309 
	 10.6613699999999998 	 26234.1641044028292526 
	 10.6707649999999994 	 26234.1704455362705630 
	 10.6801600000000008 	 26234.1767727881815517 
	 10.6895550000000004 	 26234.1830856659689744 
	 10.6989500000000000 	 26234.1893836770213966 
	 10.7083449999999996 	 26234.1956663402088452 
	 10.7177400000000009 	 26234.2019332387462782 
	 10.7271349999999988 	 26234.2081839782476891 
	 10.7365300000000001 	 26234.2144181643525371 
	 10.7459249999999980 	 26234.2206354027039197 
	 10.7553199999999993 	 26234.2268352989522100 
	 10.7647149999999989 	 26234.2330174587368674 
	 10.7741100000000003 	 26234.2391814877009892 
	 10.7835049999999999 	 26234.2453269914803968 
	 10.7928999999999995 	 26234.2514535757218255 
	 10.8022949999999991 	 26234.2575608461556840 
	 10.8116900000000005 	 26234.2636484199865663 
	 10.8210849999999983 	 26234.2697159370181907 
	 10.8304799999999997 	 26234.2757630397245521 
	 10.8398749999999993 	 26234.2817893705723691 
	 10.8492700000000006 	 26234.2877945720247226 
	 10.8586650000000002 	 26234.2937782865374174 
	 10.8680600000000016 	 26234.2997401565990003 
	 10.8774549999999994 	 26234.3056798246543622 
	 10.8868500000000008 	 26234.3115969331774977 
	 10.8962449999999986 	 26234.3174911246387637 
	 10.9056400000000000 	 26234.3233620409155264 
	 10.9150349999999978 	 26234.3292093152776943 
	 10.9244299999999992 	 26234.3350325743886060 
	 10.9338249999999988 	 26234.3408314447078737 
	 10.9432200000000002 	 26234.3466055527060234 
	 10.9526149999999998 	 26234.3523545248572191 
	 10.9620100000000011 	 26234.3580779876429006 
	 10.9714049999999990 	 26234.3637755675226799 
	 10.9808000000000003 	 26234.3694468909889110 
	 10.9901949999999999 	 26234.3750915844939300 
	 10.9995899999999995 	 26234.3807092745228147 
	 11.0089849999999991 	 26234.3862995857125497 
	 11.0183800000000005 	 26234.3918621343364066 
	 11.0277750000000001 	 26234.3973965342956944 
	 11.0371700000000015 	 26234.4029023994735326 
	 11.0465649999999993 	 26234.4083793437639542 
	 11.0559600000000007 	 26234.4138269810719066 
	 11.0653549999999985 	 26234.4192449252732331 
	 11.0747499999999999 	 26234.4246327902728808 
	 11.0841449999999995 	 26234.4299901899685210 
	 11.0935399999999991 	 26234.4353167382287211 
	 11.1029349999999987 	 26234.4406120504609135 
	 11.1123300000000000 	 26234.4458758459732053 
	 11.1217249999999996 	 26234.4511080144839070 
	 11.1311200000000010 	 26234.4563084615401749 
	 11.1405150000000006 	 26234.4614770926673373 
	 11.1499100000000002 	 26234.4666138133870845 
	 11.1593049999999998 	 26234.4717185292538488 
	 11.1687000000000012 	 26234.4767911457820446 
	 11.1780949999999990 	 26234.4818315685079142 
	 11.1874900000000004 	 26234.4868397029713378 
	 11.1968849999999982 	 26234.4918154546976439 
	 11.2062799999999996 	 26234.4967587200771959 
	 11.2156749999999992 	 26234.5016692899989721 
	 11.2250700000000005 	 26234.5065468875836814 
	 11.2344650000000001 	 26234.5113912348606391 
	 11.2438599999999997 	 26234.5162020538227807 
	 11.2532549999999993 	 26234.5209790665066976 
	 11.2626500000000007 	 26234.5257219949089631 
	 11.2720449999999985 	 26234.5304305610479787 
	 11.2814399999999999 	 26234.5351044869494217 
	 11.2908350000000013 	 26234.5397434946062276 
	 11.3002300000000009 	 26234.5443473060404358 
	 11.3096250000000005 	 26234.5489156973962963 
	 11.3190200000000019 	 26234.5534486459837353 
	 11.3284149999999997 	 26234.5579461758243269 
	 11.3378100000000011 	 26234.5624083109651110 
	 11.3472049999999989 	 26234.5668350754494895 
	 11.3566000000000003 	 26234.5712264932953985 
	 11.3659949999999981 	 26234.5755825885535160 
	 11.3753899999999994 	 26234.5799033852599678 
	 11.3847850000000008 	 26234.5841889074508799 
	 11.3941800000000004 	 26234.5884391791660164 
	 11.4035750000000000 	 26234.5926542207598686 
	 11.4129700000000014 	 26234.5968338917300571 
	 11.4223649999999992 	 26234.6009778316365555 
	 11.4317600000000006 	 26234.6050856641304563 
	 11.4411550000000002 	 26234.6091570128919557 
	 11.4505499999999998 	 26234.6131915016048879 
	 11.4599449999999994 	 26234.6171887539239833 
	 11.4693400000000025 	 26234.6211483935403521 
	 11.4787350000000004 	 26234.6250700441123627 
	 11.4881300000000017 	 26234.6289533293274872 
	 11.4975249999999996 	 26234.6327978728586459 
	 11.5069200000000009 	 26234.6366033418453299 
	 11.5163149999999987 	 26234.6403697994755930 
	 11.5257100000000001 	 26234.6440975203840935 
	 11.5351049999999997 	 26234.6477867812609475 
	 11.5444999999999993 	 26234.6514378587889951 
	 11.5538950000000007 	 26234.6550510296146967 
	 11.5632900000000021 	 26234.6586265704208927 
	 11.5726849999999999 	 26234.6621647578758711 
	 11.5820800000000013 	 26234.6656658686442825 
	 11.5914750000000009 	 26234.6691301793980529 
	 11.6008700000000005 	 26234.6725579667545389 
	 11.6102650000000001 	 26234.6759494095167611 
	 11.6196600000000014 	 26234.6793043895522715 
	 11.6290549999999993 	 26234.6826227325545915 
	 11.6384500000000006 	 26234.6859042642354325 
	 11.6478450000000002 	 26234.6891488102919539 
	 11.6572400000000016 	 26234.6923561964358669 
	 11.6666349999999994 	 26234.6955262483643310 
	 11.6760300000000008 	 26234.6986587917963334 
	 11.6854250000000004 	 26234.7017536524181196 
	 11.6948200000000000 	 26234.7048106559377629 
	 11.7042149999999996 	 26234.7078296334475453 
	 11.7136100000000010 	 26234.7108105757397425 
	 11.7230049999999988 	 26234.7137536561967863 
	 11.7324000000000002 	 26234.7166590582310164 
	 11.7417950000000015 	 26234.7195269652183924 
	 11.7511900000000011 	 26234.7223575605639780 
	 11.7605850000000007 	 26234.7251510276473709 
	 11.7699800000000021 	 26234.7279075498772727 
	 11.7793749999999999 	 26234.7306273106260051 
	 11.7887699999999978 	 26234.7333104933022696 
	 11.7981649999999991 	 26234.7359572813002160 
	 11.8075599999999987 	 26234.7385678506980184 
	 11.8169549999999983 	 26234.7411423244448088 
	 11.8263499999999997 	 26234.7436808019701857 
	 11.8357450000000011 	 26234.7461833826091606 
	 11.8451399999999989 	 26234.7486501656712790 
	 11.8545350000000003 	 26234.7510812504951900 
	 11.8639299999999999 	 26234.7534767364122672 
	 11.8733249999999995 	 26234.7558367227356939 
	 11.8827199999999991 	 26234.7581613087968435 
	 11.8921150000000004 	 26234.7604505939307273 
	 11.9015099999999983 	 26234.7627046774578048 
	 11.9109049999999996 	 26234.7649236578727141 
	 11.9202999999999992 	 26234.7671076316546532 
	 11.9296950000000006 	 26234.7692566949408501 
	 11.9390899999999984 	 26234.7713709438903606 
	 11.9484849999999998 	 26234.7734504746404127 
	 11.9578799999999994 	 26234.7754953833646141 
	 11.9672749999999990 	 26234.7775057661929168 
	 11.9766699999999986 	 26234.7794817192771006 
	 11.9860650000000000 	 26234.7814233387798595 
	 11.9954599999999978 	 26234.7833307208384213 
	 12.0048550000000009 	 26234.7852039645258628 
	 12.0142500000000005 	 26234.7870432309246098 
	 12.0236450000000001 	 26234.7888487404925399 
	 12.0330399999999997 	 26234.7906207160740450 
	 12.0424350000000011 	 26234.7923593805098790 
	 12.0518299999999989 	 26234.7940649566444336 
	 12.0612250000000003 	 26234.7957376673075487 
	 12.0706199999999981 	 26234.7973777353472542 
	 12.0800149999999995 	 26234.7989853836006660 
	 12.0894099999999991 	 26234.8005608349194517 
	 12.0988050000000005 	 26234.8021043121261755 
	 12.1082000000000001 	 26234.8036160243391350 
	 12.1175949999999997 	 26234.8050960999134986 
	 12.1269899999999993 	 26234.8065446377804619 
	 12.1363850000000006 	 26234.8079617368493928 
	 12.1457799999999985 	 26234.8093474960151070 
	 12.1551749999999998 	 26234.8107020141651446 
	 12.1645699999999994 	 26234.8120253901979595 
	 12.1739649999999990 	 26234.8133177230192814 
	 12.1833600000000004 	 26234.8145791115166503 
	 12.1927550000000018 	 26234.8158096545957960 
	 12.2021499999999996 	 26234.8170094518209225 
	 12.2115450000000010 	 26234.8181787034736772 
	 12.2209399999999988 	 26234.8193178172296030 
	 12.2303350000000002 	 26234.8204272262992163 
	 12.2397299999999980 	 26234.8215073639112234 
	 12.2491249999999994 	 26234.8225586632834165 
	 12.2585199999999990 	 26234.8235815576299501 
	 12.2679150000000003 	 26234.8245764801795303 
	 12.2773099999999999 	 26234.8255438641499495 
	 12.2867050000000013 	 26234.8264841427517240 
	 12.2960999999999991 	 26234.8273977492171980 
	 12.3054950000000005 	 26234.8282851059229870 
	 12.3148900000000001 	 26234.8291464632202405 
	 12.3242849999999997 	 26234.8299819336243672 
	 12.3336799999999993 	 26234.8307916257508623 
	 12.3430750000000007 	 26234.8315756482588768 
	 12.3524700000000003 	 26234.8323341097930097 
	 12.3618650000000017 	 26234.8330671189760324 
	 12.3712599999999995 	 26234.8337747844634578 
	 12.3806550000000009 	 26234.8344572148853331 
	 12.3900499999999987 	 26234.8351145188898954 
	 12.3994450000000001 	 26234.8357468051217438 
	 12.4088399999999996 	 26234.8363542032711848 
	 12.4182349999999992 	 26234.8369369436732086 
	 12.4276299999999988 	 26234.8374952866543026 
	 12.4370250000000002 	 26234.8380294925664202 
	 12.4464199999999998 	 26234.8385398217469628 
	 12.4558150000000012 	 26234.8390265345369698 
	 12.4652100000000008 	 26234.8394898912811186 
	 12.4746050000000004 	 26234.8399301523204485 
	 12.4840000000000000 	 26234.8403475779996370 
	 12.4933950000000014 	 26234.8407424286488094 
	 12.5027899999999992 	 26234.8411149647909042 
	 12.5121850000000006 	 26234.8414654595653701 
	 12.5215799999999984 	 26234.8417942078049236 
	 12.5309750000000015 	 26234.8421015064050152 
	 12.5403699999999994 	 26234.8423876523047511 
	 12.5497650000000007 	 26234.8426529424104956 
	 12.5591600000000003 	 26234.8428976736686309 
	 12.5685549999999999 	 26234.8431221429818834 
	 12.5779499999999995 	 26234.8433266472748073 
	 12.5873450000000009 	 26234.8435114834755950 
	 12.5967399999999987 	 26234.8436769485015247 
	 12.6061350000000001 	 26234.8438233362467145 
	 12.6155299999999997 	 26234.8439509034287767 
	 12.6249250000000011 	 26234.8440598819579463 
	 12.6343200000000007 	 26234.8441505032533314 
	 12.6437150000000020 	 26234.8442229987376777 
	 12.6531099999999999 	 26234.8442775998555589 
	 12.6625050000000012 	 26234.8443145380224450 
	 12.6718999999999991 	 26234.8443340446829097 
	 12.6812950000000004 	 26234.8443363512560609 
	 12.6906899999999982 	 26234.8443216891719203 
	 12.7000849999999996 	 26234.8442902898750617 
	 12.7094800000000010 	 26234.8442423992601107 
	 12.7188750000000006 	 26234.8441783196540200 
	 12.7282700000000002 	 26234.8440983670952846 
	 12.7376650000000016 	 26234.8440028576042096 
	 12.7470599999999994 	 26234.8438921072192898 
	 12.7564550000000008 	 26234.8437664319681062 
	 12.7658500000000004 	 26234.8436261478964298 
	 12.7752450000000000 	 26234.8434715710354794 
	 12.7846399999999996 	 26234.8433030173982843 
	 12.7940350000000009 	 26234.8431208030524431 
	 12.8034300000000005 	 26234.8429252430687484 
	 12.8128250000000019 	 26234.8427166076908179 
	 12.8222199999999997 	 26234.8424951032138779 
	 12.8316150000000011 	 26234.8422609310146072 
	 12.8410099999999989 	 26234.8420142925278924 
	 12.8504050000000003 	 26234.8417553891267744 
	 12.8597999999999999 	 26234.8414844222206739 
	 12.8691949999999995 	 26234.8412015932262875 
	 12.8785899999999991 	 26234.8409071035348461 
	 12.8879850000000022 	 26234.8406011545521324 
	 12.8973800000000001 	 26234.8402839476693771 
	 12.9067750000000014 	 26234.8399556895165006 
	 12.9161700000000010 	 26234.8396166367310798 
	 12.9255650000000006 	 26234.8392670738285233 
	 12.9349600000000002 	 26234.8389072856225539 
	 12.9443550000000016 	 26234.8385375569523603 
	 12.9537499999999994 	 26234.8381581726280274 
	 12.9631449999999973 	 26234.8377694174669159 
	 12.9725400000000004 	 26234.8373715762827487 
	 12.9819350000000000 	 26234.8369649339074385 
	 12.9913299999999996 	 26234.8365497751365183 
	 13.0007249999999992 	 26234.8361263848128146 
	 13.0101200000000006 	 26234.8356950353736465 
	 13.0195149999999984 	 26234.8352559598970402 
	 13.0289099999999998 	 26234.8348093837157649 
	 13.0383049999999994 	 26234.8343555321334861 
	 13.0476999999999990 	 26234.8338946304502315 
	 13.0570950000000003 	 26234.8334269039878563 
	 13.0664900000000017 	 26234.8329525780573022 
	 13.0758849999999995 	 26234.8324718779549585 
	 13.0852800000000009 	 26234.8319850290135946 
	 13.0946749999999987 	 26234.8314922565186862 
	 13.1040700000000001 	 26234.8309937864760286 
	 13.1134649999999979 	 26234.8304898665446672 
	 13.1228599999999993 	 26234.8299807702605904 
	 13.1322549999999989 	 26234.8294667726404441 
	 13.1416499999999985 	 26234.8289481487117882 
	 13.1510449999999999 	 26234.8284251735130965 
	 13.1604400000000012 	 26234.8278981220501009 
	 13.1698349999999991 	 26234.8273672693649132 
	 13.1792300000000004 	 26234.8268328904814553 
	 13.1886250000000000 	 26234.8262952604200109 
	 13.1980199999999996 	 26234.8257546542117780 
	 13.2074149999999992 	 26234.8252113252638082 
	 13.2168100000000006 	 26234.8246653615424293 
	 13.2262049999999984 	 26234.8241167746127758 
	 13.2356000000000016 	 26234.8235655756325286 
	 13.2449949999999994 	 26234.8230117757411790 
	 13.2543900000000008 	 26234.8224553861000459 
	 13.2637849999999986 	 26234.8218964178558963 
	 13.2731800000000000 	 26234.8213348821664113 
	 13.2825749999999996 	 26234.8207707901747199 
	 13.2919699999999992 	 26234.8202041530312272 
	 13.3013649999999988 	 26234.8196349821664626 
	 13.3107600000000001 	 26234.8190634197526379 
	 13.3201549999999980 	 26234.8184899487387156 
	 13.3295500000000011 	 26234.8179151068361534 
	 13.3389450000000007 	 26234.8173394317745988 
	 13.3483400000000003 	 26234.8167634612873371 
	 13.3577349999999999 	 26234.8161877331003780 
	 13.3671300000000013 	 26234.8156127849324548 
	 13.3765249999999991 	 26234.8150391545314051 
	 13.3859200000000005 	 26234.8144673795941344 
	 13.3953149999999983 	 26234.8138979978830321 
	 13.4047099999999997 	 26234.8133315293125634 
	 13.4141049999999993 	 26234.8127680873985810 
	 13.4235000000000007 	 26234.8122073805861874 
	 13.4328950000000003 	 26234.8116490998472727 
	 13.4422899999999998 	 26234.8110929361209855 
	 13.4516849999999994 	 26234.8105385803683021 
	 13.4610800000000008 	 26234.8099857235392847 
	 13.4704749999999986 	 26234.8094340565985476 
	 13.4798700000000000 	 26234.8088832705034292 
	 13.4892649999999996 	 26234.8083330562039919 
	 13.4986599999999992 	 26234.8077831046539359 
	 13.5080550000000006 	 26234.8072332078227191 
	 13.5174500000000020 	 26234.8066837806436524 
	 13.5268449999999998 	 26234.8061354752899206 
	 13.5362400000000012 	 26234.8055889444003697 
	 13.5456349999999990 	 26234.8050448406102078 
	 13.5550300000000004 	 26234.8045038165764709 
	 13.5644249999999982 	 26234.8039665249052632 
	 13.5738199999999996 	 26234.8034336182681727 
	 13.5832149999999992 	 26234.8029057493040455 
	 13.5926100000000005 	 26234.8023835706226237 
	 13.6020050000000001 	 26234.8018677335130633 
	 13.6114000000000015 	 26234.8013586416927865 
	 13.6207949999999993 	 26234.8008561668466427 
	 13.6301900000000007 	 26234.8003601117670769 
	 13.6395850000000003 	 26234.7998702792356198 
	 13.6489799999999999 	 26234.7993864720046986 
	 13.6583749999999995 	 26234.7989084928849479 
	 13.6677700000000009 	 26234.7984361446287949 
	 13.6771649999999987 	 26234.7979692300068564 
	 13.6865600000000018 	 26234.7975075518152153 
	 13.6959549999999997 	 26234.7970509128172125 
	 13.7053500000000010 	 26234.7965991249438957 
	 13.7147449999999989 	 26234.7961521551769692 
	 13.7241400000000002 	 26234.7957100998100941 
	 13.7335349999999998 	 26234.7952730590986903 
	 13.7429299999999994 	 26234.7948411332872638 
	 13.7523249999999990 	 26234.7944144226421486 
	 13.7617200000000004 	 26234.7939930274042126 
	 13.7711150000000000 	 26234.7935770478361519 
	 13.7805100000000014 	 26234.7931665841824724 
	 13.7899050000000010 	 26234.7927617367022322 
	 13.7993000000000006 	 26234.7923626056472131 
	 13.8086950000000002 	 26234.7919693206458760 
	 13.8180900000000015 	 26234.7915821583701472 
	 13.8274849999999994 	 26234.7912014413814177 
	 13.8368800000000007 	 26234.7908274922992860 
	 13.8462749999999986 	 26234.7904606336996949 
	 13.8556699999999999 	 26234.7901011881913291 
	 13.8650649999999995 	 26234.7897494783574075 
	 13.8744600000000009 	 26234.7894058268066146 
	 13.8838550000000005 	 26234.7890705561148934 
	 13.8932500000000001 	 26234.7887439888872905 
	 13.9026449999999997 	 26234.7884264456406527 
	 13.9120400000000011 	 26234.7881180586737173 
	 13.9214349999999989 	 26234.7878186249581631 
	 13.9308300000000003 	 26234.7875279067920928 
	 13.9402249999999999 	 26234.7872456665136269 
	 13.9496200000000012 	 26234.7869716664426960 
	 13.9590150000000008 	 26234.7867056688992307 
	 13.9684100000000022 	 26234.7864474362031615 
	 13.9778050000000000 	 26234.7861967306744191 
	 13.9872000000000014 	 26234.7859533146438480 
	 13.9965949999999992 	 26234.7857169504277408 
	 14.0059900000000006 	 26234.7854874221848149 
	 14.0153849999999984 	 26234.7852647968029487 
	 14.0247799999999998 	 26234.7850493382211425 
	 14.0341750000000012 	 26234.7848413144274673 
	 14.0435700000000008 	 26234.7846409933808900 
	 14.0529650000000004 	 26234.7844486430403776 
	 14.0623600000000017 	 26234.7842645313903631 
	 14.0717549999999996 	 26234.7840889263825375 
	 14.0811500000000009 	 26234.7839220959867816 
	 14.0905450000000005 	 26234.7837643081838905 
	 14.0999400000000001 	 26234.7836158309364691 
	 14.1093349999999997 	 26234.7834768707180046 
	 14.1187300000000011 	 26234.7833473833743483 
	 14.1281250000000007 	 26234.7832272608211497 
	 14.1375199999999985 	 26234.7831163950322662 
	 14.1469149999999999 	 26234.7830146779306233 
	 14.1563099999999995 	 26234.7829220014646125 
	 14.1657049999999991 	 26234.7828382575862634 
	 14.1750999999999987 	 26234.7827633382330532 
	 14.1844950000000001 	 26234.7826971353497356 
	 14.1938899999999979 	 26234.7826395408665121 
	 14.2032849999999993 	 26234.7825904486962827 
	 14.2126800000000006 	 26234.7825498569218325 
	 14.2220750000000002 	 26234.7825179182545980 
	 14.2314699999999998 	 26234.7824947979570425 
	 14.2408650000000012 	 26234.7824806612807151 
	 14.2502599999999990 	 26234.7824756734735274 
	 14.2596550000000004 	 26234.7824799997870286 
	 14.2690499999999982 	 26234.7824938054691302 
	 14.2784449999999996 	 26234.7825172557786573 
	 14.2878399999999974 	 26234.7825505159671593 
	 14.2972350000000006 	 26234.7825937512752716 
	 14.3066300000000002 	 26234.7826471042353660 
	 14.3160249999999998 	 26234.7827104872085329 
	 14.3254199999999994 	 26234.7827836788783316 
	 14.3348150000000008 	 26234.7828664562766789 
	 14.3442099999999986 	 26234.7829585964427679 
	 14.3536049999999999 	 26234.7830598763976013 
	 14.3629999999999995 	 26234.7831700731840101 
	 14.3723949999999991 	 26234.7832889638229972 
	 14.3817899999999987 	 26234.7834163253537554 
	 14.3911850000000019 	 26234.7835519348045636 
	 14.4005799999999997 	 26234.7836955692291667 
	 14.4099750000000011 	 26234.7838470956485253 
	 14.4193699999999989 	 26234.7840066803328227 
	 14.4287650000000003 	 26234.7841745517107483 
	 14.4381599999999981 	 26234.7843509382000775 
	 14.4475549999999995 	 26234.7845360682222235 
	 14.4569499999999991 	 26234.7847301701876859 
	 14.4663449999999987 	 26234.7849334725251538 
	 14.4757400000000001 	 26234.7851462036560406 
	 14.4851350000000014 	 26234.7853685919872078 
	 14.4945299999999992 	 26234.7856008659546205 
	 14.5039250000000006 	 26234.7858432496723253 
	 14.5133200000000002 	 26234.7860958164928888 
	 14.5227149999999998 	 26234.7863584528386127 
	 14.5321099999999994 	 26234.7866310335266462 
	 14.5415050000000008 	 26234.7869134333450347 
	 14.5508999999999986 	 26234.7872055270927376 
	 14.5602950000000000 	 26234.7875071895796282 
	 14.5696899999999996 	 26234.7878182956010278 
	 14.5790850000000010 	 26234.7881387199449819 
	 14.5884799999999988 	 26234.7884683374395536 
	 14.5978750000000002 	 26234.7888070228509605 
	 14.6072699999999998 	 26234.7891546509999898 
	 14.6166649999999994 	 26234.7895110966783250 
	 14.6260599999999990 	 26234.7898762346885633 
	 14.6354550000000003 	 26234.7902499398369400 
	 14.6448499999999981 	 26234.7906320869078627 
	 14.6542450000000013 	 26234.7910225507148425 
	 14.6636400000000009 	 26234.7914212060532009 
	 14.6730350000000005 	 26234.7918279277218971 
	 14.6824300000000001 	 26234.7922425905162527 
	 14.6918250000000015 	 26234.7926650692425028 
	 14.7012199999999993 	 26234.7930952388014703 
	 14.7106150000000007 	 26234.7935330335167237 
	 14.7200099999999985 	 26234.7939785497183038 
	 14.7294049999999999 	 26234.7944319110465585 
	 14.7387999999999995 	 26234.7948932411345595 
	 14.7481950000000008 	 26234.7953626636335684 
	 14.7575900000000004 	 26234.7958403021766571 
	 14.7669850000000000 	 26234.7963262804041733 
	 14.7763799999999996 	 26234.7968207219601027 
	 14.7857750000000010 	 26234.7973237504920689 
	 14.7951699999999988 	 26234.7978354896258679 
	 14.8045650000000002 	 26234.7983560574393778 
	 14.8139599999999998 	 26234.7988854348150198 
	 14.8233549999999994 	 26234.7994234603465884 
	 14.8327500000000008 	 26234.7999699660285842 
	 14.8421450000000021 	 26234.8005247838336800 
	 14.8515400000000000 	 26234.8010877457418246 
	 14.8609350000000013 	 26234.8016586837547948 
	 14.8703299999999992 	 26234.8022374298452633 
	 14.8797250000000005 	 26234.8028238159822649 
	 14.8891199999999984 	 26234.8034176741748524 
	 14.8985149999999997 	 26234.8040188363956986 
	 14.9079099999999993 	 26234.8046271593921119 
	 14.9173049999999989 	 26234.8052426602189371 
	 14.9267000000000003 	 26234.8058654197120632 
	 14.9360950000000017 	 26234.8064955188965541 
	 14.9454899999999995 	 26234.8071330387720081 
	 14.9548850000000009 	 26234.8077780603562132 
	 14.9642800000000005 	 26234.8084306646596815 
	 14.9736750000000001 	 26234.8090909326929250 
	 14.9830699999999997 	 26234.8097589454628178 
	 14.9924650000000010 	 26234.8104347839907859 
	 15.0018600000000006 	 26234.8111185287052649 
	 15.0112550000000020 	 26234.8118101362160814 
	 15.0206499999999998 	 26234.8125092852314992 
	 15.0300450000000012 	 26234.8132156166066125 
	 15.0394399999999990 	 26234.8139287712292571 
	 15.0488350000000004 	 26234.8146483899436134 
	 15.0582300000000000 	 26234.8153741136229655 
	 15.0676249999999996 	 26234.8161055831442354 
	 15.0770199999999992 	 26234.8168424393552414 
	 15.0864150000000006 	 26234.8175843231329054 
	 15.0958100000000002 	 26234.8183308753505116 
	 15.1052050000000015 	 26234.8190817585855257 
	 15.1146000000000011 	 26234.8198370281425014 
	 15.1239950000000007 	 26234.8205970803428499 
	 15.1333900000000003 	 26234.8213623228439246 
	 15.1427850000000017 	 26234.8221331633176305 
	 15.1521799999999995 	 26234.8229100094285968 
	 15.1615750000000009 	 26234.8236932688232628 
	 15.1709699999999987 	 26234.8244833491771715 
	 15.1803650000000001 	 26234.8252806581404002 
	 15.1897599999999997 	 26234.8260856033848540 
	 15.1991550000000011 	 26234.8268985925678862 
	 15.2085500000000007 	 26234.8277199165349884 
	 15.2179450000000003 	 26234.8285492533468641 
	 15.2273399999999999 	 26234.8293860808262252 
	 15.2367350000000012 	 26234.8302298766830063 
	 15.2461299999999991 	 26234.8310801186344179 
	 15.2555250000000004 	 26234.8319362844013085 
	 15.2649200000000000 	 26234.8327978516863368 
	 15.2743150000000014 	 26234.8336642982067133 
	 15.2837100000000010 	 26234.8345351016723725 
	 15.2931050000000024 	 26234.8354097398041631 
	 15.3025000000000002 	 26234.8362876928695187 
	 15.3118949999999980 	 26234.8371687075195950 
	 15.3212899999999994 	 26234.8380530253780307 
	 15.3306849999999990 	 26234.8389409419578442 
	 15.3400799999999986 	 26234.8398327527647780 
	 15.3494749999999982 	 26234.8407287533154886 
	 15.3588699999999996 	 26234.8416292391084426 
	 15.3682649999999992 	 26234.8425345056639344 
	 15.3776600000000006 	 26234.8434448484804307 
	 15.3870550000000001 	 26234.8443605630709499 
	 15.3964499999999997 	 26234.8452819449485105 
	 15.4058449999999993 	 26234.8462092688896519 
	 15.4152400000000007 	 26234.8471425251955225 
	 15.4246349999999985 	 26234.8480814975555404 
	 15.4340299999999999 	 26234.8490259650498047 
	 15.4434249999999977 	 26234.8499757067329483 
	 15.4528200000000009 	 26234.8509305016668804 
	 15.4622149999999987 	 26234.8518901289171481 
	 15.4716100000000001 	 26234.8528543675529363 
	 15.4810049999999997 	 26234.8538229966216022 
	 15.4903999999999993 	 26234.8547957952032448 
	 15.4997949999999989 	 26234.8557725423524971 
	 15.5091900000000003 	 26234.8567530171203543 
	 15.5185849999999981 	 26234.8577369985978294 
	 15.5279799999999994 	 26234.8587242658286414 
	 15.5373750000000008 	 26234.8597145978746994 
	 15.5467700000000004 	 26234.8607077738124644 
	 15.5561650000000000 	 26234.8617035726892937 
	 15.5655600000000014 	 26234.8627017735780100 
	 15.5749549999999992 	 26234.8637021555405227 
	 15.5843500000000006 	 26234.8647044976314646 
	 15.5937449999999984 	 26234.8657085789272969 
	 15.6031399999999998 	 26234.8667141819460085 
	 15.6125349999999976 	 26234.8677212952752598 
	 15.6219299999999990 	 26234.8687302261787408 
	 15.6313250000000004 	 26234.8697413092595525 
	 15.6407200000000000 	 26234.8707548790844157 
	 15.6501149999999996 	 26234.8717712702564313 
	 15.6595100000000009 	 26234.8727908173605101 
	 15.6689049999999988 	 26234.8738138549706491 
	 15.6783000000000001 	 26234.8748407176972250 
	 15.6876949999999997 	 26234.8758717401069589 
	 15.6970899999999993 	 26234.8769072567993135 
	 15.7064849999999989 	 26234.8779475639821612 
	 15.7158800000000021 	 26234.8789925478849909 
	 15.7252749999999999 	 26234.8800418464415998 
	 15.7346700000000013 	 26234.8810950941260671 
	 15.7440649999999991 	 26234.8821519253906445 
	 15.7534600000000005 	 26234.8832119747203251 
	 15.7628549999999983 	 26234.8842748765746364 
	 15.7722499999999997 	 26234.8853402654240199 
	 15.7816449999999993 	 26234.8864077757098130 
	 15.7910399999999989 	 26234.8874770419424749 
	 15.8004350000000002 	 26234.8885476985669811 
	 15.8098300000000016 	 26234.8896194795452175 
	 15.8192249999999994 	 26234.8906924652401358 
	 15.8286200000000008 	 26234.8917668113717809 
	 15.8380150000000004 	 26234.8928426736638357 
	 15.8474100000000000 	 26234.8939202078436210 
	 15.8568049999999996 	 26234.8949995696239057 
	 15.8662000000000010 	 26234.8960809147356485 
	 15.8755949999999988 	 26234.8971643988807045 
	 15.8849900000000002 	 26234.8982501778082224 
	 15.8943849999999998 	 26234.8993384072273329 
	 15.9037800000000011 	 26234.9004292369099858 
	 15.9131749999999990 	 26234.9015225887014822 
	 15.9225700000000003 	 26234.9026180901491898 
	 15.9319649999999999 	 26234.9037153493300139 
	 15.9413599999999995 	 26234.9048139743063075 
	 15.9507549999999991 	 26234.9059135731695278 
	 15.9601500000000005 	 26234.9070137539529242 
	 15.9695449999999983 	 26234.9081141247552296 
	 15.9789400000000015 	 26234.9092142936242453 
	 15.9883350000000011 	 26234.9103138686477905 
	 15.9977300000000007 	 26234.9114124578845804 
	 16.0071249999999985 	 26234.9125097252217529 
	 16.0165199999999999 	 26234.9136058070034778 
	 16.0259150000000012 	 26234.9147010773012880 
	 16.0353100000000026 	 26234.9157959119838779 
	 16.0447050000000004 	 26234.9168906869126658 
	 16.0541000000000018 	 26234.9179857779708982 
	 16.0634949999999996 	 26234.9190815610236314 
	 16.0728900000000010 	 26234.9201784119468357 
	 16.0822849999999988 	 26234.9212767066055676 
	 16.0916800000000002 	 26234.9223768208685215 
	 16.1010749999999980 	 26234.9234791304370447 
	 16.1104699999999994 	 26234.9245838451788586 
	 16.1198650000000008 	 26234.9256907026101544 
	 16.1292600000000022 	 26234.9267993566500081 
	 16.1386550000000000 	 26234.9279094612538756 
	 16.1480500000000013 	 26234.9290206703481090 
	 16.1574449999999992 	 26234.9301326378590602 
	 16.1668400000000005 	 26234.9312450177421852 
	 16.1762349999999984 	 26234.9323574639311119 
	 16.1856299999999997 	 26234.9334696303521923 
	 16.1950249999999976 	 26234.9345811709499685 
	 16.2044200000000025 	 26234.9356917472068744 
	 16.2138150000000003 	 26234.9368012208688015 
	 16.2232100000000017 	 26234.9379096700104128 
	 16.2326049999999995 	 26234.9390171834529610 
	 16.2420000000000009 	 26234.9401238500176987 
	 16.2513949999999987 	 26234.9412297585331544 
	 16.2607900000000001 	 26234.9423349978314945 
	 16.2701850000000015 	 26234.9434396567303338 
	 16.2795799999999993 	 26234.9445438240618387 
	 16.2889750000000006 	 26234.9456475886654516 
	 16.2983700000000020 	 26234.9467510393296834 
	 16.3077649999999998 	 26234.9478542483957426 
	 16.3171600000000012 	 26234.9489571759659157 
	 16.3265549999999990 	 26234.9500597354890488 
	 16.3359500000000004 	 26234.9511618402393651 
	 16.3453449999999982 	 26234.9522634035165538 
	 16.3547399999999996 	 26234.9533643386203039 
	 16.3641349999999974 	 26234.9544645588284766 
	 16.3735299999999988 	 26234.9555639774371230 
	 16.3829250000000002 	 26234.9566625077459321 
	 16.3923200000000016 	 26234.9577600630145753 
	 16.4017150000000029 	 26234.9588565567137266 
	 16.4111100000000008 	 26234.9599519401090220 
	 16.4205050000000021 	 26234.9610462531709345 
	 16.4299000000000035 	 26234.9621395485883113 
	 16.4392950000000013 	 26234.9632318790245336 
	 16.4486900000000027 	 26234.9643232971502584 
	 16.4580850000000005 	 26234.9654138556470571 
	 16.4674800000000019 	 26234.9665036071710347 
	 16.4768749999999997 	 26234.9675926044001244 
	 16.4862699999999975 	 26234.9686809000013454 
	 16.4956649999999989 	 26234.9697685466453549 
	 16.5050599999999967 	 26234.9708555916695332 
	 16.5144549999999981 	 26234.9719419792781991 
	 16.5238499999999959 	 26234.9730275604233611 
	 16.5332449999999973 	 26234.9741121826991730 
	 16.5426399999999987 	 26234.9751956936961506 
	 16.5520349999999965 	 26234.9762779410084477 
	 16.5614300000000014 	 26234.9773587722484081 
	 16.5708250000000028 	 26234.9784380349956336 
	 16.5802200000000006 	 26234.9795155768515542 
	 16.5896150000000020 	 26234.9805912454103236 
	 16.5990099999999998 	 26234.9816648882733716 
	 16.6084050000000012 	 26234.9827363800468447 
	 16.6177999999999990 	 26234.9838057438719261 
	 16.6271950000000004 	 26234.9848730537050869 
	 16.6365899999999982 	 26234.9859383835100743 
	 16.6459849999999996 	 26234.9870018072651874 
	 16.6553799999999974 	 26234.9880633989487251 
	 16.6647749999999988 	 26234.9891232325462624 
	 16.6741700000000002 	 26234.9901813820324605 
	 16.6835649999999980 	 26234.9912379213856184 
	 16.6929599999999994 	 26234.9922929245876730 
	 16.7023550000000007 	 26234.9933464655987336 
	 16.7117499999999986 	 26234.9943986184225651 
	 16.7211449999999999 	 26234.9954494570301904 
	 16.7305400000000013 	 26234.9964990553999087 
	 16.7399350000000027 	 26234.9975474874991050 
	 16.7493300000000005 	 26234.9985948273206304 
	 16.7587250000000019 	 26234.9996411488282320 
	 16.7681199999999997 	 26235.0006865260074846 
	 16.7775150000000011 	 26235.0017310328476015 
	 16.7869099999999989 	 26235.0027747433123295 
	 16.7963050000000003 	 26235.0038177313763299 
	 16.8056999999999981 	 26235.0048600538211758 
	 16.8150949999999995 	 26235.0059015163897129 
	 16.8244899999999973 	 26235.0069417350459844 
	 16.8338849999999987 	 26235.0079803210464888 
	 16.8432800000000000 	 26235.0090168856477248 
	 16.8526749999999979 	 26235.0100510400989151 
	 16.8620699999999992 	 26235.0110823956601962 
	 16.8714650000000006 	 26235.0121105635880667 
	 16.8808599999999984 	 26235.0131351551390253 
	 16.8902549999999998 	 26235.0141557815732085 
	 16.8996499999999976 	 26235.0151720541362010 
	 16.9090450000000025 	 26235.0161836871702690 
	 16.9184400000000004 	 26235.0171908560223528 
	 16.9278350000000017 	 26235.0181938649257063 
	 16.9372299999999996 	 26235.0191930181390489 
	 16.9466250000000009 	 26235.0201886198883585 
	 16.9560199999999988 	 26235.0211809744250786 
	 16.9654150000000001 	 26235.0221703859788249 
	 16.9748100000000015 	 26235.0231571588119550 
	 16.9842049999999993 	 26235.0241415971395327 
	 16.9936000000000007 	 26235.0251240052239154 
	 17.0029950000000021 	 26235.0261046849773265 
	 17.0123899999999999 	 26235.0270837835450948 
	 17.0217850000000013 	 26235.0280611985945143 
	 17.0311799999999991 	 26235.0290368051937548 
	 17.0405750000000005 	 26235.0300104784328141 
	 17.0499699999999983 	 26235.0309820933653100 
	 17.0593649999999997 	 26235.0319515250739641 
	 17.0687599999999975 	 26235.0329186486123945 
	 17.0781549999999989 	 26235.0338833390633226 
	 17.0875500000000002 	 26235.0348454715058324 
	 17.0969450000000016 	 26235.0358049209826277 
	 17.1063399999999994 	 26235.0367615729046520 
	 17.1157350000000008 	 26235.0377154291381885 
	 17.1251299999999986 	 26235.0386665650585201 
	 17.1345250000000000 	 26235.0396150572378247 
	 17.1439200000000014 	 26235.0405609821900725 
	 17.1533149999999992 	 26235.0415044164874416 
	 17.1627100000000006 	 26235.0424454366657301 
	 17.1721050000000020 	 26235.0433841192716500 
	 17.1814999999999998 	 26235.0443205408519134 
	 17.1908950000000011 	 26235.0452547779568704 
	 17.2002899999999990 	 26235.0461869071114052 
	 17.2096850000000003 	 26235.0471169552001811 
	 17.2190799999999982 	 26235.0480447678237397 
	 17.2284749999999995 	 26235.0489701493570465 
	 17.2378699999999974 	 26235.0498929041168594 
	 17.2472649999999987 	 26235.0508128364672302 
	 17.2566599999999966 	 26235.0517297507431067 
	 17.2660550000000015 	 26235.0526434512903506 
	 17.2754500000000029 	 26235.0535537424511858 
	 17.2848450000000007 	 26235.0544604285678361 
	 17.2942400000000021 	 26235.0553633139788872 
	 17.3036350000000034 	 26235.0562622078323329 
	 17.3130300000000013 	 26235.0571571204782231 
	 17.3224250000000026 	 26235.0580483328703849 
	 17.3318200000000004 	 26235.0589361450256547 
	 17.3412150000000018 	 26235.0598208569317649 
	 17.3506099999999996 	 26235.0607027685800858 
	 17.3600050000000010 	 26235.0615821799765399 
	 17.3693999999999988 	 26235.0624593911052216 
	 17.3787950000000002 	 26235.0633347019720532 
	 17.3881899999999980 	 26235.0642084125756810 
	 17.3975849999999994 	 26235.0650808229111135 
	 17.4069799999999972 	 26235.0659521804809629 
	 17.4163749999999986 	 26235.0668222649073869 
	 17.4257699999999964 	 26235.0676906102307839 
	 17.4351649999999978 	 26235.0685567483087652 
	 17.4445600000000027 	 26235.0694202110062179 
	 17.4539550000000006 	 26235.0702805301734770 
	 17.4633500000000019 	 26235.0711372376717918 
	 17.4727450000000033 	 26235.0719898653696873 
	 17.4821400000000011 	 26235.0728379451247747 
	 17.4915350000000025 	 26235.0736810087728372 
	 17.5009300000000003 	 26235.0745185883570230 
	 17.5103250000000017 	 26235.0753504321073706 
	 17.5197199999999995 	 26235.0761769326200010 
	 17.5291150000000009 	 26235.0769986020131910 
	 17.5385099999999987 	 26235.0778159523724753 
	 17.5479050000000001 	 26235.0786294958015787 
	 17.5572999999999979 	 26235.0794397444187780 
	 17.5666949999999993 	 26235.0802472103205218 
	 17.5760900000000007 	 26235.0810524056105351 
	 17.5854849999999985 	 26235.0818558423816285 
	 17.5948799999999999 	 26235.0826580327484407 
	 17.6042750000000012 	 26235.0834594747429946 
	 17.6136700000000026 	 26235.0842602623743005 
	 17.6230650000000040 	 26235.0850600353405753 
	 17.6324600000000018 	 26235.0858584091583907 
	 17.6418550000000032 	 26235.0866549993152148 
	 17.6512500000000010 	 26235.0874494213458092 
	 17.6606449999999988 	 26235.0882412907485559 
	 17.6700400000000002 	 26235.0890302230473026 
	 17.6794349999999980 	 26235.0898158337295172 
	 17.6888299999999994 	 26235.0905977383226855 
	 17.6982249999999972 	 26235.0913755523215514 
	 17.7076199999999986 	 26235.0921489379325067 
	 17.7170150000000000 	 26235.0929178903170396 
	 17.7264099999999978 	 26235.0936825493336073 
	 17.7358049999999992 	 26235.0944430554263818 
	 17.7452000000000005 	 26235.0951995490286208 
	 17.7545949999999984 	 26235.0959521705917723 
	 17.7639899999999997 	 26235.0967010605418182 
	 17.7733849999999975 	 26235.0974463593302062 
	 17.7827799999999989 	 26235.0981882074011082 
	 17.7921750000000003 	 26235.0989267451877822 
	 17.8015700000000017 	 26235.0996621131089341 
	 17.8109649999999995 	 26235.1003944443727960 
	 17.8203600000000009 	 26235.1011238544851949 
	 17.8297549999999987 	 26235.1018504562925955 
	 17.8391500000000001 	 26235.1025743626742042 
	 17.8485450000000014 	 26235.1032956864692096 
	 17.8579399999999993 	 26235.1040145405422663 
	 17.8673350000000006 	 26235.1047310377471149 
	 17.8767300000000020 	 26235.1054452909302199 
	 17.8861249999999998 	 26235.1061574129780638 
	 17.8955200000000012 	 26235.1068675167189213 
	 17.9049149999999990 	 26235.1075757050202810 
	 17.9143100000000004 	 26235.1082818737268099 
	 17.9237049999999982 	 26235.1089857238403056 
	 17.9330999999999996 	 26235.1096869487882941 
	 17.9424949999999974 	 26235.1103852419910254 
	 17.9518899999999988 	 26235.1110802968687494 
	 17.9612849999999966 	 26235.1117718068380782 
	 17.9706800000000015 	 26235.1124594653301756 
	 17.9800749999999994 	 26235.1131429657543777 
	 17.9894700000000007 	 26235.1138220015345723 
	 17.9988649999999986 	 26235.1144962660982856 
	 18.0082599999999999 	 26235.1151655357789423 
	 18.0176550000000013 	 26235.1158300648748991 
	 18.0270499999999991 	 26235.1164902786076709 
	 18.0364450000000005 	 26235.1171466024206893 
	 18.0458400000000019 	 26235.1177994617282820 
	 18.0552349999999997 	 26235.1184492819847947 
	 18.0646300000000011 	 26235.1190964886336587 
	 18.0740249999999989 	 26235.1197415070892021 
	 18.0834200000000003 	 26235.1203847627984942 
	 18.0928149999999981 	 26235.1210266811940528 
	 18.1022099999999995 	 26235.1216676860240113 
	 18.1116049999999973 	 26235.1223079627816333 
	 18.1209999999999987 	 26235.1229472150516813 
	 18.1303949999999965 	 26235.1235850882767409 
	 18.1397899999999979 	 26235.1242212278884836 
	 18.1491850000000028 	 26235.1248552793294948 
	 18.1585800000000006 	 26235.1254868880168942 
	 18.1679750000000020 	 26235.1261156994223711 
	 18.1773700000000034 	 26235.1267413589521311 
	 18.1867650000000012 	 26235.1273635120633116 
	 18.1961600000000026 	 26235.1279818041803082 
	 18.2055550000000004 	 26235.1285958969456260 
	 18.2149500000000018 	 26235.1292057031714648 
	 18.2243449999999996 	 26235.1298113334523805 
	 18.2337400000000009 	 26235.1304129037598614 
	 18.2431349999999988 	 26235.1310105300653959 
	 18.2525300000000001 	 26235.1316043283441104 
	 18.2619249999999980 	 26235.1321944145456655 
	 18.2713199999999993 	 26235.1327809046379116 
	 18.2807149999999972 	 26235.1333639145996131 
	 18.2901099999999985 	 26235.1339435603913444 
	 18.2995049999999964 	 26235.1345199579773180 
	 18.3088999999999977 	 26235.1350932335080870 
	 18.3182949999999991 	 26235.1356635607990029 
	 18.3276900000000005 	 26235.1362311276316177 
	 18.3370850000000019 	 26235.1367961217729317 
	 18.3464800000000032 	 26235.1373587310226867 
	 18.3558750000000011 	 26235.1379191431442450 
	 18.3652700000000024 	 26235.1384775459118828 
	 18.3746650000000002 	 26235.1390341271180660 
	 18.3840600000000016 	 26235.1395890745334327 
	 18.3934549999999994 	 26235.1401425759395352 
	 18.4028500000000008 	 26235.1406948166986695 
	 18.4122449999999986 	 26235.1412458003906067 
	 18.4216400000000000 	 26235.1417952252340910 
	 18.4310349999999978 	 26235.1423427602203446 
	 18.4404299999999992 	 26235.1428880743296759 
	 18.4498250000000006 	 26235.1434308365423931 
	 18.4592199999999984 	 26235.1439707158533565 
	 18.4686149999999998 	 26235.1445073812501505 
	 18.4780100000000012 	 26235.1450405016985314 
	 18.4874049999999990 	 26235.1455697462042735 
	 18.4968000000000004 	 26235.1460947837404092 
	 18.5061950000000017 	 26235.1466153128785663 
	 18.5155900000000031 	 26235.1471313852598541 
	 18.5249850000000009 	 26235.1476432847957767 
	 18.5343800000000023 	 26235.1481512994760124 
	 18.5437750000000001 	 26235.1486557172647736 
	 18.5531700000000015 	 26235.1491568261699285 
	 18.5625649999999993 	 26235.1496549141666037 
	 18.5719600000000007 	 26235.1501502692372014 
	 18.5813549999999985 	 26235.1506431793677621 
	 18.5907499999999999 	 26235.1511339325516019 
	 18.6001449999999977 	 26235.1516228167565714 
	 18.6095399999999991 	 26235.1521100390455103 
	 18.6189350000000005 	 26235.1525954973185435 
	 18.6283299999999983 	 26235.1530790157485171 
	 18.6377249999999997 	 26235.1535604184646218 
	 18.6471200000000010 	 26235.1540395296178758 
	 18.6565149999999988 	 26235.1545161733483837 
	 18.6659100000000002 	 26235.1549901737926120 
	 18.6753050000000016 	 26235.1554613551052171 
	 18.6847000000000030 	 26235.1559295414335793 
	 18.6940950000000008 	 26235.1563945569068892 
	 18.7034900000000022 	 26235.1568562283209758 
	 18.7128850000000000 	 26235.1573145046422724 
	 18.7222800000000014 	 26235.1577695059786492 
	 18.7316749999999992 	 26235.1582213652000064 
	 18.7410700000000006 	 26235.1586702151871577 
	 18.7504650000000019 	 26235.1591161888245551 
	 18.7598599999999998 	 26235.1595594189930125 
	 18.7692550000000011 	 26235.1600000385660678 
	 18.7786500000000025 	 26235.1604381804390869 
	 18.7880450000000003 	 26235.1608739774674177 
	 18.7974400000000017 	 26235.1613075625391502 
	 18.8068349999999995 	 26235.1617390622923267 
	 18.8162300000000009 	 26235.1621685444952163 
	 18.8256249999999987 	 26235.1625960447854595 
	 18.8350199999999965 	 26235.1630215984259848 
	 18.8444149999999979 	 26235.1634452407015488 
	 18.8538099999999993 	 26235.1638670068714418 
	 18.8632050000000007 	 26235.1642869322313345 
	 18.8725999999999985 	 26235.1647050520477933 
	 18.8819949999999999 	 26235.1651214016019367 
	 18.8913900000000012 	 26235.1655360161712451 
	 18.9007849999999991 	 26235.1659489310077333 
	 18.9101800000000004 	 26235.1663601540421951 
	 18.9195750000000018 	 26235.1667696078693552 
	 18.9289699999999996 	 26235.1671771985020314 
	 18.9383650000000010 	 26235.1675828319785069 
	 18.9477599999999988 	 26235.1679864143261511 
	 18.9571550000000002 	 26235.1683878515686956 
	 18.9665499999999980 	 26235.1687870497225958 
	 18.9759449999999994 	 26235.1691839148188592 
	 18.9853399999999972 	 26235.1695783528921311 
	 18.9947349999999986 	 26235.1699702699479531 
	 19.0041299999999964 	 26235.1703595729813969 
	 19.0135249999999978 	 26235.1707461988262367 
	 19.0229199999999992 	 26235.1711301192699466 
	 19.0323150000000005 	 26235.1715113080681476 
	 19.0417100000000019 	 26235.1718897390055645 
	 19.0511050000000033 	 26235.1722653858450940 
	 19.0605000000000011 	 26235.1726382223496330 
	 19.0698950000000025 	 26235.1730082223039062 
	 19.0792900000000003 	 26235.1733753594635346 
	 19.0886850000000017 	 26235.1737396075986908 
	 19.0980799999999995 	 26235.1741009404940996 
	 19.1074750000000009 	 26235.1744593495168374 
	 19.1168699999999987 	 26235.1748149580998870 
	 19.1262650000000001 	 26235.1751679495646385 
	 19.1356599999999979 	 26235.1755185075417103 
	 19.1450549999999993 	 26235.1758668156544445 
	 19.1544499999999971 	 26235.1762130575334595 
	 19.1638449999999985 	 26235.1765574167911836 
	 19.1732399999999963 	 26235.1769000770655111 
	 19.1826349999999977 	 26235.1772412219797843 
	 19.1920299999999990 	 26235.1775810351537075 
	 19.2014249999999969 	 26235.1779197000068962 
	 19.2108200000000018 	 26235.1782573068921920 
	 19.2202150000000032 	 26235.1785937081040174 
	 19.2296100000000010 	 26235.1789287184001296 
	 19.2390050000000024 	 26235.1792621525382856 
	 19.2484000000000002 	 26235.1795938252798805 
	 19.2577950000000016 	 26235.1799235513717576 
	 19.2671899999999994 	 26235.1802511455898639 
	 19.2765850000000007 	 26235.1805764226846804 
	 19.2859799999999986 	 26235.1808991974103265 
	 19.2953749999999999 	 26235.1812192845281970 
	 19.3047699999999978 	 26235.1815365064649086 
	 19.3141649999999991 	 26235.1818508559117618 
	 19.3235600000000005 	 26235.1821624923977652 
	 19.3329549999999983 	 26235.1824715824368468 
	 19.3423499999999997 	 26235.1827782925720385 
	 19.3517450000000011 	 26235.1830827893136302 
	 19.3611399999999989 	 26235.1833852392010158 
	 19.3705350000000003 	 26235.1836858087590372 
	 19.3799300000000017 	 26235.1839846645052603 
	 19.3893250000000030 	 26235.1842819729863550 
	 19.3987200000000009 	 26235.1845779007089732 
	 19.4081150000000022 	 26235.1848725893469236 
	 19.4175100000000000 	 26235.1851660302236269 
	 19.4269050000000014 	 26235.1854581584811967 
	 19.4362999999999992 	 26235.1857489091162279 
	 19.4456950000000006 	 26235.1860382171798847 
	 19.4550899999999984 	 26235.1863260176833137 
	 19.4644849999999998 	 26235.1866122456558514 
	 19.4738799999999976 	 26235.1868968361268344 
	 19.4832749999999990 	 26235.1871797241219610 
	 19.4926700000000004 	 26235.1874608446560160 
	 19.5020649999999982 	 26235.1877401328201813 
	 19.5114599999999996 	 26235.1880175314654480 
	 19.5208550000000010 	 26235.1882929999010230 
	 19.5302499999999988 	 26235.1885664995497791 
	 19.5396450000000002 	 26235.1888379918127612 
	 19.5490399999999980 	 26235.1891074380764621 
	 19.5584349999999993 	 26235.1893747997601167 
	 19.5678300000000007 	 26235.1896400382684078 
	 19.5772250000000021 	 26235.1899031150023802 
	 19.5866199999999999 	 26235.1901639913703548 
	 19.5960150000000013 	 26235.1904226287624624 
	 19.6054099999999991 	 26235.1906789950771781 
	 19.6148050000000005 	 26235.1909331648130319 
	 19.6242000000000019 	 26235.1911853000237898 
	 19.6335949999999997 	 26235.1914355652916129 
	 19.6429900000000011 	 26235.1916841252350423 
	 19.6523850000000024 	 26235.1919311444653431 
	 19.6617800000000003 	 26235.1921767875865044 
	 19.6711750000000016 	 26235.1924212192025152 
	 19.6805699999999995 	 26235.1926646039137268 
	 19.6899650000000008 	 26235.1929071063386800 
	 19.6993599999999986 	 26235.1931488910740882 
	 19.7087550000000000 	 26235.1933900817530230 
	 19.7181499999999978 	 26235.1936306007883104 
	 19.7275449999999992 	 26235.1938703089181217 
	 19.7369400000000006 	 26235.1941090669097321 
	 19.7463350000000020 	 26235.1943467354903987 
	 19.7557299999999998 	 26235.1945831754128449 
	 19.7651250000000012 	 26235.1948182474152418 
	 19.7745199999999990 	 26235.1950518122393987 
	 19.7839150000000004 	 26235.1952837306380388 
	 19.7933100000000017 	 26235.1955138633420574 
	 19.8027049999999996 	 26235.1957420716207707 
	 19.8121000000000009 	 26235.1959682616252394 
	 19.8214950000000023 	 26235.1961924180723145 
	 19.8308900000000001 	 26235.1964145336314687 
	 19.8402850000000015 	 26235.1966346009721747 
	 19.8496799999999993 	 26235.1968526127529913 
	 19.8590750000000007 	 26235.1970685616397532 
	 19.8684699999999985 	 26235.1972824403019331 
	 19.8778649999999999 	 26235.1974942414126417 
	 19.8872599999999977 	 26235.1977039576340758 
	 19.8966549999999991 	 26235.1979115816211561 
	 19.9060499999999969 	 26235.1981171122351952 
	 19.9154450000000018 	 26235.1983206264631008 
	 19.9248400000000032 	 26235.1985222548646561 
	 19.9342350000000010 	 26235.1987221290291927 
	 19.9436300000000024 	 26235.1989203805642319 
	 19.9530250000000038 	 26235.1991171410627430 
	 19.9624200000000016 	 26235.1993125421140576 
	 19.9718150000000030 	 26235.1995067153293348 
	 19.9812100000000008 	 26235.1996997922979062 
	 19.9906050000000022 	 26235.1998919046236551 
	 20.0000000000000000 	 26235.2000831839031889 