	 1.2100000000000000 	 -3.5225235119999998 
	 1.2193950000000000 	 -3.5962798759958625 
	 1.2287900000000000 	 -3.6655513622006124 
	 1.2381850000000001 	 -3.7305781029259015 
	 1.2475799999999999 	 -3.7915891480085979 
	 1.2569750000000002 	 -3.8488136214226722 
	 1.2663700000000000 	 -3.9025061186313588 
	 1.2757650000000000 	 -3.9528243748617049 
	 1.2851600000000001 	 -3.9999939872150470 
	 1.2945550000000001 	 -4.0442267640897587 
	 1.3039499999999999 	 -4.0856285965628416 
	 1.3133450000000000 	 -4.1244064922458197 
	 1.3227400000000000 	 -4.1608116790150254 
	 1.3321350000000001 	 -4.1949764591763916 
	 1.3415300000000001 	 -4.2270231302722685 
	 1.3509249999999999 	 -4.2570901320786669 
	 1.3603200000000000 	 -4.2853222190679423 
	 1.3697150000000000 	 -4.3117901919724613 
	 1.3791099999999998 	 -4.3366208346142763 
	 1.3885049999999999 	 -4.3599510535143482 
	 1.3978999999999999 	 -4.3818819022968780 
	 1.4072950000000000 	 -4.4025025532618942 
	 1.4166900000000000 	 -4.4219033963860293 
	 1.4260850000000000 	 -4.4401832977924558 
	 1.4354799999999999 	 -4.4574025058326505 
	 1.4448749999999999 	 -4.4735941447275964 
	 1.4542700000000000 	 -4.4888687988101941 
	 1.4636650000000000 	 -4.5034067053613898 
	 1.4730600000000000 	 -4.5172022150887292 
	 1.4824550000000001 	 -4.5301604953097128 
	 1.4918499999999999 	 -4.5424314963806616 
	 1.5012450000000002 	 -4.5541378867917217 
	 1.5106400000000000 	 -4.5652886517656572 
	 1.5200350000000000 	 -4.5758919899670056 
	 1.5294300000000001 	 -4.5860042377186243 
	 1.5388250000000001 	 -4.5956915360135193 
	 1.5482200000000002 	 -4.6050133331855330 
	 1.5576150000000002 	 -4.6139899867687379 
	 1.5670099999999998 	 -4.6226277023795195 
	 1.5764049999999998 	 -4.6309343894525794 
	 1.5857999999999999 	 -4.6389369336587114 
	 1.5951949999999999 	 -4.6466740104005106 
	 1.6045900000000000 	 -4.6541850385281771 
	 1.6139850000000000 	 -4.6615097176936287 
	 1.6233799999999998 	 -4.6686805209434397 
	 1.6327749999999999 	 -4.6757210907268627 
	 1.6421699999999999 	 -4.6826545341210215 
	 1.6515649999999999 	 -4.6895039187388443 
	 1.6609600000000000 	 -4.6962789280331032 
	 1.6703550000000000 	 -4.7029723419481710 
	 1.6797499999999999 	 -4.7096142556612648 
	 1.6891450000000001 	 -4.7162261941326165 
	 1.6985399999999999 	 -4.7228241183729383 
	 1.7079350000000000 	 -4.7294149299743342 
	 1.7173300000000000 	 -4.7360025609647760 
	 1.7267250000000001 	 -4.7425951608027459 
	 1.7361199999999999 	 -4.7492421114000418 
	 1.7455150000000001 	 -4.7560101537909336 
	 1.7549100000000000 	 -4.7628725548471236 
	 1.7643049999999998 	 -4.7697322802670659 
	 1.7736999999999998 	 -4.7766113592552530 
	 1.7830949999999999 	 -4.7835864384752576 
	 1.7924899999999999 	 -4.7906508394549823 
	 1.8018850000000000 	 -4.7978164775481318 
	 1.8112800000000000 	 -4.8050905190605011 
	 1.8206750000000000 	 -4.8124794135655575 
	 1.8300700000000001 	 -4.8199898474529181 
	 1.8394650000000001 	 -4.8276283165725227 
	 1.8488600000000002 	 -4.8354004182480415 
	 1.8582550000000002 	 -4.8433115301370595 
	 1.8676499999999998 	 -4.8513669357618667 
	 1.8770449999999999 	 -4.8595713061902277 
	 1.8864399999999999 	 -4.8679293849141878 
	 1.8958349999999999 	 -4.8764451006381337 
	 1.9052300000000000 	 -4.8851217410345136 
	 1.9146250000000000 	 -4.8939626293804901 
	 1.9240199999999998 	 -4.9029721606079235 
	 1.9334150000000001 	 -4.9121557281663630 
	 1.9428099999999999 	 -4.9215141440603238 
	 1.9522050000000000 	 -4.9310416859651376 
	 1.9616000000000000 	 -4.9407448521378292 
	 1.9709950000000001 	 -4.9506558952996400 
	 1.9803900000000001 	 -4.9607715535773691 
	 1.9897850000000001 	 -4.9710207383956533 
	 1.9991800000000000 	 -4.9814535234182831 
	 2.0085750000000000 	 -4.9920808242970454 
	 2.0179700000000000 	 -5.0028947902786571 
	 2.0273649999999996 	 -5.0138946301322491 
	 2.0367600000000001 	 -5.0250823119965293 
	 2.0461549999999997 	 -5.0364596937752388 
	 2.0555499999999998 	 -5.0480272196084854 
	 2.0649449999999998 	 -5.0597844164489079 
	 2.0743399999999999 	 -5.0717312618495569 
	 2.0837349999999999 	 -5.0838679164536495 
	 2.0931299999999999 	 -5.0961942611722000 
	 2.1025250000000000 	 -5.1087097500618057 
	 2.1119199999999996 	 -5.1214146696991438 
	 2.1213150000000001 	 -5.1343092471425020 
	 2.1307099999999997 	 -5.1473878716319152 
	 2.1401050000000001 	 -5.1606459942507206 
	 2.1494999999999997 	 -5.1740850710035104 
	 2.1588950000000002 	 -5.1877077537021092 
	 2.1682899999999998 	 -5.2015166941583306 
	 2.1776850000000003 	 -5.2155145441839990 
	 2.1870799999999999 	 -5.2297030547321306 
	 2.1964750000000000 	 -5.2440765226390402 
	 2.2058700000000000 	 -5.2586286043035901 
	 2.2152650000000000 	 -5.2733570501496194 
	 2.2246600000000001 	 -5.2882612342506699 
	 2.2340550000000001 	 -5.3033405902433097 
	 2.2434500000000002 	 -5.3185952996151711 
	 2.2528449999999998 	 -5.3340245589612163 
	 2.2622400000000003 	 -5.3496254363691298 
	 2.2716349999999998 	 -5.3653957315354912 
	 2.2810300000000003 	 -5.3813341839065876 
	 2.2904249999999999 	 -5.3974405224785462 
	 2.2998200000000000 	 -5.4137117338948642 
	 2.3092150000000000 	 -5.4301442585969388 
	 2.3186100000000001 	 -5.4467345370261633 
	 2.3280050000000001 	 -5.4634835842673004 
	 2.3373999999999997 	 -5.4804156332337595 
	 2.3467950000000002 	 -5.4975239823930879 
	 2.3561899999999998 	 -5.5147824563135845 
	 2.3655850000000003 	 -5.5321663970493065 
	 2.3749799999999999 	 -5.5496759958079398 
	 2.3843749999999999 	 -5.5673303714055971 
	 2.3937700000000000 	 -5.5851360630574636 
	 2.4031650000000000 	 -5.6030853553096964 
	 2.4125600000000000 	 -5.6211737576972389 
	 2.4219550000000001 	 -5.6394010685014475 
	 2.4313500000000001 	 -5.6577647214251883 
	 2.4407449999999997 	 -5.6762627253207372 
	 2.4501400000000002 	 -5.6948932112994894 
	 2.4595349999999998 	 -5.7136532397166562 
	 2.4689300000000003 	 -5.7325380404015505 
	 2.4783249999999999 	 -5.7515523778377897 
	 2.4877199999999999 	 -5.7706943118653529 
	 2.4971150000000000 	 -5.7899051729720838 
	 2.5065100000000005 	 -5.8091873609703235 
	 2.5159050000000001 	 -5.8285883034455344 
	 2.5253000000000001 	 -5.8481528065971800 
	 2.5346950000000001 	 -5.8678742895879630 
	 2.5440899999999997 	 -5.8877041007769542 
	 2.5534850000000002 	 -5.9076356929145071 
	 2.5628799999999998 	 -5.9276766773819718 
	 2.5722749999999999 	 -5.9478080215327136 
	 2.5816699999999999 	 -5.9680393333659563 
	 2.5910650000000000 	 -5.9883677865500298 
	 2.6004600000000000 	 -6.0087894194738771 
	 2.6098550000000000 	 -6.0293025223254775 
	 2.6192500000000001 	 -6.0499057849462705 
	 2.6286449999999997 	 -6.0705976262719030 
	 2.6380400000000002 	 -6.0913750871738799 
	 2.6474349999999998 	 -6.1122347714275564 
	 2.6568300000000002 	 -6.1331735453681979 
	 2.6662249999999998 	 -6.1541907465749057 
	 2.6756200000000003 	 -6.1752868547115360 
	 2.6850149999999999 	 -6.1964592428947496 
	 2.6944100000000004 	 -6.2177045674665523 
	 2.7038050000000000 	 -6.2390209518458439 
	 2.7132000000000001 	 -6.2604065539380205 
	 2.7225950000000001 	 -6.2818635376940124 
	 2.7319900000000001 	 -6.3033989920353033 
	 2.7413850000000002 	 -6.3250120690441207 
	 2.7507800000000002 	 -6.3466889429616975 
	 2.7601750000000003 	 -6.3684247412899335 
	 2.7695699999999999 	 -6.3902192031807008 
	 2.7789650000000004 	 -6.4120167898561338 
	 2.7883599999999999 	 -6.4338393031534444 
	 2.7977550000000004 	 -6.4557362311200226 
	 2.8071500000000000 	 -6.4777463776934230 
	 2.8165450000000001 	 -6.4998251942893246 
	 2.8259399999999997 	 -6.5219492591838613 
	 2.8353349999999997 	 -6.5441332704877180 
	 2.8447299999999998 	 -6.5663790362303365 
	 2.8541249999999998 	 -6.5886771317107513 
	 2.8635199999999998 	 -6.6110179023307287 
	 2.8729149999999999 	 -6.6333969960486616 
	 2.8823099999999995 	 -6.6558174249731472 
	 2.8917050000000000 	 -6.6782827384784174 
	 2.9010999999999996 	 -6.7007948914851108 
	 2.9104950000000001 	 -6.7233520911781897 
	 2.9198899999999997 	 -6.7459524315148309 
	 2.9292850000000001 	 -6.7685954577205312 
	 2.9386799999999997 	 -6.7912810247140154 
	 2.9480750000000002 	 -6.8140089520166054 
	 2.9574699999999998 	 -6.8367788588299536 
	 2.9668650000000003 	 -6.8595904037997091 
	 2.9762599999999999 	 -6.8824432774862592 
	 2.9856549999999999 	 -6.9053371823243337 
	 2.9950500000000000 	 -6.9282721889698742 
	 3.0044450000000000 	 -6.9512486502111148 
	 3.0138400000000001 	 -6.9742669260118131 
	 3.0232350000000001 	 -6.9973273564715175 
	 3.0326300000000002 	 -7.0204291790349727 
	 3.0420250000000002 	 -7.0435699949315156 
	 3.0514200000000002 	 -7.0667513880073374 
	 3.0608149999999998 	 -7.0899837295256827 
	 3.0702099999999999 	 -7.1132515221182731 
	 3.0796049999999999 	 -7.1364937853917683 
	 3.0890000000000000 	 -7.1597753662094235 
	 3.0983950000000000 	 -7.1831679875131575 
	 3.1077900000000001 	 -7.2066129642839538 
	 3.1171850000000001 	 -7.2300979320706249 
	 3.1265800000000001 	 -7.2536303292059969 
	 3.1359749999999997 	 -7.2772076556387759 
	 3.1453699999999998 	 -7.3008303630485818 
	 3.1547649999999998 	 -7.3244996215851863 
	 3.1641599999999999 	 -7.3482157054420778 
	 3.1735549999999995 	 -7.3719791277735363 
	 3.1829499999999999 	 -7.3957904131260994 
	 3.1923449999999995 	 -7.4196500719585723 
	 3.2017400000000000 	 -7.4435585916649476 
	 3.2111349999999996 	 -7.4675164399313205 
	 3.2205300000000001 	 -7.4915240435366393 
	 3.2299249999999997 	 -7.5155818234568832 
	 3.2393200000000002 	 -7.5396902006680424 
	 3.2487149999999998 	 -7.5638495848401179 
	 3.2581100000000003 	 -7.5880603294148123 
	 3.2675049999999999 	 -7.6123227703873706 
	 3.2769000000000004 	 -7.6366372436477326 
	 3.2862950000000000 	 -7.6610040793185759 
	 3.2956900000000005 	 -7.6854235513256537 
	 3.3050850000000001 	 -7.7098958979738885 
	 3.3144800000000001 	 -7.7344213564177169 
	 3.3238750000000001 	 -7.7590001473083943 
	 3.3332700000000002 	 -7.7836324099225225 
	 3.3426650000000002 	 -7.8083182067088854 
	 3.3520600000000003 	 -7.8330581759940436 
	 3.3614549999999999 	 -7.8578530049921991 
	 3.3708500000000003 	 -7.8827013919488582 
	 3.3802449999999999 	 -7.9076017687219586 
	 3.3896400000000000 	 -7.9325549303274725 
	 3.3990350000000000 	 -7.9575636441980535 
	 3.4084300000000001 	 -7.9826079861577321 
	 3.4178249999999997 	 -8.0076904191499967 
	 3.4272200000000002 	 -8.0328238897420228 
	 3.4366149999999998 	 -8.0580213530013545 
	 3.4460099999999998 	 -8.0832957639955492 
	 3.4554049999999998 	 -8.1086583581881087 
	 3.4647999999999999 	 -8.1340919452478282 
	 3.4741949999999999 	 -8.1595567948018424 
	 3.4835900000000000 	 -8.1850367319918238 
	 3.4929850000000000 	 -8.2105434630359824 
	 3.5023799999999996 	 -8.2360902336343731 
	 3.5117750000000001 	 -8.2616902894870634 
	 3.5211699999999997 	 -8.2873568626663481 
	 3.5305649999999997 	 -8.3130932068652825 
	 3.5399599999999998 	 -8.3388812247210158 
	 3.5493550000000003 	 -8.3647184153423630 
	 3.5587499999999999 	 -8.3906042907538385 
	 3.5681449999999999 	 -8.4165379135607825 
	 3.5775399999999999 	 -8.4425190165622066 
	 3.5869350000000004 	 -8.4685465330582996 
	 3.5963300000000000 	 -8.4946216084095187 
	 3.6057249999999996 	 -8.5207428965769747 
	 3.6151200000000001 	 -8.5469064006101672 
	 3.6245150000000002 	 -8.5731082374169851 
	 3.6339100000000002 	 -8.5993484633611867 
	 3.6433049999999998 	 -8.6256312790598315 
	 3.6527000000000003 	 -8.6519610190501304 
	 3.6620950000000003 	 -8.6783366191944964 
	 3.6714900000000004 	 -8.7047514557016328 
	 3.6808850000000000 	 -8.7312054255972011 
	 3.6902800000000000 	 -8.7576975618011534 
	 3.6996750000000000 	 -8.7842268319229504 
	 3.7090700000000001 	 -8.8107922549522915 
	 3.7184650000000001 	 -8.8373928483594355 
	 3.7278600000000002 	 -8.8640275164530493 
	 3.7372550000000002 	 -8.8906952992629051 
	 3.7466499999999998 	 -8.9173950598631073 
	 3.7560450000000003 	 -8.9441255327747058 
	 3.7654399999999999 	 -8.9708854516747287 
	 3.7748350000000004 	 -8.9976735502402150 
	 3.7842300000000000 	 -9.0244886073068731 
	 3.7936250000000000 	 -9.0513306799868563 
	 3.8030200000000001 	 -9.0781992117285455 
	 3.8124150000000006 	 -9.1050908682435541 
	 3.8218100000000002 	 -9.1320029445576498 
	 3.8312049999999997 	 -9.1589343203788083 
	 3.8406000000000002 	 -9.1858840532388353 
	 3.8499950000000003 	 -9.2128512006695367 
	 3.8593899999999999 	 -9.2398346958610169 
	 3.8687849999999999 	 -9.2668329738418738 
	 3.8781799999999995 	 -9.2938443630085548 
	 3.8875749999999996 	 -9.3208672989169585 
	 3.8969699999999996 	 -9.3479001479342152 
	 3.9063649999999996 	 -9.3749407015515800 
	 3.9157599999999997 	 -9.4019895236825359 
	 3.9251549999999997 	 -9.4290353376514595 
	 3.9345499999999998 	 -9.4560821970251432 
	 3.9439449999999998 	 -9.4831397094596728 
	 3.9533399999999999 	 -9.5101987618517576 
	 3.9627349999999995 	 -9.5372531812586132 
	 3.9721299999999999 	 -9.5643024322631796 
	 3.9815249999999995 	 -9.5913464238650352 
	 3.9909200000000000 	 -9.6183841383682793 
	 4.0003149999999996 	 -9.6454122581757922 
	 4.0097100000000001 	 -9.6724275871348944 
	 4.0191049999999997 	 -9.6994286372084488 
	 4.0285000000000002 	 -9.7264141905700470 
	 4.0378949999999998 	 -9.7533823704111455 
	 4.0472900000000003 	 -9.7803309284475510 
	 4.0566849999999999 	 -9.8072583078072100 
	 4.0660799999999995 	 -9.8341632159737546 
	 4.0754750000000000 	 -9.8610428910445016 
	 4.0848700000000004 	 -9.8878935709060585 
	 4.0942650000000000 	 -9.9147115463917856 
	 4.1036599999999996 	 -9.9414951872623210 
	 4.1130550000000001 	 -9.9682452076493089 
	 4.1224499999999997 	 -9.9949624294406014 
	 4.1318450000000002 	 -10.0216457536423889 
	 4.1412399999999998 	 -10.0482904610567036 
	 4.1506349999999994 	 -10.0748925908880054 
	 4.1600299999999999 	 -10.1014509545772153 
	 4.1694250000000004 	 -10.1279636864072113 
	 4.1788200000000000 	 -10.1544287047825268 
	 4.1882149999999996 	 -10.1808440706059322 
	 4.1976100000000001 	 -10.2072079829584776 
	 4.2070049999999997 	 -10.2335191598098270 
	 4.2164000000000001 	 -10.2597751682434772 
	 4.2257949999999997 	 -10.2859728217258670 
	 4.2351900000000002 	 -10.3121090191391449 
	 4.2445849999999998 	 -10.3381823318355259 
	 4.2539800000000003 	 -10.3641927897151618 
	 4.2633749999999999 	 -10.3901404715714012 
	 4.2727700000000004 	 -10.4160254561976053 
	 4.2821650000000000 	 -10.4418478083778385 
	 4.2915600000000005 	 -10.4676055163027204 
	 4.3009550000000001 	 -10.4932923116638079 
	 4.3103499999999997 	 -10.5189014045087088 
	 4.3197450000000002 	 -10.5444281524985968 
	 4.3291400000000007 	 -10.5698755966916167 
	 4.3385350000000003 	 -10.5952471257796343 
	 4.3479299999999999 	 -10.6205396493093946 
	 4.3573250000000003 	 -10.6457524753613129 
	 4.3667199999999999 	 -10.6708861838838285 
	 4.3761150000000004 	 -10.6959359531102578 
	 4.3855100000000000 	 -10.7209007853520220 
	 4.3949049999999996 	 -10.7457816783119640 
	 4.4043000000000001 	 -10.7705773667668563 
	 4.4136950000000006 	 -10.7952865351964409 
	 4.4230900000000002 	 -10.8199084850539773 
	 4.4324849999999998 	 -10.8444433238034179 
	 4.4418799999999994 	 -10.8688901901571651 
	 4.4512749999999999 	 -10.8932463213929402 
	 4.4606700000000004 	 -10.9175152857447149 
	 4.4700650000000000 	 -10.9417093839473871 
	 4.4794599999999996 	 -10.9658153920251245 
	 4.4888550000000000 	 -10.9898184971413251 
	 4.4982499999999996 	 -11.0137235965839437 
	 4.5076450000000001 	 -11.0375402093417172 
	 4.5170399999999997 	 -11.0612691574173585 
	 4.5264349999999993 	 -11.0849077962033462 
	 4.5358299999999998 	 -11.1084564608095988 
	 4.5452250000000003 	 -11.1319160350500095 
	 4.5546199999999999 	 -11.1552868161301699 
	 4.5640149999999995 	 -11.1785694146734418 
	 4.5734100000000000 	 -11.2017645032676310 
	 4.5828049999999996 	 -11.2248728168401097 
	 4.5922000000000001 	 -11.2478951509413765 
	 4.6015949999999997 	 -11.2708324540193203 
	 4.6109900000000001 	 -11.2936857988951296 
	 4.6203849999999997 	 -11.3164562723188542 
	 4.6297799999999993 	 -11.3391450169708286 
	 4.6391749999999998 	 -11.3617533734167946 
	 4.6485700000000003 	 -11.3842827200983852 
	 4.6579649999999999 	 -11.4067344048784971 
	 4.6673599999999995 	 -11.4291098971704042 
	 4.6767550000000000 	 -11.4514114911984244 
	 4.6861499999999996 	 -11.4736400251190815 
	 4.6955450000000001 	 -11.4957955558843050 
	 4.7049399999999997 	 -11.5178828225331049 
	 4.7143350000000002 	 -11.5399100478779566 
	 4.7237299999999998 	 -11.5618793360145737 
	 4.7331250000000002 	 -11.5837859124083788 
	 4.7425199999999998 	 -11.6056247104894297 
	 4.7519150000000003 	 -11.6273971671280041 
	 4.7613099999999999 	 -11.6491130816934803 
	 4.7707049999999995 	 -11.6707754168667854 
	 4.7801000000000000 	 -11.6923860475786601 
	 4.7894950000000005 	 -11.7139468487598428 
	 4.7988900000000001 	 -11.7354598892853250 
	 4.8082849999999997 	 -11.7569280407481731 
	 4.8176800000000002 	 -11.7783538487940707 
	 4.8270749999999998 	 -11.7997398469036821 
	 4.8364700000000003 	 -11.8210886522161989 
	 4.8458649999999999 	 -11.8424028351144734 
	 4.8552599999999995 	 -11.8636850638382079 
	 4.8646550000000000 	 -11.8849380996385392 
	 4.8740500000000004 	 -11.9061646562326651 
	 4.8834450000000000 	 -11.9273673970937431 
	 4.8928399999999996 	 -11.9485489834637306 
	 4.9022350000000001 	 -11.9697120765845852 
	 4.9116300000000006 	 -11.9908593384156514 
	 4.9210250000000002 	 -12.0119936500377147 
	 4.9304199999999998 	 -12.0331184193516023 
	 4.9398150000000003 	 -12.0542371318156647 
	 4.9492100000000008 	 -12.0753524098754710 
	 4.9586050000000004 	 -12.0964632138065600 
	 4.9680000000000000 	 -12.1175733979888669 
	 4.9773949999999996 	 -12.1387166557847088 
	 4.9867900000000001 	 -12.1598870435869362 
	 4.9961850000000005 	 -12.1810552241821419 
	 5.0055800000000001 	 -12.2022111442593992 
	 5.0149750000000006 	 -12.2233575628926392 
	 5.0243700000000002 	 -12.2445020645205442 
	 5.0337649999999989 	 -12.2657708773656147 
	 5.0431600000000003 	 -12.2871711117136293 
	 5.0525549999999999 	 -12.3085193400233113 
	 5.0619499999999995 	 -12.3298218325408335 
	 5.0713449999999991 	 -12.3511029014645199 
	 5.0807400000000005 	 -12.3723868589926962 
	 5.0901350000000001 	 -12.3936980173236790 
	 5.0995299999999997 	 -12.4150606886557853 
	 5.1089249999999993 	 -12.4365108728927201 
	 5.1183200000000006 	 -12.4580901607321692 
	 5.1277150000000002 	 -12.4796333918868516 
	 5.1371099999999998 	 -12.5012191708455109 
	 5.1465049999999994 	 -12.5228693499895893 
	 5.1558999999999999 	 -12.5445692724788032 
	 5.1652949999999995 	 -12.5663260386899669 
	 5.1746900000000000 	 -12.5881381013734259 
	 5.1840849999999996 	 -12.6100095640941827 
	 5.1934800000000001 	 -12.6319432357277268 
	 5.2028749999999997 	 -12.6539405773775631 
	 5.2122700000000002 	 -12.6760035438940246 
	 5.2216649999999998 	 -12.6981341350242687 
	 5.2310600000000003 	 -12.7203344016574782 
	 5.2404549999999999 	 -12.7426062745195328 
	 5.2498499999999995 	 -12.7649510082389881 
	 5.2592449999999999 	 -12.7873701680852534 
	 5.2686400000000004 	 -12.8098671404911606 
	 5.2780350000000000 	 -12.8324452001883138 
	 5.2874299999999996 	 -12.8551039634762816 
	 5.2968249999999992 	 -12.8778416448086155 
	 5.3062200000000006 	 -12.9006564557811849 
	 5.3156150000000002 	 -12.9235469843144397 
	 5.3250099999999998 	 -12.9465175018136094 
	 5.3344049999999994 	 -12.9695766818771823 
	 5.3437999999999999 	 -12.9927331328828437 
	 5.3531950000000004 	 -13.0159886457962397 
	 5.3625900000000000 	 -13.0393363062430048 
	 5.3719849999999996 	 -13.0627731044608577 
	 5.3813800000000001 	 -13.0863026038440928 
	 5.3907749999999997 	 -13.1099258690136224 
	 5.4001700000000001 	 -13.1336435268763285 
	 5.4095649999999997 	 -13.1574562459744175 
	 5.4189600000000002 	 -13.1813648525951361 
	 5.4283549999999998 	 -13.2053701698573906 
	 5.4377500000000003 	 -13.2294727944266146 
	 5.4471449999999999 	 -13.2536732557609920 
	 5.4565400000000004 	 -13.2779721623996352 
	 5.4659350000000000 	 -13.3023699945420955 
	 5.4753299999999996 	 -13.3268671227138764 
	 5.4847250000000001 	 -13.3514638354119999 
	 5.4941200000000006 	 -13.3761604140997292 
	 5.5035150000000002 	 -13.4009571159889731 
	 5.5129099999999998 	 -13.4258540984752557 
	 5.5223049999999994 	 -13.4508515122250909 
	 5.5317000000000007 	 -13.4759493978289697 
	 5.5410950000000003 	 -13.5011475793615094 
	 5.5504899999999999 	 -13.5264458752692462 
	 5.5598849999999995 	 -13.5518441522375852 
	 5.5692800000000009 	 -13.5773421816535667 
	 5.5786750000000005 	 -13.6029393981591227 
	 5.5880700000000001 	 -13.6286354452291718 
	 5.5974649999999997 	 -13.6544313751831279 
	 5.6068600000000011 	 -13.6803259178260426 
	 5.6162549999999998 	 -13.7063165846356778 
	 5.6256499999999994 	 -13.7324026216537440 
	 5.6350449999999999 	 -13.7585843596767319 
	 5.6444399999999995 	 -13.7848613423805588 
	 5.6538349999999999 	 -13.8112323829126105 
	 5.6632300000000004 	 -13.8376963166431945 
	 5.6726250000000000 	 -13.8642520446468431 
	 5.6820199999999996 	 -13.8908988062890515 
	 5.6914149999999992 	 -13.9176357458923885 
	 5.7008099999999997 	 -13.9444605706665783 
	 5.7102050000000002 	 -13.9713712297107477 
	 5.7195999999999998 	 -13.9983670189571185 
	 5.7289949999999994 	 -14.0254472347802004 
	 5.7383899999999999 	 -14.0526099951562813 
	 5.7477850000000004 	 -14.0798538214081130 
	 5.7571800000000000 	 -14.1071804650176844 
	 5.7665749999999996 	 -14.1345792135481485 
	 5.7759699999999992 	 -14.1620396776632411 
	 5.7853649999999996 	 -14.1896405835203705 
	 5.7947600000000001 	 -14.2173816134171265 
	 5.8041549999999997 	 -14.2451439769294037 
	 5.8135500000000002 	 -14.2728909220933424 
	 5.8229449999999998 	 -14.3006849420997391 
	 5.8323400000000003 	 -14.3285613512222820 
	 5.8417349999999999 	 -14.3565019045408278 
	 5.8511299999999995 	 -14.3844926893350227 
	 5.8605250000000000 	 -14.4125375097580530 
	 5.8699199999999996 	 -14.4406325542767942 
	 5.8793150000000001 	 -14.4687734975742384 
	 5.8887100000000006 	 -14.4969579607597030 
	 5.8981050000000002 	 -14.5251840116178261 
	 5.9074999999999998 	 -14.5534495026867496 
	 5.9168950000000002 	 -14.5817506869686984 
	 5.9262899999999998 	 -14.6100831435818144 
	 5.9356850000000003 	 -14.6384429827692450 
	 5.9450799999999999 	 -14.6668266570694943 
	 5.9544749999999995 	 -14.6952306171433147 
	 5.9638700000000000 	 -14.7236511211972108 
	 5.9732650000000005 	 -14.7520842197678359 
	 5.9826600000000001 	 -14.7805257933726200 
	 5.9920549999999997 	 -14.8089714835929911 
	 6.0014499999999993 	 -14.8374169124970638 
	 6.0108449999999998 	 -14.8658577023286469 
	 6.0202400000000003 	 -14.8942897872772075 
	 6.0296349999999999 	 -14.9227081708161773 
	 6.0390300000000003 	 -14.9511027643209111 
	 6.0484249999999999 	 -14.9794695556834192 
	 6.0578200000000004 	 -15.0078066936752208 
	 6.0672150000000000 	 -15.0361118122150366 
	 6.0766099999999996 	 -15.0643785899738525 
	 6.0860050000000001 	 -15.0926012663916147 
	 6.0953999999999997 	 -15.1207743417545313 
	 6.1047950000000002 	 -15.1488914994116115 
	 6.1141900000000007 	 -15.1769481698702897 
	 6.1235850000000003 	 -15.2049405777499125 
	 6.1329799999999999 	 -15.2328258231757818 
	 6.1423750000000004 	 -15.2605725060214574 
	 6.1517700000000000 	 -15.2882524155767108 
	 6.1611650000000004 	 -15.3159086952179599 
	 6.1705600000000000 	 -15.3434959159928415 
	 6.1799549999999996 	 -15.3709674884459151 
	 6.1893500000000010 	 -15.3983145706915963 
	 6.1987450000000006 	 -15.4255405296681349 
	 6.2081400000000002 	 -15.4526700106926871 
	 6.2175349999999998 	 -15.4797239986021573 
	 6.2269299999999994 	 -15.5066485785751276 
	 6.2363250000000008 	 -15.5333665084642938 
	 6.2457200000000004 	 -15.5599091070106574 
	 6.2551150000000000 	 -15.5863023682909585 
	 6.2645100000000005 	 -15.6125269912174609 
	 6.2739050000000010 	 -15.6385733469479131 
	 6.2833000000000006 	 -15.6644323504741845 
	 6.2926950000000001 	 -15.6901031536935474 
	 6.3020899999999997 	 -15.7155968792460889 
	 6.3114850000000002 	 -15.7408931145694950 
	 6.3208800000000007 	 -15.7659323673100253 
	 6.3302750000000003 	 -15.7907199524092707 
	 6.3396700000000008 	 -15.8152725279285971 
	 6.3490650000000004 	 -15.8396067519293755 
	 6.3584600000000000 	 -15.8637292312382598 
	 6.3678550000000005 	 -15.8875993439900647 
	 6.3772500000000001 	 -15.9112032370317227 
	 6.3866450000000006 	 -15.9345340572381495 
	 6.3960400000000002 	 -15.9575822336098323 
	 6.4054350000000007 	 -15.9803387795955469 
	 6.4148300000000011 	 -16.0027939976745976 
	 6.4242250000000007 	 -16.0249406420014289 
	 6.4336200000000003 	 -16.0467738471509200 
	 6.4430149999999999 	 -16.0682773880801122 
	 6.4524100000000004 	 -16.0894322679965747 
	 6.4618050000000009 	 -16.1102398245910585 
	 6.4712000000000005 	 -16.1307033279392904 
	 6.4805950000000001 	 -16.1508260457981052 
	 6.4899900000000006 	 -16.1706002795979451 
	 6.4993849999999993 	 -16.1899820275857635 
	 6.5087799999999998 	 -16.2089297710499238 
	 6.5181749999999994 	 -16.2274506219511352 
	 6.5275699999999990 	 -16.2455620292487986 
	 6.5369650000000004 	 -16.2632506223301903 
	 6.5463600000000000 	 -16.2805016799074380 
	 6.5557549999999996 	 -16.2973071044225897 
	 6.5651499999999992 	 -16.3136573865903713 
	 6.5745449999999988 	 -16.3295419461042393 
	 6.5839400000000001 	 -16.3449508181779670 
	 6.5933349999999997 	 -16.3598747074663109 
	 6.6027299999999993 	 -16.3743043427862602 
	 6.6121249999999998 	 -16.3882298533756412 
	 6.6215199999999994 	 -16.4016408488932939 
	 6.6309149999999999 	 -16.4145277807204479 
	 6.6403099999999995 	 -16.4268809319230265 
	 6.6497049999999991 	 -16.4386907265101385 
	 6.6590999999999996 	 -16.4499475767989907 
	 6.6684950000000001 	 -16.4606420036538132 
	 6.6778899999999997 	 -16.4707649827272924 
	 6.6872850000000001 	 -16.4803064857596624 
	 6.6966799999999997 	 -16.4892563449381448 
	 6.7060749999999993 	 -16.4976078465542315 
	 6.7154699999999998 	 -16.5053546876115114 
	 6.7248649999999994 	 -16.5124674273352525 
	 6.7342599999999999 	 -16.5189394164106460 
	 6.7436549999999995 	 -16.5248045818506775 
	 6.7530500000000000 	 -16.5300970057947936 
	 6.7624450000000005 	 -16.5347561931743563 
	 6.7718400000000001 	 -16.5386322364499065 
	 6.7812349999999997 	 -16.5417243331544732 
	 6.7906299999999993 	 -16.5441500039912199 
	 6.8000249999999998 	 -16.5460036968788664 
	 6.8094200000000003 	 -16.5472569637678291 
	 6.8188149999999998 	 -16.5478403087862702 
	 6.8282099999999994 	 -16.5476074925388552 
	 6.8376049999999999 	 -16.5464393788210486 
	 6.8469999999999995 	 -16.5445765838790919 
	 6.8563950000000000 	 -16.5424167340120079 
	 6.8657899999999996 	 -16.5402011211633599 
	 6.8751849999999992 	 -16.5361844027750422 
	 6.8845799999999997 	 -16.5308576338194584 
	 6.8939750000000002 	 -16.5256764819191346 
	 6.9033699999999998 	 -16.5196981458694907 
	 6.9127650000000003 	 -16.5130822657664318 
	 6.9221599999999999 	 -16.5061205459793001 
	 6.9315549999999995 	 -16.4976657809124596 
	 6.9409500000000000 	 -16.4885079225491715 
	 6.9503449999999996 	 -16.4786563469380880 
	 6.9597400000000000 	 -16.4679896903472738 
	 6.9691349999999996 	 -16.4565178983825611 
	 6.9785299999999992 	 -16.4442752252399949 
	 6.9879250000000006 	 -16.4312646851259743 
	 6.9973200000000002 	 -16.4174524005782523 
	 7.0067149999999998 	 -16.4028057018117259 
	 7.0161099999999994 	 -16.3874128177378147 
	 7.0255049999999990 	 -16.3714169480711327 
	 7.0349000000000004 	 -16.3547471114882441 
	 7.0442950000000000 	 -16.3371670363476689 
	 7.0536899999999996 	 -16.3186177343717524 
	 7.0630850000000001 	 -16.2992426812698881 
	 7.0724800000000005 	 -16.2791243693711394 
	 7.0818750000000001 	 -16.2582327045311104 
	 7.0912699999999997 	 -16.2365428083780436 
	 7.1006649999999993 	 -16.2140634928955301 
	 7.1100599999999998 	 -16.1908052491332093 
	 7.1194550000000003 	 -16.1667692234238558 
	 7.1288499999999999 	 -16.1419553757508147 
	 7.1382450000000004 	 -16.1163670076746151 
	 7.1476400000000000 	 -16.0900084143469151 
	 7.1570350000000005 	 -16.0628838910832350 
	 7.1664300000000001 	 -16.0349977331991091 
	 7.1758249999999997 	 -16.0063542801825491 
	 7.1852200000000002 	 -15.9769584827985263 
	 7.1946149999999998 	 -15.9468157381959301 
	 7.2040100000000002 	 -15.9159314653849879 
	 7.2134050000000007 	 -15.8843114734003326 
	 7.2228000000000003 	 -15.8519620455131562 
	 7.2321949999999999 	 -15.8188896534636640 
	 7.2415900000000004 	 -15.7851010426065770 
	 7.2509850000000000 	 -15.7506032122397226 
	 7.2603800000000005 	 -15.7154037148494279 
	 7.2697750000000001 	 -15.6795102152894792 
	 7.2791699999999997 	 -15.6429305511357910 
	 7.2885650000000002 	 -15.6056728737850943 
	 7.2979600000000007 	 -15.5677454242790194 
	 7.3073550000000003 	 -15.5291568846936396 
	 7.3167499999999999 	 -15.4899186553357762 
	 7.3261449999999995 	 -15.4500373895327048 
	 7.3355399999999999 	 -15.4095206466086090 
	 7.3449350000000004 	 -15.3683791043311313 
	 7.3543300000000000 	 -15.3266243128501642 
	 7.3637250000000005 	 -15.2842685008855472 
	 7.3731200000000001 	 -15.2413205559059470 
	 7.3825150000000006 	 -15.1977849461316001 
	 7.3919100000000002 	 -15.1536660127962204 
	 7.4013049999999998 	 -15.1090030738567371 
	 7.4107000000000003 	 -15.0638588595166372 
	 7.4200949999999999 	 -15.0181628285689275 
	 7.4294900000000004 	 -14.9718660767533525 
	 7.4388850000000009 	 -14.9250660193070672 
	 7.4482800000000005 	 -14.8777656547222215 
	 7.4576750000000001 	 -14.8299277066391042 
	 7.4670700000000005 	 -14.7815211826827930 
	 7.4764650000000001 	 -14.7325693730574514 
	 7.4858600000000006 	 -14.6831233242454573 
	 7.4952550000000002 	 -14.6332343064084576 
	 7.5046499999999998 	 -14.5829535897081044 
	 7.5140450000000012 	 -14.5323309938021517 
	 7.5234400000000008 	 -14.4813689343000522 
	 7.5328350000000004 	 -14.4300135835801111 
	 7.5422300000000000 	 -14.3782525493689590 
	 7.5516249999999996 	 -14.3261096327550739 
	 7.5610200000000010 	 -14.2735790194752479 
	 7.5704150000000006 	 -14.2207500147497168 
	 7.5798100000000002 	 -14.1676970655446546 
	 7.5892050000000006 	 -14.1143884075959622 
	 7.5986000000000002 	 -14.0607690228408178 
	 7.6079950000000007 	 -14.0067838932163884 
	 7.6173900000000003 	 -13.9523892187018159 
	 7.6267849999999999 	 -13.8976277732315321 
	 7.6361800000000004 	 -13.8425826157110041 
	 7.6455750000000009 	 -13.7873311051843803 
	 7.6549700000000005 	 -13.7318596028448141 
	 7.6643650000000010 	 -13.6760831932489673 
	 7.6737599999999988 	 -13.6199185110472580 
	 7.6831549999999993 	 -13.5634163675521293 
	 7.6925499999999998 	 -13.5068005122045012 
	 7.7019449999999994 	 -13.4501814109571818 
	 7.7113399999999999 	 -13.3934408253429229 
	 7.7207349999999995 	 -13.3364840351606091 
	 7.7301299999999991 	 -13.2793422928069091 
	 7.7395249999999995 	 -13.2220582516710756 
	 7.7489199999999991 	 -13.1646399283199589 
	 7.7583149999999996 	 -13.1070884045279481 
	 7.7677099999999992 	 -13.0494125319610355 
	 7.7771049999999997 	 -12.9916238938346815 
	 7.7865000000000002 	 -12.9337339361359689 
	 7.7958949999999998 	 -12.8757526095456498 
	 7.8052899999999994 	 -12.8176888915741927 
	 7.8146849999999990 	 -12.7595516937804518 
	 7.8240799999999995 	 -12.7013499265591676 
	 7.8334750000000000 	 -12.6430925003050927 
	 7.8428699999999996 	 -12.5847883254129638 
	 7.8522649999999992 	 -12.5264463160363437 
	 7.8616600000000005 	 -12.4680758840871917 
	 7.8710550000000001 	 -12.4096874290673274 
	 7.8804499999999997 	 -12.3512884350381587 
	 7.8898449999999993 	 -12.2928776925054368 
	 7.8992399999999989 	 -12.2344727746697490 
	 7.9086350000000003 	 -12.1761459180096665 
	 7.9180299999999999 	 -12.1178346917614093 
	 7.9274249999999995 	 -12.0594266752371571 
	 7.9368200000000000 	 -12.0008369744373500 
	 7.9462149999999996 	 -11.9422407441379193 
	 7.9556100000000001 	 -11.8839286792249013 
	 7.9650049999999997 	 -11.8257916850372791 
	 7.9743999999999993 	 -11.7676828985304915 
	 7.9837949999999998 	 -11.7096531432286746 
	 7.9931900000000002 	 -11.6517009370426976 
	 8.0025849999999998 	 -11.5938267997545790 
	 8.0119799999999994 	 -11.5360390570268869 
	 8.0213749999999990 	 -11.4783455911107577 
	 8.0307700000000004 	 -11.4207519019083463 
	 8.0401650000000000 	 -11.3632631779514472 
	 8.0495599999999996 	 -11.3058846077718318 
	 8.0589549999999992 	 -11.2486213629245810 
	 8.0683500000000006 	 -11.1914785368003891 
	 8.0777450000000002 	 -11.1344612232962952 
	 8.0871399999999998 	 -11.0775746735083089 
	 8.0965349999999994 	 -11.0208240874783225 
	 8.1059300000000007 	 -10.9642134404880132 
	 8.1153250000000003 	 -10.9077461308876362 
	 8.1247199999999999 	 -10.8514281910952342 
	 8.1341149999999995 	 -10.7952677096624043 
	 8.1435099999999991 	 -10.7392676816867407 
	 8.1529050000000005 	 -10.6834251371260525 
	 8.1623000000000001 	 -10.6277441961073329 
	 8.1716949999999997 	 -10.5722304328978023 
	 8.1810899999999993 	 -10.5168776485858722 
	 8.1904849999999989 	 -10.4616977780339262 
	 8.1998800000000003 	 -10.4067046605635731 
	 8.2092749999999999 	 -10.3519084581443206 
	 8.2186699999999995 	 -10.2973104965684943 
	 8.2280649999999991 	 -10.2428714867371919 
	 8.2374600000000004 	 -10.1885927824258804 
	 8.2468550000000000 	 -10.1347753854417348 
	 8.2562499999999996 	 -10.0810239456199575 
	 8.2656449999999992 	 -10.0273180571704348 
	 8.2750399999999988 	 -9.9738691399820336 
	 8.2844350000000002 	 -9.9206249419813499 
	 8.2938299999999998 	 -9.8675723026201236 
	 8.3032249999999994 	 -9.8147307572735194 
	 8.3126200000000008 	 -9.7621001284110811 
	 8.3220150000000004 	 -9.7096800884949506 
	 8.3314100000000000 	 -9.6574726240957158 
	 8.3408049999999996 	 -9.6054799629444823 
	 8.3501999999999992 	 -9.5537043327706250 
	 8.3595950000000006 	 -9.5021477687097651 
	 8.3689900000000002 	 -9.4508115831591635 
	 8.3783849999999997 	 -9.3996969190127437 
	 8.3877800000000011 	 -9.3488049195012444 
	 8.3971750000000007 	 -9.2981367301316915 
	 8.4065700000000003 	 -9.2476935085148568 
	 8.4159649999999999 	 -9.1974765049093232 
	 8.4253599999999995 	 -9.1474867389747683 
	 8.4347550000000009 	 -9.0977250214465712 
	 8.4441500000000005 	 -9.0481921603446871 
	 8.4535450000000001 	 -8.9988890138661777 
	 8.4629399999999997 	 -8.9498164924941186 
	 8.4723350000000011 	 -8.9009750849108897 
	 8.4817300000000007 	 -8.8523650314217601 
	 8.4911250000000003 	 -8.8039873913557685 
	 8.5005199999999999 	 -8.7558429448985198 
	 8.5099149999999995 	 -8.7079315911034687 
	 8.5193100000000008 	 -8.6602536816808389 
	 8.5287050000000004 	 -8.6128096660250009 
	 8.5381000000000000 	 -8.5655998062118357 
	 8.5474949999999996 	 -8.5186243060131197 
	 8.5568900000000010 	 -8.4718833605638508 
	 8.5662850000000006 	 -8.4253770849702576 
	 8.5756800000000002 	 -8.3791055434300681 
	 8.5850749999999998 	 -8.3330687944920356 
	 8.5944700000000012 	 -8.2872668904751059 
	 8.6038650000000008 	 -8.2416997249214621 
	 8.6132600000000004 	 -8.1963670222412475 
	 8.6226550000000000 	 -8.1512685054382317 
	 8.6320499999999996 	 -8.1064044978556353 
	 8.6414450000000009 	 -8.0617748455042069 
	 8.6508400000000005 	 -8.0173780051547965 
	 8.6602350000000001 	 -7.9732153736335327 
	 8.6696299999999997 	 -7.9292856614451539 
	 8.6790249999999993 	 -7.8855885170675508 
	 8.6884200000000007 	 -7.8421239139895498 
	 8.6978150000000003 	 -7.7988914780197067 
	 8.7072099999999999 	 -7.7558906963520613 
	 8.7166049999999995 	 -7.7131208892746947 
	 8.7259999999999991 	 -7.6705813212999132 
	 8.7353950000000005 	 -7.6282715926574935 
	 8.7447900000000001 	 -7.5861915074302129 
	 8.7541850000000014 	 -7.5443402390606309 
	 8.7635800000000010 	 -7.5027169742515252 
	 8.7729750000000006 	 -7.4613216175118824 
	 8.7823700000000002 	 -7.4201534871490669 
	 8.7917649999999998 	 -7.3792113057564119 
	 8.8011599999999994 	 -7.3384945285218555 
	 8.8105549999999990 	 -7.2980027048118057 
	 8.8199500000000022 	 -7.2577352660821903 
	 8.8293450000000018 	 -7.2176912484922910 
	 8.8387400000000014 	 -7.1778696054563840 
	 8.8481349999999992 	 -7.1382694769565838 
	 8.8575299999999988 	 -7.0988908292837776 
	 8.8669249999999984 	 -7.0597321513151288 
	 8.8763199999999998 	 -7.0207931989494679 
	 8.8857149999999994 	 -6.9820725892638267 
	 8.8951099999999990 	 -6.9435692813177861 
	 8.9045050000000003 	 -6.9052829193700340 
	 8.9138999999999999 	 -6.8672124736092943 
	 8.9232949999999995 	 -6.8293571309646826 
	 8.9326899999999991 	 -6.7917161919244986 
	 8.9420850000000005 	 -6.7542884536449312 
	 8.9514800000000001 	 -6.7170726720176637 
	 8.9608749999999997 	 -6.6800682766478534 
	 8.9702699999999993 	 -6.6432744419347509 
	 8.9796649999999989 	 -6.6066900380747597 
	 8.9890599999999985 	 -6.5703135465441589 
	 8.9984549999999999 	 -6.5341455595854541 
	 9.0078499999999995 	 -6.4981851649289162 
	 9.0172449999999991 	 -6.4624249820136042 
	 9.0266400000000004 	 -6.4269025055326576 
	 9.0360350000000000 	 -6.3915722835704534 
	 9.0454299999999996 	 -6.3564226190553654 
	 9.0548249999999992 	 -6.3215082088319656 
	 9.0642199999999988 	 -6.2867922115813473 
	 9.0736149999999984 	 -6.2521513255049710 
	 9.0830099999999980 	 -6.2175973273461418 
	 9.0924050000000012 	 -6.1833282240986263 
	 9.1018000000000008 	 -6.1493997671714302 
	 9.1111950000000004 	 -6.1156536240390329 
	 9.1205900000000000 	 -6.0820893465413688 
	 9.1299849999999996 	 -6.0487260553621152 
	 9.1393799999999992 	 -6.0155595289548609 
	 9.1487749999999988 	 -5.9825824781082932 
	 9.1581699999999984 	 -5.9497956334932587 
	 9.1675649999999997 	 -5.9171988775245348 
	 9.1769600000000011 	 -5.8847908305469279 
	 9.1863550000000007 	 -5.8525702209336776 
	 9.1957500000000003 	 -5.8205358701535639 
	 9.2051449999999999 	 -5.7886870999620177 
	 9.2145399999999995 	 -5.7570236048347336 
	 9.2239349999999991 	 -5.7255448844451999 
	 9.2333299999999987 	 -5.6942439732210310 
	 9.2427250000000001 	 -5.6631377370465854 
	 9.2521200000000015 	 -5.6322489376422320 
	 9.2615150000000011 	 -5.6015309924200656 
	 9.2709100000000007 	 -5.5709563744120052 
	 9.2803050000000002 	 -5.5405533126989699 
	 9.2896999999999998 	 -5.5103301354906336 
	 9.2990949999999994 	 -5.4802895785394963 
	 9.3084899999999990 	 -5.4504343775980653 
	 9.3178849999999986 	 -5.4207615760772745 
	 9.3272800000000000 	 -5.3912310743052112 
	 9.3366749999999996 	 -5.3618304392355540 
	 9.3460700000000010 	 -5.3328918770743856 
	 9.3554650000000006 	 -5.3040000345263145 
	 9.3648600000000002 	 -5.2741606423122454 
	 9.3742549999999998 	 -5.2442918272412689 
	 9.3836499999999994 	 -5.2156111667003238 
	 9.3930450000000008 	 -5.1876100688919067 
	 9.4024400000000004 	 -5.1596867773802479 
	 9.4118350000000000 	 -5.1316401013028123 
	 9.4212299999999995 	 -5.1038001291027859 
	 9.4306249999999991 	 -5.0761164605703328 
	 9.4400200000000005 	 -5.0485972949448428 
	 9.4494150000000001 	 -5.0212443914714253 
	 9.4588099999999997 	 -4.9940534239116507 
	 9.4682049999999993 	 -4.9670205475742568 
	 9.4776000000000007 	 -4.9401442653949816 
	 9.4869950000000003 	 -4.9134209301175256 
	 9.4963899999999999 	 -4.8868477081571431 
	 9.5057849999999995 	 -4.8604228769629430 
	 9.5151799999999991 	 -4.8341435741404997 
	 9.5245749999999987 	 -4.8080088303265160 
	 9.5339700000000001 	 -4.7820201160764997 
	 9.5433650000000014 	 -4.7561777479945633 
	 9.5527600000000010 	 -4.7304817193487976 
	 9.5621550000000006 	 -4.7049321584838344 
	 9.5715500000000002 	 -4.6795271776077971 
	 9.5809449999999998 	 -4.6542657705305768 
	 9.5903399999999994 	 -4.6291471708100600 
	 9.5997349999999990 	 -4.6041709033818741 
	 9.6091299999999986 	 -4.5793365469567275 
	 9.6185250000000000 	 -4.5546436407122259 
	 9.6279200000000014 	 -4.5300915147676255 
	 9.6373150000000010 	 -4.5056794303934904 
	 9.6467100000000006 	 -4.4814066402274850 
	 9.6561050000000002 	 -4.4572723124884419 
	 9.6654999999999998 	 -4.4332755770762065 
	 9.6748949999999994 	 -4.4094157036046964 
	 9.6842899999999990 	 -4.3856918347786085 
	 9.6936850000000003 	 -4.3621029943551743 
	 9.7030800000000017 	 -4.3386483277594028 
	 9.7124750000000013 	 -4.3153269869317192 
	 9.7218700000000009 	 -4.2921380822917863 
	 9.7312650000000005 	 -4.2690811883267523 
	 9.7406600000000001 	 -4.2461570919617824 
	 9.7500549999999997 	 -4.2233624054274630 
	 9.7594499999999993 	 -4.2006885255244750 
	 9.7688449999999989 	 -4.1781588327439030 
	 9.7782400000000003 	 -4.1557668013706746 
	 9.7876350000000016 	 -4.1333383624624949 
	 9.7970300000000012 	 -4.1110140645864943 
	 9.8064250000000008 	 -4.0891051636448310 
	 9.8158200000000004 	 -4.0678826509919297 
	 9.8252150000000000 	 -4.0470497257390363 
	 9.8346099999999996 	 -4.0259181077232000 
	 9.8440050000000010 	 -4.0043605238943947 
	 9.8534000000000006 	 -3.9828293766980885 
	 9.8627950000000002 	 -3.9615643982122619 
	 9.8721899999999998 	 -3.9404620244166813 
	 9.8815850000000012 	 -3.9194417210035213 
	 9.8909800000000008 	 -3.8985239322794918 
	 9.9003750000000004 	 -3.8777326276720681 
	 9.9097700000000000 	 -3.8570661159603938 
	 9.9191649999999996 	 -3.8365180237163434 
	 9.9285600000000009 	 -3.8160832622671643 
	 9.9379550000000005 	 -3.7957630312499555 
	 9.9473500000000001 	 -3.7755579828191141 
	 9.9567449999999997 	 -3.7554675720640653 
	 9.9661400000000011 	 -3.7354901753104399 
	 9.9755350000000007 	 -3.7156250507023270 
	 9.9849300000000003 	 -3.6958724260402049 
	 9.9943250000000017 	 -3.6762312735131224 
	 10.0037200000000013 	 -3.6567004741590781 
	 10.0131150000000009 	 -3.6372796877414553 
	 10.0225099999999987 	 -3.6179680453254304 
	 10.0319049999999983 	 -3.5987646391300068 
	 10.0412999999999979 	 -3.5796688836443189 
	 10.0506950000000010 	 -3.5606805833418882 
	 10.0600900000000006 	 -3.5417987752290760 
	 10.0694850000000002 	 -3.5230225022897672 
	 10.0788799999999998 	 -3.5043513209282935 
	 10.0882749999999994 	 -3.4857846386900380 
	 10.0976699999999990 	 -3.4673217806293568 
	 10.1070649999999986 	 -3.4489620786306854 
	 10.1164600000000000 	 -3.4307047818093217 
	 10.1258549999999996 	 -3.4125491295873820 
	 10.1352499999999992 	 -3.3944948163609490 
	 10.1446450000000006 	 -3.3765411546518509 
	 10.1540400000000002 	 -3.3586872087182229 
	 10.1634349999999998 	 -3.3409324224683390 
	 10.1728299999999994 	 -3.3232762630659227 
	 10.1822249999999990 	 -3.3057185950691870 
	 10.1916199999999986 	 -3.2882580390088374 
	 10.2010149999999999 	 -3.2708908178673006 
	 10.2104099999999995 	 -3.2536161814997953 
	 10.2198049999999991 	 -3.2364338962762798 
	 10.2291999999999987 	 -3.2193437285667170 
	 10.2385950000000001 	 -3.2023454447410646 
	 10.2479899999999997 	 -3.1854388111692926 
	 10.2573849999999993 	 -3.1686235942213581 
	 10.2667800000000007 	 -3.1518995602672213 
	 10.2761750000000003 	 -3.1352664756768505 
	 10.2855699999999999 	 -3.1187241068202041 
	 10.2949649999999995 	 -3.1022722200672437 
	 10.3043599999999991 	 -3.0859105817879326 
	 10.3137550000000005 	 -3.0696389583522281 
	 10.3231500000000000 	 -3.0534571161301014 
	 10.3325449999999996 	 -3.0373648214915092 
	 10.3419399999999992 	 -3.0213618408064131 
	 10.3513350000000006 	 -3.0054479404447743 
	 10.3607300000000002 	 -2.9896228867765586 
	 10.3701249999999998 	 -2.9738864461717269 
	 10.3795199999999994 	 -2.9582383850002403 
	 10.3889149999999990 	 -2.9426784696320607 
	 10.3983099999999986 	 -2.9272064664371511 
	 10.4077050000000000 	 -2.9118221417854704 
	 10.4171000000000014 	 -2.8965252620469832 
	 10.4264950000000010 	 -2.8813155935916543 
	 10.4358900000000006 	 -2.8661929027894431 
	 10.4452850000000002 	 -2.8511569560103123 
	 10.4546799999999998 	 -2.8362075196242227 
	 10.4640749999999993 	 -2.8213443600011376 
	 10.4734699999999989 	 -2.8065672435110183 
	 10.4828649999999985 	 -2.7918759365238275 
	 10.4922599999999981 	 -2.7772702054095268 
	 10.5016550000000013 	 -2.7627498157983563 
	 10.5110500000000009 	 -2.7483143161095160 
	 10.5204450000000005 	 -2.7339627364586851 
	 10.5298400000000001 	 -2.7196940312967253 
	 10.5392349999999997 	 -2.7055071550744940 
	 10.5486299999999993 	 -2.6914010622428521 
	 10.5580249999999989 	 -2.6773747072526599 
	 10.5674200000000003 	 -2.6634270445547736 
	 10.5768149999999999 	 -2.6495570286000576 
	 10.5862100000000012 	 -2.6357636138393676 
	 10.5956050000000008 	 -2.6220457547235689 
	 10.6050000000000004 	 -2.6084024135802300 
	 10.6143949999999982 	 -2.5948327091920347 
	 10.6237899999999996 	 -2.5813359041885207 
	 10.6331849999999992 	 -2.5679112665487165 
	 10.6425799999999988 	 -2.5545580642516432 
	 10.6519749999999984 	 -2.5412755652763255 
	 10.6613699999999998 	 -2.5280630376017807 
	 10.6707649999999994 	 -2.5149197492070403 
	 10.6801600000000008 	 -2.5018449680711199 
	 10.6895550000000004 	 -2.4888379621730485 
	 10.6989500000000000 	 -2.4758979994918455 
	 10.7083449999999996 	 -2.4630244094055298 
	 10.7177400000000009 	 -2.4502168655481711 
	 10.7271349999999988 	 -2.4374751614593793 
	 10.7365300000000001 	 -2.4247990908010499 
	 10.7459249999999980 	 -2.4121884472351041 
	 10.7553199999999993 	 -2.3996430244234377 
	 10.7647149999999989 	 -2.3871626160279673 
	 10.7741100000000003 	 -2.3747470157105952 
	 10.7835049999999999 	 -2.3623960171332357 
	 10.7928999999999995 	 -2.3501094139577914 
	 10.8022949999999991 	 -2.3378869998461735 
	 10.8116900000000005 	 -2.3257285684602866 
	 10.8210849999999983 	 -2.3136339134620449 
	 10.8304799999999997 	 -2.3016028285133481 
	 10.8398749999999993 	 -2.2896351072761103 
	 10.8492700000000006 	 -2.2777305434122357 
	 10.8586650000000002 	 -2.2658889305836367 
	 10.8680600000000016 	 -2.2541100624522170 
	 10.8774549999999994 	 -2.2423937326798900 
	 10.8868500000000008 	 -2.2307397349285565 
	 10.8962449999999986 	 -2.2191478628601322 
	 10.9056400000000000 	 -2.2076179101365172 
	 10.9150349999999978 	 -2.1961496704196275 
	 10.9244299999999992 	 -2.1847429373713627 
	 10.9338249999999988 	 -2.1733975046536376 
	 10.9432200000000002 	 -2.1621131659283557 
	 10.9526149999999998 	 -2.1508897148574286 
	 10.9620100000000011 	 -2.1397269451027614 
	 10.9714049999999990 	 -2.1286246503262669 
	 10.9808000000000003 	 -2.1175826241898466 
	 10.9901949999999999 	 -2.1066006603554128 
	 10.9995899999999995 	 -2.0956785524848733 
	 11.0089849999999991 	 -2.0848160509815097 
	 11.0183800000000005 	 -2.0740127089820204 
	 11.0277750000000001 	 -2.0632680234233769 
	 11.0371700000000015 	 -2.0525814912384357 
	 11.0465649999999993 	 -2.0419526093600604 
	 11.0559600000000007 	 -2.0313808747211031 
	 11.0653549999999985 	 -2.0208657842544313 
	 11.0747499999999999 	 -2.0104068348928950 
	 11.0841449999999995 	 -2.0000035235693598 
	 11.0935399999999991 	 -1.9896553472166829 
	 11.1029349999999987 	 -1.9793618039359941 
	 11.1123300000000000 	 -1.9691224737734847 
	 11.1217249999999996 	 -1.9589370711167140 
	 11.1311200000000010 	 -1.9488053228103410 
	 11.1405150000000006 	 -1.9387269556990339 
	 11.1499100000000002 	 -1.9287016966274542 
	 11.1593049999999998 	 -1.9187292724402658 
	 11.1687000000000012 	 -1.9088094099821304 
	 11.1780949999999990 	 -1.8989418360977164 
	 11.1874900000000004 	 -1.8891262776316813 
	 11.1968849999999982 	 -1.8793624614286955 
	 11.2062799999999996 	 -1.8696501143334154 
	 11.2156749999999992 	 -1.8599889631905107 
	 11.2250700000000005 	 -1.8503787348446403 
	 11.2344650000000001 	 -1.8408191561404719 
	 11.2438599999999997 	 -1.8313099539226680 
	 11.2532549999999993 	 -1.8218508550358916 
	 11.2626500000000007 	 -1.8124415863248047 
	 11.2720449999999985 	 -1.8030818746340760 
	 11.2814399999999999 	 -1.7937714468083623 
	 11.2908350000000013 	 -1.7845100296923317 
	 11.3002300000000009 	 -1.7752973501306479 
	 11.3096250000000005 	 -1.7661331349679745 
	 11.3190200000000019 	 -1.7570171110489721 
	 11.3284149999999997 	 -1.7479490052183100 
	 11.3378100000000011 	 -1.7389285443206455 
	 11.3472049999999989 	 -1.7299554552006480 
	 11.3566000000000003 	 -1.7210294647029754 
	 11.3659949999999981 	 -1.7121502996722975 
	 11.3753899999999994 	 -1.7033176869532713 
	 11.3847850000000008 	 -1.6945313533905642 
	 11.3941800000000004 	 -1.6857910258288407 
	 11.4035750000000000 	 -1.6770964316154762 
	 11.4129700000000014 	 -1.6684473200925214 
	 11.4223649999999992 	 -1.6598434706791851 
	 11.4317600000000006 	 -1.6512846649636683 
	 11.4411550000000002 	 -1.6427706845341821 
	 11.4505499999999998 	 -1.6343013109789337 
	 11.4599449999999994 	 -1.6258763258861293 
	 11.4693400000000025 	 -1.6174955108439730 
	 11.4787350000000004 	 -1.6091586474406805 
	 11.4881300000000017 	 -1.6008655172644501 
	 11.4975249999999996 	 -1.5926159019034967 
	 11.5069200000000009 	 -1.5844095757579819 
	 11.5163149999999987 	 -1.5762462477797168 
	 11.5257100000000001 	 -1.5681255919578834 
	 11.5351049999999997 	 -1.5600472819528106 
	 11.5444999999999993 	 -1.5520109914248237 
	 11.5538950000000007 	 -1.5440163940342442 
	 11.5632900000000021 	 -1.5360631634413988 
	 11.5726849999999999 	 -1.5281509733066154 
	 11.5820800000000013 	 -1.5202794972902125 
	 11.5914750000000009 	 -1.5124484090525192 
	 11.6008700000000005 	 -1.5046573823159370 
	 11.6102650000000001 	 -1.4969061925203506 
	 11.6196600000000014 	 -1.4891949239697468 
	 11.6290549999999993 	 -1.4815237193745689 
	 11.6384500000000006 	 -1.4738927214452477 
	 11.6478450000000002 	 -1.4663020728922262 
	 11.6572400000000016 	 -1.4587519164259390 
	 11.6666349999999994 	 -1.4512423947568283 
	 11.6760300000000008 	 -1.4437736505953265 
	 11.6854250000000004 	 -1.4363458266518754 
	 11.6948200000000000 	 -1.4289590656369116 
	 11.7042149999999996 	 -1.4216135024984273 
	 11.7136100000000010 	 -1.4143090419096418 
	 11.7230049999999988 	 -1.4070453252289616 
	 11.7324000000000002 	 -1.3998219794070694 
	 11.7417950000000015 	 -1.3926386313946550 
	 11.7511900000000011 	 -1.3854949081424068 
	 11.7605850000000007 	 -1.3783904366010120 
	 11.7699800000000021 	 -1.3713248437211560 
	 11.7793749999999999 	 -1.3642977564535306 
	 11.7887699999999978 	 -1.3573088017488202 
	 11.7981649999999991 	 -1.3503576065577105 
	 11.8075599999999987 	 -1.3434437978308917 
	 11.8169549999999983 	 -1.3365670025190513 
	 11.8263499999999997 	 -1.3297268475728745 
	 11.8357450000000011 	 -1.3229229599430501 
	 11.8451399999999989 	 -1.3161549665802690 
	 11.8545350000000003 	 -1.3094224944352135 
	 11.8639299999999999 	 -1.3027251704585738 
	 11.8733249999999995 	 -1.2960626216010365 
	 11.8827199999999991 	 -1.2894344748132900 
	 11.8921150000000004 	 -1.2828403570460198 
	 11.9015099999999983 	 -1.2762798951666554 
	 11.9109049999999996 	 -1.2697526850145044 
	 11.9202999999999992 	 -1.2632582450705339 
	 11.9296950000000006 	 -1.2567960819601944 
	 11.9390899999999984 	 -1.2503657023089434 
	 11.9484849999999998 	 -1.2439666127422300 
	 11.9578799999999994 	 -1.2375983198855114 
	 11.9672749999999990 	 -1.2312603303642398 
	 11.9766699999999986 	 -1.2249521508038692 
	 11.9860650000000000 	 -1.2186732878298514 
	 11.9954599999999978 	 -1.2124232480676449 
	 12.0048550000000009 	 -1.2062015381426965 
	 12.0142500000000005 	 -1.2000076646804663 
	 12.0236450000000001 	 -1.1938411343064048 
	 12.0330399999999997 	 -1.1877014536459669 
	 12.0424350000000011 	 -1.1815881293246040 
	 12.0518299999999989 	 -1.1755006679677742 
	 12.0612250000000003 	 -1.1694385762009254 
	 12.0706199999999981 	 -1.1634013606495170 
	 12.0800149999999995 	 -1.1573885279389979 
	 12.0894099999999991 	 -1.1513995846948246 
	 12.0988050000000005 	 -1.1454340375424490 
	 12.1082000000000001 	 -1.1394915995790358 
	 12.1175949999999997 	 -1.1335731978112507 
	 12.1269899999999993 	 -1.1276802014303327 
	 12.1363850000000006 	 -1.1218139802665512 
	 12.1457799999999985 	 -1.1159759041501802 
	 12.1551749999999998 	 -1.1101673429114862 
	 12.1645699999999994 	 -1.1043896663807429 
	 12.1739649999999990 	 -1.0986442443882196 
	 12.1833600000000004 	 -1.0929324467641863 
	 12.1927550000000018 	 -1.0872556433389149 
	 12.2021499999999996 	 -1.0816151997901491 
	 12.2115450000000010 	 -1.0760118554529945 
	 12.2209399999999988 	 -1.0704450601284035 
	 12.2303350000000002 	 -1.0649141047215176 
	 12.2397299999999980 	 -1.0594182801374910 
	 12.2491249999999994 	 -1.0539568772814669 
	 12.2585199999999990 	 -1.0485291870585964 
	 12.2679150000000003 	 -1.0431345003740260 
	 12.2773099999999999 	 -1.0377721081329054 
	 12.2867050000000013 	 -1.0324413012403808 
	 12.2960999999999991 	 -1.0271413706016037 
	 12.3054950000000005 	 -1.0218716071217178 
	 12.3148900000000001 	 -1.0166313017058743 
	 12.3242849999999997 	 -1.0114197452592204 
	 12.3336799999999993 	 -1.0062362286869044 
	 12.3430750000000007 	 -1.0010800428940729 
	 12.3524700000000003 	 -0.9959504787858766 
	 12.3618650000000017 	 -0.9908468272674612 
	 12.3712599999999995 	 -0.9857683792439780 
	 12.3806550000000009 	 -0.9807144256205712 
	 12.3900499999999987 	 -0.9756842573023927 
	 12.3994450000000001 	 -0.9706771651945867 
	 12.4088399999999996 	 -0.9656926065975346 
	 12.4182349999999992 	 -0.9607308337300872 
	 12.4276299999999988 	 -0.9557923359221155 
	 12.4370250000000002 	 -0.9508776025446680 
	 12.4464199999999998 	 -0.9459871229687955 
	 12.4558150000000012 	 -0.9411213865655461 
	 12.4652100000000008 	 -0.9362808827059702 
	 12.4746050000000004 	 -0.9314661007611169 
	 12.4840000000000000 	 -0.9266775301020348 
	 12.4933950000000014 	 -0.9219156600997725 
	 12.5027899999999992 	 -0.9171809757368161 
	 12.5121850000000006 	 -0.9124736139663910 
	 12.5215799999999984 	 -0.9077931169576240 
	 12.5309750000000015 	 -0.9031389686520899 
	 12.5403699999999994 	 -0.8985106529913731 
	 12.5497650000000007 	 -0.8939076539170483 
	 12.5591600000000003 	 -0.8893294553706974 
	 12.5685549999999999 	 -0.8847755412938992 
	 12.5779499999999995 	 -0.8802453956282321 
	 12.5873450000000009 	 -0.8757385023152752 
	 12.5967399999999987 	 -0.8712543452966096 
	 12.6061350000000001 	 -0.8667924085138115 
	 12.6155299999999997 	 -0.8623521759084625 
	 12.6249250000000011 	 -0.8579331314221402 
	 12.6343200000000007 	 -0.8535347589964255 
	 12.6437150000000020 	 -0.8491565425728955 
	 12.6531099999999999 	 -0.8447979660931325 
	 12.6625050000000012 	 -0.8404585134987120 
	 12.6718999999999991 	 -0.8361376687312166 
	 12.6812950000000004 	 -0.8318349157322223 
	 12.6906899999999982 	 -0.8275497384433114 
	 12.7000849999999996 	 -0.8232816208060600 
	 12.7094800000000010 	 -0.8190300467620489 
	 12.7188750000000006 	 -0.8147945002528577 
	 12.7282700000000002 	 -0.8105744652200656 
	 12.7376650000000016 	 -0.8063694256052503 
	 12.7470599999999994 	 -0.8021788653499935 
	 12.7564550000000008 	 -0.7980022683958716 
	 12.7658500000000004 	 -0.7938391186844658 
	 12.7752450000000000 	 -0.7896889001573546 
	 12.7846399999999996 	 -0.7855510967561172 
	 12.7940350000000009 	 -0.7814251924223321 
	 12.8034300000000005 	 -0.7773106825225026 
	 12.8128250000000019 	 -0.7732076139553855 
	 12.8222199999999997 	 -0.7691168192530887 
	 12.8316150000000011 	 -0.7650391910377226 
	 12.8410099999999989 	 -0.7609756219314023 
	 12.8504050000000003 	 -0.7569270045562380 
	 12.8597999999999999 	 -0.7528942315343451 
	 12.8691949999999995 	 -0.7488781954878352 
	 12.8785899999999991 	 -0.7448797890388212 
	 12.8879850000000022 	 -0.7408999048094148 
	 12.8973800000000001 	 -0.7369394354217322 
	 12.9067750000000014 	 -0.7329992734978827 
	 12.9161700000000010 	 -0.7290803116599813 
	 12.9255650000000006 	 -0.7251834425301399 
	 12.9349600000000002 	 -0.7213095587304718 
	 12.9443550000000016 	 -0.7174595528830885 
	 12.9537499999999994 	 -0.7136343176101055 
	 12.9631449999999973 	 -0.7098347455336341 
	 12.9725400000000004 	 -0.7060617292757848 
	 12.9819350000000000 	 -0.7023161614586741 
	 12.9913299999999996 	 -0.6985989347044135 
	 13.0007249999999992 	 -0.6949109415205101 
	 13.0101200000000006 	 -0.6912527631753503 
	 13.0195149999999984 	 -0.6876239919370339 
	 13.0289099999999998 	 -0.6840240240767871 
	 13.0383049999999994 	 -0.6804522558658410 
	 13.0476999999999990 	 -0.6769080835754236 
	 13.0570950000000003 	 -0.6733909034767634 
	 13.0664900000000017 	 -0.6699001118410899 
	 13.0758849999999995 	 -0.6664351049396333 
	 13.0852800000000009 	 -0.6629952790436200 
	 13.0946749999999987 	 -0.6595800304242815 
	 13.1040700000000001 	 -0.6561887553528440 
	 13.1134649999999979 	 -0.6528208501005391 
	 13.1228599999999993 	 -0.6494757109385934 
	 13.1322549999999989 	 -0.6461527341382375 
	 13.1416499999999985 	 -0.6428513159706998 
	 13.1510449999999999 	 -0.6395708527072084 
	 13.1604400000000012 	 -0.6363107406189931 
	 13.1698349999999991 	 -0.6330703759772840 
	 13.1792300000000004 	 -0.6298491550533075 
	 13.1886250000000000 	 -0.6266464741182943 
	 13.1980199999999996 	 -0.6234617294434730 
	 13.2074149999999992 	 -0.6202943173000721 
	 13.2168100000000006 	 -0.6171436339593204 
	 13.2262049999999984 	 -0.6140090756924483 
	 13.2356000000000016 	 -0.6108900387706819 
	 13.2449949999999994 	 -0.6077859194652537 
	 13.2543900000000008 	 -0.6046961140473898 
	 13.2637849999999986 	 -0.6016200187883209 
	 13.2731800000000000 	 -0.5985570299592744 
	 13.2825749999999996 	 -0.5955065438314805 
	 13.2919699999999992 	 -0.5924679566761674 
	 13.3013649999999988 	 -0.5894406653000058 
	 13.3107600000000001 	 -0.5864243266392413 
	 13.3201549999999980 	 -0.5834192754603792 
	 13.3295500000000011 	 -0.5804259555384950 
	 13.3389450000000007 	 -0.5774448106486695 
	 13.3483400000000003 	 -0.5744762845659795 
	 13.3577349999999999 	 -0.5715208210655034 
	 13.3671300000000013 	 -0.5685788639223185 
	 13.3765249999999991 	 -0.5656508569115049 
	 13.3859200000000005 	 -0.5627372438081379 
	 13.3953149999999983 	 -0.5598384683872983 
	 13.4047099999999997 	 -0.5569549626309644 
	 13.4141049999999993 	 -0.5540868889669821 
	 13.4235000000000007 	 -0.5512341412030208 
	 13.4328950000000003 	 -0.5483966015404478 
	 13.4422899999999998 	 -0.5455741521806290 
	 13.4516849999999994 	 -0.5427666753249305 
	 13.4610800000000008 	 -0.5399740531747178 
	 13.4704749999999986 	 -0.5371961679313589 
	 13.4798700000000000 	 -0.5344329017962181 
	 13.4892649999999996 	 -0.5316841369706627 
	 13.4986599999999992 	 -0.5289497556560588 
	 13.5080550000000006 	 -0.5262296400537719 
	 13.5174500000000020 	 -0.5235236723651692 
	 13.5268449999999998 	 -0.5208317347916172 
	 13.5362400000000012 	 -0.5181537095344805 
	 13.5456349999999990 	 -0.5154894787951273 
	 13.5550300000000004 	 -0.5128389247749218 
	 13.5644249999999982 	 -0.5102019296752324 
	 13.5738199999999996 	 -0.5075783756974229 
	 13.5832149999999992 	 -0.5049681450428615 
	 13.5926100000000005 	 -0.5023711199129133 
	 13.6020050000000001 	 -0.4997871825089452 
	 13.6114000000000015 	 -0.4972162150323228 
	 13.6207949999999993 	 -0.4946580996844136 
	 13.6301900000000007 	 -0.4921127186665819 
	 13.6395850000000003 	 -0.4895799541801955 
	 13.6489799999999999 	 -0.4870596884266200 
	 13.6583749999999995 	 -0.4845518036072216 
	 13.6677700000000009 	 -0.4820561819233662 
	 13.6771649999999987 	 -0.4795727055764213 
	 13.6865600000000018 	 -0.4771012567677509 
	 13.6959549999999997 	 -0.4746417176987240 
	 13.7053500000000010 	 -0.4721939743992572 
	 13.7147449999999989 	 -0.4697579777358166 
	 13.7241400000000002 	 -0.4673337326534594 
	 13.7335349999999998 	 -0.4649212457519830 
	 13.7429299999999994 	 -0.4625205236311827 
	 13.7523249999999990 	 -0.4601315728908544 
	 13.7617200000000004 	 -0.4577544001307931 
	 13.7711150000000000 	 -0.4553890119507960 
	 13.7805100000000014 	 -0.4530354149506578 
	 13.7899050000000010 	 -0.4506936157301751 
	 13.7993000000000006 	 -0.4483636208891434 
	 13.8086950000000002 	 -0.4460454263319258 
	 13.8180900000000015 	 -0.4437389744270940 
	 13.8274849999999994 	 -0.4414441908273504 
	 13.8368800000000007 	 -0.4391610011798146 
	 13.8462749999999986 	 -0.4368893311316092 
	 13.8556699999999999 	 -0.4346291063298530 
	 13.8650649999999995 	 -0.4323802524216686 
	 13.8744600000000009 	 -0.4301426950541759 
	 13.8838550000000005 	 -0.4279163598744966 
	 13.8932500000000001 	 -0.4257011725297515 
	 13.9026449999999997 	 -0.4234970586670611 
	 13.9120400000000011 	 -0.4213039439335462 
	 13.9214349999999989 	 -0.4191217539763288 
	 13.9308300000000003 	 -0.4169504144425282 
	 13.9402249999999999 	 -0.4147898509792665 
	 13.9496200000000012 	 -0.4126399892336640 
	 13.9590150000000008 	 -0.4105007548528422 
	 13.9684100000000022 	 -0.4083720734839212 
	 13.9778050000000000 	 -0.4062538707740233 
	 13.9872000000000014 	 -0.4041460723702677 
	 13.9965949999999992 	 -0.4020486039197768 
	 14.0059900000000006 	 -0.3999613929276974 
	 14.0153849999999984 	 -0.3978843909492018 
	 14.0247799999999998 	 -0.3958175663044568 
	 14.0341750000000012 	 -0.3937608876549212 
	 14.0435700000000008 	 -0.3917143236620532 
	 14.0529650000000004 	 -0.3896778429873110 
	 14.0623600000000017 	 -0.3876514142921515 
	 14.0717549999999996 	 -0.3856350062380344 
	 14.0811500000000009 	 -0.3836285874864159 
	 14.0905450000000005 	 -0.3816321266987551 
	 14.0999400000000001 	 -0.3796455925365099 
	 14.1093349999999997 	 -0.3776689536611380 
	 14.1187300000000011 	 -0.3757021787340973 
	 14.1281250000000007 	 -0.3737452364168462 
	 14.1375199999999985 	 -0.3717980953708431 
	 14.1469149999999999 	 -0.3698607242575447 
	 14.1563099999999995 	 -0.3679330917384100 
	 14.1657049999999991 	 -0.3660151664748969 
	 14.1750999999999987 	 -0.3641069171284632 
	 14.1844950000000001 	 -0.3622083123605666 
	 14.1938899999999979 	 -0.3603193208326661 
	 14.2032849999999993 	 -0.3584399112062185 
	 14.2126800000000006 	 -0.3565700521426823 
	 14.2220750000000002 	 -0.3547097123035159 
	 14.2314699999999998 	 -0.3528588603501770 
	 14.2408650000000012 	 -0.3510174649441232 
	 14.2502599999999990 	 -0.3491854947468136 
	 14.2596550000000004 	 -0.3473629184197048 
	 14.2690499999999982 	 -0.3455497046242563 
	 14.2784449999999996 	 -0.3437458220219244 
	 14.2878399999999974 	 -0.3419512392741688 
	 14.2972350000000006 	 -0.3401659250424457 
	 14.3066300000000002 	 -0.3383898461292256 
	 14.3160249999999998 	 -0.3366229505228683 
	 14.3254199999999994 	 -0.3348651752817958 
	 14.3348150000000008 	 -0.3331164573295886 
	 14.3442099999999986 	 -0.3313767335898289 
	 14.3536049999999999 	 -0.3296459409860966 
	 14.3629999999999995 	 -0.3279240164419733 
	 14.3723949999999991 	 -0.3262108968810400 
	 14.3817899999999987 	 -0.3245065192268777 
	 14.3911850000000019 	 -0.3228108204030667 
	 14.4005799999999997 	 -0.3211237373340833 
	 14.4099750000000011 	 -0.3194452114864175 
	 14.4193699999999989 	 -0.3177751994339433 
	 14.4287650000000003 	 -0.3161136608875620 
	 14.4381599999999981 	 -0.3144605555581771 
	 14.4475549999999995 	 -0.3128158431566900 
	 14.4569499999999991 	 -0.3111794833940039 
	 14.4663449999999987 	 -0.3095514359810210 
	 14.4757400000000001 	 -0.3079316606286435 
	 14.4851350000000014 	 -0.3063201170477740 
	 14.4945299999999992 	 -0.3047167649493156 
	 14.5039250000000006 	 -0.3031215640774969 
	 14.5133200000000002 	 -0.3015344753457880 
	 14.5227149999999998 	 -0.2999554611172334 
	 14.5321099999999994 	 -0.2983844838450858 
	 14.5415050000000008 	 -0.2968215059825975 
	 14.5508999999999986 	 -0.2952664899830219 
	 14.5602950000000000 	 -0.2937193982996104 
	 14.5696899999999996 	 -0.2921801933856165 
	 14.5790850000000010 	 -0.2906488376942921 
	 14.5884799999999988 	 -0.2891252936788908 
	 14.5978750000000002 	 -0.2876095237926638 
	 14.6072699999999998 	 -0.2861014904888647 
	 14.6166649999999994 	 -0.2846011562207457 
	 14.6260599999999990 	 -0.2831084834415594 
	 14.6354550000000003 	 -0.2816234346045582 
	 14.6448499999999981 	 -0.2801459721629954 
	 14.6542450000000013 	 -0.2786760585701221 
	 14.6636400000000009 	 -0.2772136562791923 
	 14.6730350000000005 	 -0.2757587277434581 
	 14.6824300000000001 	 -0.2743112354161721 
	 14.6918250000000015 	 -0.2728711417505865 
	 14.7012199999999993 	 -0.2714384091899659 
	 14.7106150000000007 	 -0.2700129936379750 
	 14.7200099999999985 	 -0.2685948331830469 
	 14.7294049999999999 	 -0.2671838629082305 
	 14.7387999999999995 	 -0.2657800178965762 
	 14.7481950000000008 	 -0.2643832332311336 
	 14.7575900000000004 	 -0.2629934439949528 
	 14.7669850000000000 	 -0.2616105852710834 
	 14.7763799999999996 	 -0.2602345921425755 
	 14.7857750000000010 	 -0.2588653996924785 
	 14.7951699999999988 	 -0.2575029430038430 
	 14.8045650000000002 	 -0.2561471600910149 
	 14.8139599999999998 	 -0.2547980610720463 
	 14.8233549999999994 	 -0.2534557308710266 
	 14.8327500000000008 	 -0.2521202578840392 
	 14.8421450000000021 	 -0.2507917305071675 
	 14.8515400000000000 	 -0.2494702371364951 
	 14.8609350000000013 	 -0.2481558661681044 
	 14.8703299999999992 	 -0.2468487059980797 
	 14.8797250000000005 	 -0.2455488450225030 
	 14.8891199999999984 	 -0.2442563716374586 
	 14.8985149999999997 	 -0.2429713742390289 
	 14.9079099999999993 	 -0.2416939236617106 
	 14.9173049999999989 	 -0.2404239771001555 
	 14.9267000000000003 	 -0.2391614465133186 
	 14.9360950000000017 	 -0.2379062437439531 
	 14.9454899999999995 	 -0.2366582806348130 
	 14.9548850000000009 	 -0.2354174690286503 
	 14.9642800000000005 	 -0.2341837207682191 
	 14.9736750000000001 	 -0.2329569476962723 
	 14.9830699999999997 	 -0.2317370616555633 
	 14.9924650000000010 	 -0.2305239744888447 
	 15.0018600000000006 	 -0.2293175980388706 
	 15.0112550000000020 	 -0.2281178441483934 
	 15.0206499999999998 	 -0.2269246246601672 
	 15.0300450000000012 	 -0.2257378514169443 
	 15.0394399999999990 	 -0.2245574362614788 
	 15.0488350000000004 	 -0.2233832910365230 
	 15.0582300000000000 	 -0.2222153275848308 
	 15.0676249999999996 	 -0.2210534577491552 
	 15.0770199999999992 	 -0.2198975933722495 
	 15.0864150000000006 	 -0.2187476462968665 
	 15.0958100000000002 	 -0.2176035283657599 
	 15.1052050000000015 	 -0.2164651514216826 
	 15.1146000000000011 	 -0.2153324273073882 
	 15.1239950000000007 	 -0.2142052678656297 
	 15.1333900000000003 	 -0.2130835849391602 
	 15.1427850000000017 	 -0.2119672903707329 
	 15.1521799999999995 	 -0.2108562960031016 
	 15.1615750000000009 	 -0.2097505136790186 
	 15.1709699999999987 	 -0.2086498552412380 
	 15.1803650000000001 	 -0.2075542325325121 
	 15.1897599999999997 	 -0.2064635573955949 
	 15.1991550000000011 	 -0.2053777416732391 
	 15.2085500000000007 	 -0.2042967159020657 
	 15.2179450000000003 	 -0.2032205086780303 
	 15.2273399999999999 	 -0.2021491806393709 
	 15.2367350000000012 	 -0.2010827924423707 
	 15.2461299999999991 	 -0.2000214047433137 
	 15.2555250000000004 	 -0.1989650781984826 
	 15.2649200000000000 	 -0.1979138734641615 
	 15.2743150000000014 	 -0.1968678511966336 
	 15.2837100000000010 	 -0.1958270720521827 
	 15.2931050000000024 	 -0.1947915966870918 
	 15.3025000000000002 	 -0.1937614854735809 
	 15.3118949999999980 	 -0.1927367693223558 
	 15.3212899999999994 	 -0.1917174243929174 
	 15.3306849999999990 	 -0.1907034208854128 
	 15.3400799999999986 	 -0.1896947289999883 
	 15.3494749999999982 	 -0.1886913189367903 
	 15.3588699999999996 	 -0.1876931608959651 
	 15.3682649999999992 	 -0.1867002250776595 
	 15.3776600000000006 	 -0.1857124816820197 
	 15.3870550000000001 	 -0.1847299009091924 
	 15.3964499999999997 	 -0.1837524529593241 
	 15.4058449999999993 	 -0.1827801080325610 
	 15.4152400000000007 	 -0.1818128363290496 
	 15.4246349999999985 	 -0.1808506080489369 
	 15.4340299999999999 	 -0.1798933933923685 
	 15.4434249999999977 	 -0.1789411625594916 
	 15.4528200000000009 	 -0.1779938857504520 
	 15.4622149999999987 	 -0.1770515331653969 
	 15.4716100000000001 	 -0.1761140750044722 
	 15.4810049999999997 	 -0.1751814814678248 
	 15.4903999999999993 	 -0.1742537227556009 
	 15.4997949999999989 	 -0.1733307690679469 
	 15.5091900000000003 	 -0.1724125906050094 
	 15.5185849999999981 	 -0.1714991575669351 
	 15.5279799999999994 	 -0.1705904401538699 
	 15.5373750000000008 	 -0.1696864085659606 
	 15.5467700000000004 	 -0.1687870330033538 
	 15.5561650000000000 	 -0.1678922836661960 
	 15.5655600000000014 	 -0.1670021307546332 
	 15.5749549999999992 	 -0.1661165444688126 
	 15.5843500000000006 	 -0.1652354950088799 
	 15.5937449999999984 	 -0.1643589525749821 
	 15.6031399999999998 	 -0.1634868874377430 
	 15.6125349999999976 	 -0.1626192740695703 
	 15.6219299999999990 	 -0.1617560934402248 
	 15.6313250000000004 	 -0.1608973270765832 
	 15.6407200000000000 	 -0.1600429565055220 
	 15.6501149999999996 	 -0.1591929632539175 
	 15.6595100000000009 	 -0.1583473288486459 
	 15.6689049999999988 	 -0.1575060348165842 
	 15.6783000000000001 	 -0.1566690626846081 
	 15.6876949999999997 	 -0.1558363939795945 
	 15.6970899999999993 	 -0.1550080102284197 
	 15.7064849999999989 	 -0.1541838929579600 
	 15.7158800000000021 	 -0.1533640236950915 
	 15.7252749999999999 	 -0.1525483839666915 
	 15.7346700000000013 	 -0.1517369552996356 
	 15.7440649999999991 	 -0.1509297192208007 
	 15.7534600000000005 	 -0.1501266572570627 
	 15.7628549999999983 	 -0.1493277509352987 
	 15.7722499999999997 	 -0.1485329817823843 
	 15.7816449999999993 	 -0.1477423313251965 
	 15.7910399999999989 	 -0.1469557810906116 
	 15.8004350000000002 	 -0.1461733126053329 
	 15.8098300000000016 	 -0.1453949054023606 
	 15.8192249999999994 	 -0.1446205320718965 
	 15.8286200000000008 	 -0.1438501636938019 
	 15.8380150000000004 	 -0.1430837713479390 
	 15.8474100000000000 	 -0.1423213261141696 
	 15.8568049999999996 	 -0.1415627990723554 
	 15.8662000000000010 	 -0.1408081613023581 
	 15.8755949999999988 	 -0.1400573838840400 
	 15.8849900000000002 	 -0.1393104378972625 
	 15.8943849999999998 	 -0.1385672944218876 
	 15.9037800000000011 	 -0.1378279249478997 
	 15.9131749999999990 	 -0.1370923166904083 
	 15.9225700000000003 	 -0.1363604771665632 
	 15.9319649999999999 	 -0.1356324152377885 
	 15.9413599999999995 	 -0.1349081397655076 
	 15.9507549999999991 	 -0.1341876596111442 
	 15.9601500000000005 	 -0.1334709836361217 
	 15.9695449999999983 	 -0.1327581207018642 
	 15.9789400000000015 	 -0.1320490796697946 
	 15.9883350000000011 	 -0.1313438694013373 
	 15.9977300000000007 	 -0.1306424987579155 
	 16.0071249999999985 	 -0.1299449673277337 
	 16.0165199999999999 	 -0.1292511962056554 
	 16.0259150000000012 	 -0.1285610669921023 
	 16.0353100000000026 	 -0.1278744609876121 
	 16.0447050000000004 	 -0.1271912594927225 
	 16.0541000000000018 	 -0.1265113438079704 
	 16.0634949999999996 	 -0.1258345952338940 
	 16.0728900000000010 	 -0.1251608950710301 
	 16.0822849999999988 	 -0.1244901246199169 
	 16.0916800000000002 	 -0.1238221651810913 
	 16.1010749999999980 	 -0.1231568981185321 
	 16.1104699999999994 	 -0.1224942631540556 
	 16.1198650000000008 	 -0.1218343662655281 
	 16.1292600000000022 	 -0.1211773428420685 
	 16.1386550000000000 	 -0.1205233282727960 
	 16.1480500000000013 	 -0.1198724579468289 
	 16.1574449999999992 	 -0.1192248672532866 
	 16.1668400000000005 	 -0.1185806915812874 
	 16.1762349999999984 	 -0.1179400663199508 
	 16.1856299999999997 	 -0.1173031268583951 
	 16.1950249999999976 	 -0.1166700085857397 
	 16.2044200000000025 	 -0.1160408468911028 
	 16.2138150000000003 	 -0.1154157771636042 
	 16.2232100000000017 	 -0.1147949347923620 
	 16.2326049999999995 	 -0.1141784551664956 
	 16.2420000000000009 	 -0.1135664736751234 
	 16.2513949999999987 	 -0.1129591257073649 
	 16.2607900000000001 	 -0.1123565466523383 
	 16.2701850000000015 	 -0.1117588718991627 
	 16.2795799999999993 	 -0.1111662368369574 
	 16.2889750000000006 	 -0.1105787768548407 
	 16.2983700000000020 	 -0.1099966273419317 
	 16.3077649999999998 	 -0.1094198602133644 
	 16.3171600000000012 	 -0.1088481162286884 
	 16.3265549999999990 	 -0.1082808568159496 
	 16.3359500000000004 	 -0.1077175428160623 
	 16.3453449999999982 	 -0.1071576350699424 
	 16.3547399999999996 	 -0.1066005944185044 
	 16.3641349999999974 	 -0.1060458817026640 
	 16.3735299999999988 	 -0.1054929577633358 
	 16.3829250000000002 	 -0.1049412834414352 
	 16.3923200000000016 	 -0.1043903195778773 
	 16.4017150000000029 	 -0.1038395270135773 
	 16.4111100000000008 	 -0.1032883665894504 
	 16.4205050000000021 	 -0.1027362991464116 
	 16.4299000000000035 	 -0.1021827855253760 
	 16.4392950000000013 	 -0.1016272865672590 
	 16.4486900000000027 	 -0.1010692631129753 
	 16.4580850000000005 	 -0.1005081760034405 
	 16.4674800000000019 	 -0.0999434860795694 
	 16.4768749999999997 	 -0.0993746541822774 
	 16.4862699999999975 	 -0.0988011411524795 
	 16.4956649999999989 	 -0.0982224078310906 
	 16.5050599999999967 	 -0.0976379583871679 
	 16.5144549999999981 	 -0.0970481337968042 
	 16.5238499999999959 	 -0.0964540316820056 
	 16.5332449999999973 	 -0.0958567769097145 
	 16.5426399999999987 	 -0.0952574943468742 
	 16.5520349999999965 	 -0.0946573088604281 
	 16.5614300000000014 	 -0.0940573453173184 
	 16.5708250000000028 	 -0.0934587285844889 
	 16.5802200000000006 	 -0.0928625835288825 
	 16.5896150000000020 	 -0.0922700350174420 
	 16.5990099999999998 	 -0.0916822079171106 
	 16.6084050000000012 	 -0.0911002270948312 
	 16.6177999999999990 	 -0.0905252174175470 
	 16.6271950000000004 	 -0.0899583037522008 
	 16.6365899999999982 	 -0.0894006109657359 
	 16.6459849999999996 	 -0.0888532639250950 
	 16.6553799999999974 	 -0.0883173874972215 
	 16.6647749999999988 	 -0.0877941065490581 
	 16.6741700000000002 	 -0.0872845459475480 
	 16.6835649999999980 	 -0.0867898305596344 
	 16.6929599999999994 	 -0.0863110852522600 
	 16.7023550000000007 	 -0.0858494348923679 
	 16.7117499999999986 	 -0.0854060043469015 
	 16.7211449999999999 	 -0.0849819184828033 
	 16.7305400000000013 	 -0.0845783021670166 
	 16.7399350000000027 	 -0.0841962802664844 
	 16.7493300000000005 	 -0.0838369776481500 
	 16.7587250000000019 	 -0.0835015191789559 
	 16.7681199999999997 	 -0.0831910297258456 
	 16.7775150000000011 	 -0.0829066341557619 
	 16.7869099999999989 	 -0.0826494573356479 
	 16.7963050000000003 	 -0.0824206241324465 
	 16.8056999999999981 	 -0.0822209581713409 
	 16.8150949999999995 	 -0.0820468931750495 
	 16.8244899999999973 	 -0.0818915426484616 
	 16.8338849999999987 	 -0.0817479380360080 
	 16.8432800000000000 	 -0.0816091107821195 
	 16.8526749999999979 	 -0.0814680923312272 
	 16.8620699999999992 	 -0.0813179141277618 
	 16.8714650000000006 	 -0.0811516076161542 
	 16.8808599999999984 	 -0.0809622042408355 
	 16.8902549999999998 	 -0.0807427354462364 
	 16.8996499999999976 	 -0.0804862326767879 
	 16.9090450000000025 	 -0.0801875855229702 
	 16.9184400000000004 	 -0.0798499957814450 
	 16.9278350000000017 	 -0.0794789886231293 
	 16.9372299999999996 	 -0.0790800893266020 
	 16.9466250000000009 	 -0.0786588231704412 
	 16.9560199999999988 	 -0.0782207154332255 
	 16.9654150000000001 	 -0.0777712913935333 
	 16.9748100000000015 	 -0.0773160763299431 
	 16.9842049999999993 	 -0.0768605955210336 
	 16.9936000000000007 	 -0.0764103742453828 
	 17.0029950000000021 	 -0.0759708998796469 
	 17.0123899999999999 	 -0.0755451280127237 
	 17.0217850000000013 	 -0.0751319341604987 
	 17.0311799999999991 	 -0.0747298240015822 
	 17.0405750000000005 	 -0.0743373032145838 
	 17.0499699999999983 	 -0.0739528774781136 
	 17.0593649999999997 	 -0.0735750524707813 
	 17.0687599999999975 	 -0.0732023338711971 
	 17.0781549999999989 	 -0.0728332273579707 
	 17.0875500000000002 	 -0.0724662386097121 
	 17.0969450000000016 	 -0.0720998733050311 
	 17.1063399999999994 	 -0.0717327333619040 
	 17.1157350000000008 	 -0.0713645069865939 
	 17.1251299999999986 	 -0.0709955680892685 
	 17.1345250000000000 	 -0.0706263013476880 
	 17.1439200000000014 	 -0.0702570914396130 
	 17.1533149999999992 	 -0.0698883230428040 
	 17.1627100000000006 	 -0.0695203808350211 
	 17.1721050000000020 	 -0.0691536494940249 
	 17.1814999999999998 	 -0.0687885136975759 
	 17.1908950000000011 	 -0.0684253581234342 
	 17.2002899999999990 	 -0.0680645674469704 
	 17.2096850000000003 	 -0.0677064373281169 
	 17.2190799999999982 	 -0.0673509388242799 
	 17.2284749999999995 	 -0.0669979690233199 
	 17.2378699999999974 	 -0.0666474250130979 
	 17.2472649999999987 	 -0.0662992038814746 
	 17.2566599999999966 	 -0.0659532027163110 
	 17.2660550000000015 	 -0.0656093186054675 
	 17.2754500000000029 	 -0.0652674486368053 
	 17.2848450000000007 	 -0.0649274898981854 
	 17.2942400000000021 	 -0.0645893394774681 
	 17.3036350000000034 	 -0.0642528954239528 
	 17.3130300000000013 	 -0.0639180962246262 
	 17.3224250000000026 	 -0.0635849347397526 
	 17.3318200000000004 	 -0.0632534076549852 
	 17.3412150000000018 	 -0.0629235116559768 
	 17.3506099999999996 	 -0.0625952434283807 
	 17.3600050000000010 	 -0.0622685996578497 
	 17.3693999999999988 	 -0.0619435770300368 
	 17.3787950000000002 	 -0.0616201722305951 
	 17.3881899999999980 	 -0.0612983819451776 
	 17.3975849999999994 	 -0.0609782028594371 
	 17.4069799999999972 	 -0.0606596316590270 
	 17.4163749999999986 	 -0.0603426650296000 
	 17.4257699999999964 	 -0.0600272996568092 
	 17.4351649999999978 	 -0.0597135322263076 
	 17.4445600000000027 	 -0.0594013594237481 
	 17.4539550000000006 	 -0.0590907779347841 
	 17.4633500000000019 	 -0.0587817844450682 
	 17.4727450000000033 	 -0.0584743756402536 
	 17.4821400000000011 	 -0.0581685482059933 
	 17.4915350000000025 	 -0.0578642988279402 
	 17.5009300000000003 	 -0.0575616241917475 
	 17.5103250000000017 	 -0.0572605209830680 
	 17.5197199999999995 	 -0.0569609858875549 
	 17.5291150000000009 	 -0.0566630155908610 
	 17.5385099999999987 	 -0.0563666067786395 
	 17.5479050000000001 	 -0.0560717561365433 
	 17.5572999999999979 	 -0.0557784603502255 
	 17.5666949999999993 	 -0.0554867161053390 
	 17.5760900000000007 	 -0.0551965200875368 
	 17.5854849999999985 	 -0.0549078689824721 
	 17.5948799999999999 	 -0.0546207594757977 
	 17.6042750000000012 	 -0.0543351881472356 
	 17.6136700000000026 	 -0.0540511485366872 
	 17.6230650000000040 	 -0.0537686307656226 
	 17.6324600000000018 	 -0.0534876247735310 
	 17.6418550000000032 	 -0.0532081204999016 
	 17.6512500000000010 	 -0.0529301078842237 
	 17.6606449999999988 	 -0.0526535768659867 
	 17.6700400000000002 	 -0.0523785173846795 
	 17.6794349999999980 	 -0.0521049193797918 
	 17.6888299999999994 	 -0.0518327727908126 
	 17.6982249999999972 	 -0.0515620675572313 
	 17.7076199999999986 	 -0.0512927936185370 
	 17.7170150000000000 	 -0.0510249409142190 
	 17.7264099999999978 	 -0.0507584993837669 
	 17.7358049999999992 	 -0.0504934589666695 
	 17.7452000000000005 	 -0.0502298096024163 
	 17.7545949999999984 	 -0.0499675412304966 
	 17.7639899999999997 	 -0.0497066437903996 
	 17.7733849999999975 	 -0.0494471072216147 
	 17.7827799999999989 	 -0.0491889214636309 
	 17.7921750000000003 	 -0.0489320764559376 
	 17.8015700000000017 	 -0.0486765621421978 
	 17.8109649999999995 	 -0.0484223698712312 
	 17.8203600000000009 	 -0.0481694944320140 
	 17.8297549999999987 	 -0.0479179311302739 
	 17.8391500000000001 	 -0.0476676752717380 
	 17.8485450000000014 	 -0.0474187221621341 
	 17.8579399999999993 	 -0.0471710671071896 
	 17.8673350000000006 	 -0.0469247054126318 
	 17.8767300000000020 	 -0.0466796323841884 
	 17.8861249999999998 	 -0.0464358433275868 
	 17.8955200000000012 	 -0.0461933335485544 
	 17.9049149999999990 	 -0.0459520983039479 
	 17.9143100000000004 	 -0.0457121318399664 
	 17.9237049999999982 	 -0.0454734274513905 
	 17.9330999999999996 	 -0.0452359783959910 
	 17.9424949999999974 	 -0.0449997779315391 
	 17.9518899999999988 	 -0.0447648193158057 
	 17.9612849999999966 	 -0.0445310958065619 
	 17.9706800000000015 	 -0.0442986006615784 
	 17.9800749999999994 	 -0.0440673271386266 
	 17.9894700000000007 	 -0.0438372684954773 
	 17.9988649999999986 	 -0.0436084179899016 
	 18.0082599999999999 	 -0.0433807688796704 
	 18.0176550000000013 	 -0.0431543144225547 
	 18.0270499999999991 	 -0.0429290478763257 
	 18.0364450000000005 	 -0.0427049624987541 
	 18.0458400000000019 	 -0.0424820515476110 
	 18.0552349999999997 	 -0.0422603082806677 
	 18.0646300000000011 	 -0.0420397259556948 
	 18.0740249999999989 	 -0.0418202978304635 
	 18.0834200000000003 	 -0.0416020171627447 
	 18.0928149999999981 	 -0.0413848772103096 
	 18.1022099999999995 	 -0.0411688712338715 
	 18.1116049999999973 	 -0.0409539929084399 
	 18.1209999999999987 	 -0.0407402367470541 
	 18.1303949999999965 	 -0.0405275973638702 
	 18.1397899999999979 	 -0.0403160693730440 
	 18.1491850000000028 	 -0.0401056473887312 
	 18.1585800000000006 	 -0.0398963260250881 
	 18.1679750000000020 	 -0.0396880998962702 
	 18.1773700000000034 	 -0.0394809636164336 
	 18.1867650000000012 	 -0.0392749117997341 
	 18.1961600000000026 	 -0.0390699390603276 
	 18.2055550000000004 	 -0.0388660400123700 
	 18.2149500000000018 	 -0.0386632092700172 
	 18.2243449999999996 	 -0.0384614414474251 
	 18.2337400000000009 	 -0.0382607311587494 
	 18.2431349999999988 	 -0.0380610730181463 
	 18.2525300000000001 	 -0.0378624616397714 
	 18.2619249999999980 	 -0.0376648916377807 
	 18.2713199999999993 	 -0.0374683576263301 
	 18.2807149999999972 	 -0.0372728542195756 
	 18.2901099999999985 	 -0.0370783760316728 
	 18.2995049999999964 	 -0.0368849176767778 
	 18.3088999999999977 	 -0.0366924737782988 
	 18.3182949999999991 	 -0.0365010390030018 
	 18.3276900000000005 	 -0.0363106080303430 
	 18.3370850000000019 	 -0.0361211755397796 
	 18.3464800000000032 	 -0.0359327362107693 
	 18.3558750000000011 	 -0.0357452847227695 
	 18.3652700000000024 	 -0.0355588157552377 
	 18.3746650000000002 	 -0.0353733239876315 
	 18.3840600000000016 	 -0.0351888040994082 
	 18.3934549999999994 	 -0.0350052507700256 
	 18.4028500000000008 	 -0.0348226586789408 
	 18.4122449999999986 	 -0.0346410225056116 
	 18.4216400000000000 	 -0.0344603369294953 
	 18.4310349999999978 	 -0.0342805966300496 
	 18.4404299999999992 	 -0.0341017962867318 
	 18.4498250000000006 	 -0.0339239305789994 
	 18.4592199999999984 	 -0.0337469941863101 
	 18.4686149999999998 	 -0.0335709817881212 
	 18.4780100000000012 	 -0.0333958880638903 
	 18.4874049999999990 	 -0.0332217076930749 
	 18.4968000000000004 	 -0.0330484353551324 
	 18.5061950000000017 	 -0.0328760657924098 
	 18.5155900000000031 	 -0.0327045944979841 
	 18.5249850000000009 	 -0.0325340174587659 
	 18.5343800000000023 	 -0.0323643306703333 
	 18.5437750000000001 	 -0.0321955301282649 
	 18.5531700000000015 	 -0.0320276118281386 
	 18.5625649999999993 	 -0.0318605717655330 
	 18.5719600000000007 	 -0.0316944059360261 
	 18.5813549999999985 	 -0.0315291103351964 
	 18.5907499999999999 	 -0.0313646809586220 
	 18.6001449999999977 	 -0.0312011138018814 
	 18.6095399999999991 	 -0.0310384048605526 
	 18.6189350000000005 	 -0.0308765501302141 
	 18.6283299999999983 	 -0.0307155456064442 
	 18.6377249999999997 	 -0.0305553872848209 
	 18.6471200000000010 	 -0.0303960711609228 
	 18.6565149999999988 	 -0.0302375932303280 
	 18.6659100000000002 	 -0.0300799494886148 
	 18.6753050000000016 	 -0.0299231359313615 
	 18.6847000000000030 	 -0.0297671485541464 
	 18.6940950000000008 	 -0.0296119833525478 
	 18.7034900000000022 	 -0.0294576362976201 
	 18.7128850000000000 	 -0.0293041022243744 
	 18.7222800000000014 	 -0.0291513743767114 
	 18.7316749999999992 	 -0.0289994458797445 
	 18.7410700000000006 	 -0.0288483098585868 
	 18.7504650000000019 	 -0.0286979594383519 
	 18.7598599999999998 	 -0.0285483877441530 
	 18.7692550000000011 	 -0.0283995879011034 
	 18.7786500000000025 	 -0.0282515530343165 
	 18.7880450000000003 	 -0.0281042762689056 
	 18.7974400000000017 	 -0.0279577507299840 
	 18.8068349999999995 	 -0.0278119698806052 
	 18.8162300000000009 	 -0.0276669303566582 
	 18.8256249999999987 	 -0.0275226305313187 
	 18.8350199999999965 	 -0.0273790687955181 
	 18.8444149999999979 	 -0.0272362435401882 
	 18.8538099999999993 	 -0.0270941531562604 
	 18.8632050000000007 	 -0.0269527960346665 
	 18.8725999999999985 	 -0.0268121705663380 
	 18.8819949999999999 	 -0.0266722751422065 
	 18.8913900000000012 	 -0.0265331081532035 
	 18.9007849999999991 	 -0.0263946679902608 
	 18.9101800000000004 	 -0.0262569530443098 
	 18.9195750000000018 	 -0.0261199617062822 
	 18.9289699999999996 	 -0.0259836923671096 
	 18.9383650000000010 	 -0.0258481434177235 
	 18.9477599999999988 	 -0.0257133132490556 
	 18.9571550000000002 	 -0.0255792002520375 
	 18.9665499999999980 	 -0.0254458028176007 
	 18.9759449999999994 	 -0.0253131193366768 
	 18.9853399999999972 	 -0.0251811482001975 
	 18.9947349999999986 	 -0.0250498877990943 
	 19.0041299999999964 	 -0.0249193365242989 
	 19.0135249999999978 	 -0.0247894927667427 
	 19.0229199999999992 	 -0.0246603549173575 
	 19.0323150000000005 	 -0.0245319213670748 
	 19.0417100000000019 	 -0.0244041905068261 
	 19.0511050000000033 	 -0.0242771607275432 
	 19.0605000000000011 	 -0.0241508304201577 
	 19.0698950000000025 	 -0.0240251979756009 
	 19.0792900000000003 	 -0.0239002617848047 
	 19.0886850000000017 	 -0.0237760202387006 
	 19.0980799999999995 	 -0.0236524717282201 
	 19.1074750000000009 	 -0.0235296135408114 
	 19.1168699999999987 	 -0.0234074346932350 
	 19.1262650000000001 	 -0.0232859204497202 
	 19.1356599999999979 	 -0.0231650560557967 
	 19.1450549999999993 	 -0.0230448267569938 
	 19.1544499999999971 	 -0.0229252177988414 
	 19.1638449999999985 	 -0.0228062144268687 
	 19.1732399999999963 	 -0.0226878018866055 
	 19.1826349999999977 	 -0.0225699654235813 
	 19.1920299999999990 	 -0.0224526902833257 
	 19.2014249999999969 	 -0.0223359617113682 
	 19.2108200000000018 	 -0.0222197649532382 
	 19.2202150000000032 	 -0.0221040852544656 
	 19.2296100000000010 	 -0.0219889078605798 
	 19.2390050000000024 	 -0.0218742180171103 
	 19.2484000000000002 	 -0.0217600009695867 
	 19.2577950000000016 	 -0.0216462419635385 
	 19.2671899999999994 	 -0.0215329262444955 
	 19.2765850000000007 	 -0.0214200390579869 
	 19.2859799999999986 	 -0.0213075656495426 
	 19.2953749999999999 	 -0.0211954912646919 
	 19.3047699999999978 	 -0.0210838013493029 
	 19.3141649999999991 	 -0.0209724857942592 
	 19.3235600000000005 	 -0.0208615388468707 
	 19.3329549999999983 	 -0.0207509549370657 
	 19.3423499999999997 	 -0.0206407284947723 
	 19.3517450000000011 	 -0.0205308539499189 
	 19.3611399999999989 	 -0.0204213257324336 
	 19.3705350000000003 	 -0.0203121382722447 
	 19.3799300000000017 	 -0.0202032859992805 
	 19.3893250000000030 	 -0.0200947633434691 
	 19.3987200000000009 	 -0.0199865647347388 
	 19.4081150000000022 	 -0.0198786846030178 
	 19.4175100000000000 	 -0.0197711173782345 
	 19.4269050000000014 	 -0.0196638574903169 
	 19.4362999999999992 	 -0.0195568993691935 
	 19.4456950000000006 	 -0.0194502374447922 
	 19.4550899999999984 	 -0.0193438661470416 
	 19.4644849999999998 	 -0.0192377799058696 
	 19.4738799999999976 	 -0.0191319731512047 
	 19.4832749999999990 	 -0.0190264403129750 
	 19.4926700000000004 	 -0.0189211758211087 
	 19.5020649999999982 	 -0.0188161741583560 
	 19.5114599999999996 	 -0.0187114386245045 
	 19.5208550000000010 	 -0.0186069911336224 
	 19.5302499999999988 	 -0.0185028559622426 
	 19.5396450000000002 	 -0.0183990573868975 
	 19.5490399999999980 	 -0.0182956196841199 
	 19.5584349999999993 	 -0.0181925671304423 
	 19.5678300000000007 	 -0.0180899240023974 
	 19.5772250000000021 	 -0.0179877145765179 
	 19.5866199999999999 	 -0.0178859631293365 
	 19.5960150000000013 	 -0.0177846939373856 
	 19.6054099999999991 	 -0.0176839303333582 
	 19.6148050000000005 	 -0.0175836800819521 
	 19.6242000000000019 	 -0.0174839381784875 
	 19.6335949999999997 	 -0.0173846992410672 
	 19.6429900000000011 	 -0.0172859578877939 
	 19.6523850000000024 	 -0.0171877087367703 
	 19.6617800000000003 	 -0.0170899464060993 
	 19.6711750000000016 	 -0.0169926655138835 
	 19.6805699999999995 	 -0.0168958606782258 
	 19.6899650000000008 	 -0.0167995265172289 
	 19.6993599999999986 	 -0.0167036576489957 
	 19.7087550000000000 	 -0.0166082486916287 
	 19.7181499999999978 	 -0.0165132942632309 
	 19.7275449999999992 	 -0.0164187889819050 
	 19.7369400000000006 	 -0.0163247274657537 
	 19.7463350000000020 	 -0.0162311043328798 
	 19.7557299999999998 	 -0.0161379142013862 
	 19.7651250000000012 	 -0.0160451516893754 
	 19.7745199999999990 	 -0.0159528114149505 
	 19.7839150000000004 	 -0.0158608879962139 
	 19.7933100000000017 	 -0.0157693760512686 
	 19.8027049999999996 	 -0.0156782702154405 
	 19.8121000000000009 	 -0.0155875665967451 
	 19.8214950000000023 	 -0.0154972638823807 
	 19.8308900000000001 	 -0.0154073610200942 
	 19.8402850000000015 	 -0.0153178569576324 
	 19.8496799999999993 	 -0.0152287506427423 
	 19.8590750000000007 	 -0.0151400410231708 
	 19.8684699999999985 	 -0.0150517270466648 
	 19.8778649999999999 	 -0.0149638076609713 
	 19.8872599999999977 	 -0.0148762818138370 
	 19.8966549999999991 	 -0.0147891484530090 
	 19.9060499999999969 	 -0.0147024065262342 
	 19.9154450000000018 	 -0.0146160549812593 
	 19.9248400000000032 	 -0.0145300927658314 
	 19.9342350000000010 	 -0.0144445188276975 
	 19.9436300000000024 	 -0.0143593321146042 
	 19.9530250000000038 	 -0.0142745315742987 
	 19.9624200000000016 	 -0.0141901161545278 
	 19.9718150000000030 	 -0.0141060848030384 
	 19.9812100000000008 	 -0.0140224364675775 
	 19.9906050000000022 	 -0.0139391700958918 
	 20.0000000000000000 	 -0.0138562846357284 
