	 1.2100000000000000 	 -0.1200924623150000 
	 1.2193950000000000 	 -0.1203739115728891 
	 1.2287900000000000 	 -0.1208555922394476 
	 1.2381850000000001 	 -0.1214309249420986 
	 1.2475799999999999 	 -0.1222151398943088 
	 1.2569750000000002 	 -0.1233692282126385 
	 1.2663700000000000 	 -0.1247580861506497 
	 1.2757650000000000 	 -0.1262988162727600 
	 1.2851600000000001 	 -0.1279930853358972 
	 1.2945550000000001 	 -0.1298153599972382 
	 1.3039499999999999 	 -0.1317484121440431 
	 1.3133450000000000 	 -0.1337771635904597 
	 1.3227400000000000 	 -0.1358881451617364 
	 1.3321350000000001 	 -0.1380670531608828 
	 1.3415300000000001 	 -0.1402995086534073 
	 1.3509249999999999 	 -0.1425718123506641 
	 1.3603200000000000 	 -0.1448719702885861 
	 1.3697150000000000 	 -0.1471884983773786 
	 1.3791099999999998 	 -0.1495106119678698 
	 1.3885049999999999 	 -0.1518279053208700 
	 1.3978999999999999 	 -0.1541311633071976 
	 1.4072950000000000 	 -0.1564115653550080 
	 1.4166900000000000 	 -0.1586603837288320 
	 1.4260850000000000 	 -0.1608698288130321 
	 1.4354799999999999 	 -0.1630329043216713 
	 1.4448749999999999 	 -0.1651428314758386 
	 1.4542700000000000 	 -0.1671934279707943 
	 1.4636650000000000 	 -0.1691790829288818 
	 1.4730600000000000 	 -0.1710944987792833 
	 1.4824550000000001 	 -0.1729350000330486 
	 1.4918499999999999 	 -0.1746963173440090 
	 1.5012450000000002 	 -0.1763744463433309 
	 1.5106400000000000 	 -0.1779659037292583 
	 1.5200350000000000 	 -0.1794674625831325 
	 1.5294300000000001 	 -0.1808765003849305 
	 1.5388250000000001 	 -0.1821905177184417 
	 1.5482200000000002 	 -0.1834071121796803 
	 1.5576150000000002 	 -0.1845244479982443 
	 1.5670099999999998 	 -0.1855408945402825 
	 1.5764049999999998 	 -0.1864548494774046 
	 1.5857999999999999 	 -0.1872650190367729 
	 1.5951949999999999 	 -0.1879703001129974 
	 1.6045900000000000 	 -0.1885695829056449 
	 1.6139850000000000 	 -0.1890617704940972 
	 1.6233799999999998 	 -0.1894464830964123 
	 1.6327749999999999 	 -0.1897242155807082 
	 1.6421699999999999 	 -0.1898955158424629 
	 1.6515649999999999 	 -0.1899609331630771 
	 1.6609600000000000 	 -0.1899214871239128 
	 1.6703550000000000 	 -0.1897791268420642 
	 1.6797499999999999 	 -0.1895353023325649 
	 1.6891450000000001 	 -0.1891913022292356 
	 1.6985399999999999 	 -0.1887484014044034 
	 1.7079350000000000 	 -0.1882078491628284 
	 1.7173300000000000 	 -0.1875708864285420 
	 1.7267250000000001 	 -0.1868387721021732 
	 1.7361199999999999 	 -0.1860129408114140 
	 1.7455150000000001 	 -0.1850949320329374 
	 1.7549100000000000 	 -0.1840863733430819 
	 1.7643049999999998 	 -0.1829889628646003 
	 1.7736999999999998 	 -0.1818044372139472 
	 1.7830949999999999 	 -0.1805346032815348 
	 1.7924899999999999 	 -0.1791812959257996 
	 1.8018850000000000 	 -0.1777463492566792 
	 1.8112800000000000 	 -0.1762316317391853 
	 1.8206750000000000 	 -0.1746390478488926 
	 1.8300700000000001 	 -0.1729705877633060 
	 1.8394650000000001 	 -0.1712282222810276 
	 1.8488600000000002 	 -0.1694137909516028 
	 1.8582550000000002 	 -0.1675291012376298 
	 1.8676499999999998 	 -0.1655762571869450 
	 1.8770449999999999 	 -0.1635583097301426 
	 1.8864399999999999 	 -0.1614706049050107 
	 1.8958349999999999 	 -0.1593183890356368 
	 1.9052300000000000 	 -0.1571160943458284 
	 1.9146250000000000 	 -0.1548774576213486 
	 1.9240199999999998 	 -0.1525964352000700 
	 1.9334150000000001 	 -0.1502471927471164 
	 1.9428099999999999 	 -0.1478221091450847 
	 1.9522050000000000 	 -0.1453408635042844 
	 1.9616000000000000 	 -0.1428174606681893 
	 1.9709950000000001 	 -0.1402501485547254 
	 1.9803900000000001 	 -0.1376373474733809 
	 1.9897850000000001 	 -0.1349827070023308 
	 1.9991800000000000 	 -0.1322881453589912 
	 2.0085750000000000 	 -0.1295554622483145 
	 2.0179700000000000 	 -0.1267866184541687 
	 2.0273649999999996 	 -0.1239836891677674 
	 2.0367600000000001 	 -0.1211487942969146 
	 2.0461549999999997 	 -0.1182839702674496 
	 2.0555499999999998 	 -0.1153902400137990 
	 2.0649449999999998 	 -0.1124683806481181 
	 2.0743399999999999 	 -0.1095273999435339 
	 2.0837349999999999 	 -0.1065708341517733 
	 2.0931299999999999 	 -0.1035876748130135 
	 2.1025250000000000 	 -0.1005775892825730 
	 2.1119199999999996 	 -0.0975510131006872 
	 2.1213150000000001 	 -0.0945081274625262 
	 2.1307099999999997 	 -0.0914506121075401 
	 2.1401050000000001 	 -0.0883804252052576 
	 2.1494999999999997 	 -0.0852991729367971 
	 2.1588950000000002 	 -0.0822083913890531 
	 2.1682899999999998 	 -0.0791096166489216 
	 2.1776850000000003 	 -0.0760043848032975 
	 2.1870799999999999 	 -0.0728942230675074 
	 2.1964750000000000 	 -0.0697805852343048 
	 2.2058700000000000 	 -0.0666649120800045 
	 2.2152650000000000 	 -0.0635485956514804 
	 2.2246600000000001 	 -0.0604329798463916 
	 2.2340550000000001 	 -0.0573194128210679 
	 2.2434500000000002 	 -0.0542094069041372 
	 2.2528449999999998 	 -0.0511042578304278 
	 2.2622400000000003 	 -0.0480049324269823 
	 2.2716349999999998 	 -0.0449127955481515 
	 2.2810300000000003 	 -0.0418292642725942 
	 2.2904249999999999 	 -0.0387556550716080 
	 2.2998200000000000 	 -0.0356929294648462 
	 2.3092150000000000 	 -0.0326419846324078 
	 2.3186100000000001 	 -0.0296037177543915 
	 2.3280050000000001 	 -0.0265796827557592 
	 2.3373999999999997 	 -0.0235744917979731 
	 2.3467950000000002 	 -0.0205862013576247 
	 2.3561899999999998 	 -0.0176090911059031 
	 2.3655850000000003 	 -0.0146383767748558 
	 2.3749799999999999 	 -0.0116839095597406 
	 2.3843749999999999 	 -0.0087662181832340 
	 2.3937700000000000 	 -0.0058856396002997 
	 2.4031650000000000 	 -0.0030204196298188 
	 2.4125600000000000 	 -0.0001665692634931 
	 2.4219550000000001 	 0.0026616879184835 
	 2.4313500000000001 	 0.0054658282328250 
	 2.4407449999999997 	 0.0082453187955957 
	 2.4501400000000002 	 0.0109990798954120 
	 2.4595349999999998 	 0.0137261759111622 
	 2.4689300000000003 	 0.0164261605735784 
	 2.4783249999999999 	 0.0190984324703159 
	 2.4877199999999999 	 0.0217423303157736 
	 2.4971150000000000 	 0.0243573474822040 
	 2.5065100000000005 	 0.0269429937668334 
	 2.5159050000000001 	 0.0294987533007792 
	 2.5253000000000001 	 0.0320241087524196 
	 2.5346950000000001 	 0.0345185209062402 
	 2.5440899999999997 	 0.0369814324849123 
	 2.5534850000000002 	 0.0394122976806339 
	 2.5628799999999998 	 0.0418104879835262 
	 2.5722749999999999 	 0.0441753856022306 
	 2.5816699999999999 	 0.0465066826314599 
	 2.5910650000000000 	 0.0488042296132549 
	 2.6004600000000000 	 0.0510678637573670 
	 2.6098550000000000 	 0.0532973388266699 
	 2.6192500000000001 	 0.0554923937737310 
	 2.6286449999999997 	 0.0576527144432907 
	 2.6380400000000002 	 0.0597777165271525 
	 2.6474349999999998 	 0.0618667300296666 
	 2.6568300000000002 	 0.0639190986045418 
	 2.6662249999999998 	 0.0659342946144764 
	 2.6756200000000003 	 0.0679118659548529 
	 2.6850149999999999 	 0.0698514354524985 
	 2.6944100000000004 	 0.0717526768138290 
	 2.7038050000000000 	 0.0736153260474714 
	 2.7132000000000001 	 0.0754391944246451 
	 2.7225950000000001 	 0.0772241155178729 
	 2.7319900000000001 	 0.0789700170437346 
	 2.7413850000000002 	 0.0806768956184452 
	 2.7507800000000002 	 0.0823446840393872 
	 2.7601750000000003 	 0.0839733216874770 
	 2.7695699999999999 	 0.0855625165883804 
	 2.7789650000000004 	 0.0871120822613775 
	 2.7883599999999999 	 0.0886221249951598 
	 2.7977550000000004 	 0.0900928282033683 
	 2.8071500000000000 	 0.0915243860122484 
	 2.8165450000000001 	 0.0929170733614902 
	 2.8259399999999997 	 0.0942711158971980 
	 2.8353349999999997 	 0.0955866848615502 
	 2.8447299999999998 	 0.0968639732367765 
	 2.8541249999999998 	 0.0981031928373434 
	 2.8635199999999998 	 0.0993045565808274 
	 2.8729149999999999 	 0.1004683010714178 
	 2.8823099999999995 	 0.1015946958090913 
	 2.8917050000000000 	 0.1026840127409318 
	 2.9010999999999996 	 0.1037365295082390 
	 2.9104950000000001 	 0.1047525371384544 
	 2.9198899999999997 	 0.1057323428993672 
	 2.9292850000000001 	 0.1066763029837159 
	 2.9386799999999997 	 0.1075847840245732 
	 2.9480750000000002 	 0.1084581498434482 
	 2.9574699999999998 	 0.1092967594246462 
	 2.9668650000000003 	 0.1101010563158076 
	 2.9762599999999999 	 0.1108715084818704 
	 2.9856549999999999 	 0.1116085767960237 
	 2.9950500000000000 	 0.1123127572975955 
	 3.0044450000000000 	 0.1129845730343284 
	 3.0138400000000001 	 0.1136245477408756 
	 3.0232350000000001 	 0.1142332052774979 
	 3.0326300000000002 	 0.1148110764769090 
	 3.0420250000000002 	 0.1153587027194409 
	 3.0514200000000002 	 0.1158766354991195 
	 3.0608149999999998 	 0.1163654460611708 
	 3.0702099999999999 	 0.1168257037024026 
	 3.0796049999999999 	 0.1172579716624003 
	 3.0890000000000000 	 0.1176628397429931 
	 3.0983950000000000 	 0.1180409048116673 
	 3.1077900000000001 	 0.1183927621336676 
	 3.1171850000000001 	 0.1187189894912559 
	 3.1265800000000001 	 0.1190201689104394 
	 3.1359749999999997 	 0.1192968855214796 
	 3.1453699999999998 	 0.1195496888182715 
	 3.1547649999999998 	 0.1197791401437418 
	 3.1641599999999999 	 0.1199857803698684 
	 3.1735549999999995 	 0.1201700985032868 
	 3.1829499999999999 	 0.1203325813000459 
	 3.1923449999999995 	 0.1204737135950960 
	 3.2017400000000000 	 0.1205939770512737 
	 3.2111349999999996 	 0.1206938437176621 
	 3.2205300000000001 	 0.1207737639550500 
	 3.2299249999999997 	 0.1208341850475977 
	 3.2393200000000002 	 0.1208755542794656 
	 3.2487149999999998 	 0.1208983104014819 
	 3.2581100000000003 	 0.1209028497254804 
	 3.2675049999999999 	 0.1208895553953744 
	 3.2769000000000004 	 0.1208588090537151 
	 3.2862950000000000 	 0.1208109763603992 
	 3.2956900000000005 	 0.1207463897470568 
	 3.3050850000000001 	 0.1206653650466445 
	 3.3144800000000001 	 0.1205682161817286 
	 3.3238750000000001 	 0.1204552144483254 
	 3.3332700000000002 	 0.1203265709066018 
	 3.3426650000000002 	 0.1201824736149066 
	 3.3520600000000003 	 0.1200229809624454 
	 3.3614549999999999 	 0.1198481440549337 
	 3.3708500000000003 	 0.1196584611024004 
	 3.3802449999999999 	 0.1194544901561842 
	 3.3896400000000000 	 0.1192368837642308 
	 3.3990350000000000 	 0.1190065986719309 
	 3.4084300000000001 	 0.1187643671290944 
	 3.4178249999999997 	 0.1185103095622547 
	 3.4272200000000002 	 0.1182443582131770 
	 3.4366149999999998 	 0.1179664451710501 
	 3.4460099999999998 	 0.1176765025250628 
	 3.4554049999999998 	 0.1173744759073488 
	 3.4647999999999999 	 0.1170605348207468 
	 3.4741949999999999 	 0.1167350311282695 
	 3.4835900000000000 	 0.1163982764748544 
	 3.4929850000000000 	 0.1160505299955537 
	 3.5023799999999996 	 0.1156920479260328 
	 3.5117750000000001 	 0.1153230865019568 
	 3.5211699999999997 	 0.1149439017868931 
	 3.5305649999999997 	 0.1145546239232609 
	 3.5399599999999998 	 0.1141556113835102 
	 3.5493550000000003 	 0.1137480896239932 
	 3.5587499999999999 	 0.1133296290942845 
	 3.5681449999999999 	 0.1129009317415565 
	 3.5775399999999999 	 0.1124725400534809 
	 3.5869350000000004 	 0.1119985070501373 
	 3.5963300000000000 	 0.1117488350842980 
	 3.6057249999999996 	 0.1117622348616975 
	 3.6151200000000001 	 0.1117969669913427 
	 3.6245150000000002 	 0.1116141560586651 
	 3.6339100000000002 	 0.1111600566087969 
	 3.6433049999999998 	 0.1105756773554511 
	 3.6527000000000003 	 0.1100100629954230 
	 3.6620950000000003 	 0.1095074476728426 
	 3.6714900000000004 	 0.1089876557384188 
	 3.6808850000000000 	 0.1084639940129446 
	 3.6902800000000000 	 0.1079339495956215 
	 3.6996750000000000 	 0.1073974270455568 
	 3.7090700000000001 	 0.1068554944478914 
	 3.7184650000000001 	 0.1063080757393541 
	 3.7278600000000002 	 0.1057553332236086 
	 3.7372550000000002 	 0.1051975029607951 
	 3.7466499999999998 	 0.1046347753332015 
	 3.7560450000000003 	 0.1040673439575852 
	 3.7654399999999999 	 0.1034954024728678 
	 3.7748350000000004 	 0.1029191445179709 
	 3.7842300000000000 	 0.1023387642039008 
	 3.7936250000000000 	 0.1017544686604402 
	 3.8030200000000001 	 0.1011664440298870 
	 3.8124150000000006 	 0.1005748284306095 
	 3.8218100000000002 	 0.0999798401210436 
	 3.8312049999999997 	 0.0993818567003849 
	 3.8406000000000002 	 0.0987812736481241 
	 3.8499950000000003 	 0.0981784864437521 
	 3.8593899999999999 	 0.0975738182483794 
	 3.8687849999999999 	 0.0969673024873748 
	 3.8781799999999995 	 0.0963588646225557 
	 3.8875749999999996 	 0.0957482205348165 
	 3.8969699999999996 	 0.0951350630721534 
	 3.9063649999999996 	 0.0945195593084363 
	 3.9157599999999997 	 0.0939020549785656 
	 3.9251549999999997 	 0.0932828471836388 
	 3.9345499999999998 	 0.0926622071641206 
	 3.9439449999999998 	 0.0920403561570458 
	 3.9533399999999999 	 0.0914174822580807 
	 3.9627349999999995 	 0.0907937596677097 
	 3.9721299999999999 	 0.0901693444870683 
	 3.9815249999999995 	 0.0895443913630841 
	 3.9909200000000000 	 0.0889190479662518 
	 4.0003149999999996 	 0.0882934446527589 
	 4.0097100000000001 	 0.0876677131946764 
	 4.0191049999999997 	 0.0870420000379524 
	 4.0285000000000002 	 0.0864164465984176 
	 4.0378949999999998 	 0.0857911575978424 
	 4.0472900000000003 	 0.0851662704494742 
	 4.0566849999999999 	 0.0845419163979901 
	 4.0660799999999995 	 0.0839182138888425 
	 4.0754750000000000 	 0.0832952791744001 
	 4.0848700000000004 	 0.0826732270708314 
	 4.0942650000000000 	 0.0820521722647595 
	 4.1036599999999996 	 0.0814322264962653 
	 4.1130550000000001 	 0.0808134981826636 
	 4.1224499999999997 	 0.0801960954805407 
	 4.1318450000000002 	 0.0795801174959890 
	 4.1412399999999998 	 0.0789656462792371 
	 4.1506349999999994 	 0.0783527682147922 
	 4.1600299999999999 	 0.0777415786533371 
	 4.1694250000000004 	 0.0771321499640582 
	 4.1788200000000000 	 0.0765245472931914 
	 4.1882149999999996 	 0.0759188263723984 
	 4.1976100000000001 	 0.0753150412079762 
	 4.2070049999999997 	 0.0747132540023129 
	 4.2164000000000001 	 0.0741135332038593 
	 4.2257949999999997 	 0.0735159487411803 
	 4.2351900000000002 	 0.0729205698174211 
	 4.2445849999999998 	 0.0723274522080025 
	 4.2539800000000003 	 0.0717366399781334 
	 4.2633749999999999 	 0.0711481768004748 
	 4.2727700000000004 	 0.0705621063476878 
	 4.2821650000000000 	 0.0699784722987007 
	 4.2915600000000005 	 0.0693973192614550 
	 4.3009550000000001 	 0.0688186937481373 
	 4.3103499999999997 	 0.0682426425043425 
	 4.3197450000000002 	 0.0676692121516761 
	 4.3291400000000007 	 0.0670984488681531 
	 4.3385350000000003 	 0.0665303973420005 
	 4.3479299999999999 	 0.0659650946889957 
	 4.3573250000000003 	 0.0654025740606174 
	 4.3667199999999999 	 0.0648428695838217 
	 4.3761150000000004 	 0.0642860289565440 
	 4.3855100000000000 	 0.0637320842079835 
	 4.3949049999999996 	 0.0631810579462327 
	 4.4043000000000001 	 0.0626329782681410 
	 4.4136950000000006 	 0.0620878733542732 
	 4.4230900000000002 	 0.0615457682413930 
	 4.4324849999999998 	 0.0610066838082811 
	 4.4418799999999994 	 0.0604706405080789 
	 4.4512749999999999 	 0.0599376585237994 
	 4.4606700000000004 	 0.0594077533173544 
	 4.4700650000000000 	 0.0588809308881282 
	 4.4794599999999996 	 0.0583572052039343 
	 4.4888550000000000 	 0.0578365909829763 
	 4.4982499999999996 	 0.0573190968714890 
	 4.5076450000000001 	 0.0568047288028787 
	 4.5170399999999997 	 0.0562934862719568 
	 4.5264349999999993 	 0.0557853680162441 
	 4.5358299999999998 	 0.0552803919755823 
	 4.5452250000000003 	 0.0547785524318020 
	 4.5546199999999999 	 0.0542798350423001 
	 4.5640149999999995 	 0.0537842412434399 
	 4.5734100000000000 	 0.0532917715383408 
	 4.5828049999999996 	 0.0528024245504657 
	 4.5922000000000001 	 0.0523161912038624 
	 4.6015949999999997 	 0.0518330539122243 
	 4.6109900000000001 	 0.0513530028810208 
	 4.6203849999999997 	 0.0508760294120919 
	 4.6297799999999993 	 0.0504021245485619 
	 4.6391749999999998 	 0.0499312784181996 
	 4.6485700000000003 	 0.0494634791980767 
	 4.6579649999999999 	 0.0489987059533847 
	 4.6673599999999995 	 0.0485369366497809 
	 4.6767550000000000 	 0.0480781625719367 
	 4.6861499999999996 	 0.0476223704242967 
	 4.6955450000000001 	 0.0471695407286455 
	 4.7049399999999997 	 0.0467196564117285 
	 4.7143350000000002 	 0.0462727023403378 
	 4.7237299999999998 	 0.0458286630144179 
	 4.7331250000000002 	 0.0453875224693094 
	 4.7425199999999998 	 0.0449492647336324 
	 4.7519150000000003 	 0.0445138756005830 
	 4.7613099999999999 	 0.0440813444238082 
	 4.7707049999999995 	 0.0436516615776377 
	 4.7801000000000000 	 0.0432248175257681 
	 4.7894950000000005 	 0.0428008027318963 
	 4.7988900000000001 	 0.0423796115650669 
	 4.8082849999999997 	 0.0419612527993774 
	 4.8176800000000002 	 0.0415457207619454 
	 4.8270749999999998 	 0.0411330211568984 
	 4.8364700000000003 	 0.0407231684066864 
	 4.8458649999999999 	 0.0403161816603674 
	 4.8552599999999995 	 0.0399120811964733 
	 4.8646550000000000 	 0.0395108865400296 
	 4.8740500000000004 	 0.0391126291706485 
	 4.8834450000000000 	 0.0387173526937289 
	 4.8928399999999996 	 0.0383251012531456 
	 4.9022350000000001 	 0.0379359190525794 
	 4.9116300000000006 	 0.0375498584782137 
	 4.9210250000000002 	 0.0371669868757271 
	 4.9304199999999998 	 0.0367873699976394 
	 4.9398150000000003 	 0.0364110730724520 
	 4.9492100000000008 	 0.0360381643481589 
	 4.9586050000000004 	 0.0356687248858825 
	 4.9680000000000000 	 0.0353028363116267 
	 4.9773949999999996 	 0.0349405643599686 
	 4.9867900000000001 	 0.0345819825271724 
	 4.9961850000000005 	 0.0342271697845238 
	 5.0055800000000001 	 0.0338761893426873 
	 5.0149750000000006 	 0.0335290939906433 
	 5.0243700000000002 	 0.0331859361067058 
	 5.0337649999999989 	 0.0328467620121396 
	 5.0431600000000003 	 0.0325116151864325 
	 5.0525549999999999 	 0.0321805192492783 
	 5.0619499999999995 	 0.0318534595308840 
	 5.0713449999999991 	 0.0315304180717261 
	 5.0807400000000005 	 0.0312113769122815 
	 5.0901350000000001 	 0.0308963180930270 
	 5.0995299999999997 	 0.0305852236544393 
	 5.1089249999999993 	 0.0302780625459796 
	 5.1183200000000006 	 0.0299747525903790 
	 5.1277150000000002 	 0.0296752445195357 
	 5.1371099999999998 	 0.0293794814234192 
	 5.1465049999999994 	 0.0290874185838485 
	 5.1558999999999999 	 0.0287989736821456 
	 5.1652949999999995 	 0.0285140961840797 
	 5.1746900000000000 	 0.0282327456540692 
	 5.1840849999999996 	 0.0279548505176257 
	 5.1934800000000001 	 0.0276803556697688 
	 5.2028749999999997 	 0.0274092162765619 
	 5.2122700000000002 	 0.0271413736166096 
	 5.2216649999999998 	 0.0268767678194403 
	 5.2310600000000003 	 0.0266153342092264 
	 5.2404549999999999 	 0.0263570010881112 
	 5.2498499999999995 	 0.0261017077467074 
	 5.2592449999999999 	 0.0258493929835596 
	 5.2686400000000004 	 0.0255999840931981 
	 5.2780350000000000 	 0.0253534074492460 
	 5.2874299999999996 	 0.0251096024379675 
	 5.2968249999999992 	 0.0248685134318415 
	 5.3062200000000006 	 0.0246300848135109 
	 5.3156150000000002 	 0.0243942613993773 
	 5.3250099999999998 	 0.0241609945567224 
	 5.3344049999999994 	 0.0239302407268706 
	 5.3437999999999999 	 0.0237019566661660 
	 5.3531950000000004 	 0.0234761060487965 
	 5.3625900000000000 	 0.0232526614323235 
	 5.3719849999999996 	 0.0230315961379626 
	 5.3813800000000001 	 0.0228128838089399 
	 5.3907749999999997 	 0.0225964981123129 
	 5.4001700000000001 	 0.0223824127137645 
	 5.4095649999999997 	 0.0221706029725134 
	 5.4189600000000002 	 0.0219610506641302 
	 5.4283549999999998 	 0.0217537395260248 
	 5.4377500000000003 	 0.0215486557686892 
	 5.4471449999999999 	 0.0213457845133301 
	 5.4565400000000004 	 0.0211450964891682 
	 5.4659350000000000 	 0.0209465749593728 
	 5.4753299999999996 	 0.0207502146172673 
	 5.4847250000000001 	 0.0205559961723497 
	 5.4941200000000006 	 0.0203639016194507 
	 5.5035150000000002 	 0.0201739209235206 
	 5.5129099999999998 	 0.0199860383249488 
	 5.5223049999999994 	 0.0198002377121155 
	 5.5317000000000007 	 0.0196165040593985 
	 5.5410950000000003 	 0.0194348244735868 
	 5.5504899999999999 	 0.0192551828690110 
	 5.5598849999999995 	 0.0190775510936300 
	 5.5692800000000009 	 0.0189019015697318 
	 5.5786750000000005 	 0.0187282474912827 
	 5.5880700000000001 	 0.0185565687814985 
	 5.5974649999999997 	 0.0183866539323154 
	 5.6068600000000011 	 0.0182187925100708 
	 5.6162549999999998 	 0.0180534196266387 
	 5.6256499999999994 	 0.0178894654148248 
	 5.6350449999999999 	 0.0177251335668361 
	 5.6444399999999995 	 0.0175634291427016 
	 5.6538349999999999 	 0.0174114963220648 
	 5.6632300000000004 	 0.0172679192293143 
	 5.6726250000000000 	 0.0171203074064596 
	 5.6820199999999996 	 0.0169656473194788 
	 5.6914149999999992 	 0.0168136056437577 
	 5.7008099999999997 	 0.0166640417078704 
	 5.7102050000000002 	 0.0165157156406393 
	 5.7195999999999998 	 0.0163686512011606 
	 5.7289949999999994 	 0.0162231404279540 
	 5.7383899999999999 	 0.0160795873589525 
	 5.7477850000000004 	 0.0159378341205236 
	 5.7571800000000000 	 0.0157945239068242 
	 5.7665749999999996 	 0.0156513435363793 
	 5.7759699999999992 	 0.0155128163579137 
	 5.7853649999999996 	 0.0153774951999537 
	 5.7947600000000001 	 0.0152430664111283 
	 5.8041549999999997 	 0.0151100068555493 
	 5.8135500000000002 	 0.0149785497793655 
	 5.8229449999999998 	 0.0148485442459067 
	 5.8323400000000003 	 0.0147198903733073 
	 5.8417349999999999 	 0.0145926070388683 
	 5.8511299999999995 	 0.0144666962132185 
	 5.8605250000000000 	 0.0143421195104331 
	 5.8699199999999996 	 0.0142188824703418 
	 5.8793150000000001 	 0.0140969545197692 
	 5.8887100000000006 	 0.0139763177752518 
	 5.8981050000000002 	 0.0138569605346760 
	 5.9074999999999998 	 0.0137388703914195 
	 5.9168950000000002 	 0.0136220297035049 
	 5.9262899999999998 	 0.0135064188601966 
	 5.9356850000000003 	 0.0133920227148872 
	 5.9450799999999999 	 0.0132788289865685 
	 5.9544749999999995 	 0.0131668252489762 
	 5.9638700000000000 	 0.0130559941259145 
	 5.9732650000000005 	 0.0129463130739287 
	 5.9826600000000001 	 0.0128377646254985 
	 5.9920549999999997 	 0.0127303392696046 
	 6.0014499999999993 	 0.0126240281450154 
	 6.0108449999999998 	 0.0125188223855287 
	 6.0202400000000003 	 0.0124147042986620 
	 6.0296349999999999 	 0.0123116405025262 
	 6.0390300000000003 	 0.0122096300835177 
	 6.0484249999999999 	 0.0121086623666346 
	 6.0578200000000004 	 0.0120087212073291 
	 6.0672150000000000 	 0.0119097916811701 
	 6.0766099999999996 	 0.0118118671879423 
	 6.0860050000000001 	 0.0117149297317431 
	 6.0953999999999997 	 0.0116189625659600 
	 6.1047950000000002 	 0.0115239565756572 
	 6.1141900000000007 	 0.0114299016655826 
	 6.1235850000000003 	 0.0113367866120089 
	 6.1329799999999999 	 0.0112445992381336 
	 6.1423750000000004 	 0.0111533271470783 
	 6.1517700000000000 	 0.0110629595271349 
	 6.1611650000000004 	 0.0109734846199320 
	 6.1705600000000000 	 0.0108848881323544 
	 6.1799549999999996 	 0.0107971577212451 
	 6.1893500000000010 	 0.0107102887619726 
	 6.1987450000000006 	 0.0106242764893882 
	 6.2081400000000002 	 0.0105391075010207 
	 6.2175349999999998 	 0.0104547670912840 
	 6.2269299999999994 	 0.0103712504789059 
	 6.2363250000000008 	 0.0102885555052543 
	 6.2457200000000004 	 0.0102066610814934 
	 6.2551150000000000 	 0.0101255544519969 
	 6.2645100000000005 	 0.0100452340649626 
	 6.2739050000000010 	 0.0099656944937414 
	 6.2833000000000006 	 0.0098869300662312 
	 6.2926950000000001 	 0.0098089300164468 
	 6.3020899999999997 	 0.0097316761103718 
	 6.3114850000000002 	 0.0096551591100486 
	 6.3208800000000007 	 0.0095793836027214 
	 6.3302750000000003 	 0.0095043408051037 
	 6.3396700000000008 	 0.0094300194757314 
	 6.3490650000000004 	 0.0093564083731402 
	 6.3584600000000000 	 0.0092834990885379 
	 6.3678550000000005 	 0.0092112948554515 
	 6.3772500000000001 	 0.0091397814644793 
	 6.3866450000000006 	 0.0090689471270287 
	 6.3960400000000002 	 0.0089987850735244 
	 6.4054350000000007 	 0.0089292898921994 
	 6.4148300000000011 	 0.0088604575568610 
	 6.4242250000000007 	 0.0087922850307309 
	 6.4336200000000003 	 0.0087247576629406 
	 6.4430149999999999 	 0.0086578522062909 
	 6.4524100000000004 	 0.0085915637731216 
	 6.4618050000000009 	 0.0085259055043740 
	 6.4712000000000005 	 0.0084608921100159 
	 6.4805950000000001 	 0.0083965382904989 
	 6.4899900000000006 	 0.0083328137441582 
	 6.4993849999999993 	 0.0082695391932686 
	 6.5087799999999998 	 0.0082066436174398 
	 6.5181749999999994 	 0.0081447331824702 
	 6.5275699999999990 	 0.0080838209187244 
	 6.5369650000000004 	 0.0080196245207794 
	 6.5463600000000000 	 0.0079587610593321 
	 6.5557549999999996 	 0.0079136691399908 
	 6.5651499999999992 	 0.0078788759876162 
	 6.5745449999999988 	 0.0078360394613771 
	 6.5839400000000001 	 0.0077793626656479 
	 6.5933349999999997 	 0.0077164697588312 
	 6.6027299999999993 	 0.0076555441723656 
	 6.6121249999999998 	 0.0075989616335257 
	 6.6215199999999994 	 0.0075423050621715 
	 6.6309149999999999 	 0.0074862982535663 
	 6.6403099999999995 	 0.0074307600206450 
	 6.6497049999999991 	 0.0073757130587198 
	 6.6590999999999996 	 0.0073211658591647 
	 6.6684950000000001 	 0.0072671023517795 
	 6.6778899999999997 	 0.0072135130008452 
	 6.6872850000000001 	 0.0071603940279775 
	 6.6966799999999997 	 0.0071077428620493 
	 6.7060749999999993 	 0.0070555538850944 
	 6.7154699999999998 	 0.0070038198698117 
	 6.7248649999999994 	 0.0069525358034654 
	 6.7342599999999999 	 0.0069016989304913 
	 6.7436549999999995 	 0.0068513069969763 
	 6.7530500000000000 	 0.0068013575920275 
	 6.7624450000000005 	 0.0067518372783199 
	 6.7718400000000001 	 0.0067027324244537 
	 6.7812349999999997 	 0.0066540535109120 
	 6.7906299999999993 	 0.0066057977216870 
	 6.8000249999999998 	 0.0065579589701266 
	 6.8094200000000003 	 0.0065105280856883 
	 6.8188149999999998 	 0.0064634964476457 
	 6.8282099999999994 	 0.0064168611177878 
	 6.8376049999999999 	 0.0063706208016710 
	 6.8469999999999995 	 0.0063247737414782 
	 6.8563950000000000 	 0.0062793179770141 
	 6.8657899999999996 	 0.0062342509260867 
	 6.8751849999999992 	 0.0061895617056024 
	 6.8845799999999997 	 0.0061452408338289 
	 6.8939750000000002 	 0.0061012898774245 
	 6.9033699999999998 	 0.0060577150757882 
	 6.9127650000000003 	 0.0060145117999012 
	 6.9221599999999999 	 0.0059716657077839 
	 6.9315549999999995 	 0.0059291733865741 
	 6.9409500000000000 	 0.0058870347264938 
	 6.9503449999999996 	 0.0058452498193808 
	 6.9597400000000000 	 0.0058038171208840 
	 6.9691349999999996 	 0.0057627292630026 
	 6.9785299999999992 	 0.0057219793593173 
	 6.9879250000000006 	 0.0056815689979933 
	 6.9973200000000002 	 0.0056414967357010 
	 7.0067149999999998 	 0.0056017587014941 
	 7.0161099999999994 	 0.0055623510183491 
	 7.0255049999999990 	 0.0055232698360487 
	 7.0349000000000004 	 0.0054845117286730 
	 7.0442950000000000 	 0.0054460736198707 
	 7.0536899999999996 	 0.0054079527452167 
	 7.0630850000000001 	 0.0053701466889464 
	 7.0724800000000005 	 0.0053326537004681 
	 7.0818750000000001 	 0.0052954730375704 
	 7.0912699999999997 	 0.0052586022580438 
	 7.1006649999999993 	 0.0052220349237190 
	 7.1100599999999998 	 0.0051857654788447 
	 7.1194550000000003 	 0.0051497929784657 
	 7.1288499999999999 	 0.0051141170185868 
	 7.1382450000000004 	 0.0050787353350098 
	 7.1476400000000000 	 0.0050436451104202 
	 7.1570350000000005 	 0.0050088435274124 
	 7.1664300000000001 	 0.0049743277685806 
	 7.1758249999999997 	 0.0049400950030446 
	 7.1852200000000002 	 0.0049061422134571 
	 7.1946149999999998 	 0.0048724662463039 
	 7.2040100000000002 	 0.0048390639579551 
	 7.2134050000000007 	 0.0048059326379584 
	 7.2228000000000003 	 0.0047730700939931 
	 7.2321949999999999 	 0.0047404736688546 
	 7.2415900000000004 	 0.0047081398604088 
	 7.2509850000000000 	 0.0046760653682109 
	 7.2603800000000005 	 0.0046442475835084 
	 7.2697750000000001 	 0.0046126863969395 
	 7.2791699999999997 	 0.0045813849241635 
	 7.2885650000000002 	 0.0045503290119489 
	 7.2979600000000007 	 0.0045195166264512 
	 7.3073550000000003 	 0.0044889513774645 
	 7.3167499999999999 	 0.0044586338330856 
	 7.3261449999999995 	 0.0044285556172547 
	 7.3355399999999999 	 0.0043987122872219 
	 7.3449350000000004 	 0.0043691050852529 
	 7.3543300000000000 	 0.0043397326936264 
	 7.3637250000000005 	 0.0043105913164071 
	 7.3731200000000001 	 0.0042816777939086 
	 7.3825150000000006 	 0.0042529899266323 
	 7.3919100000000002 	 0.0042245255792338 
	 7.4013049999999998 	 0.0041962824311840 
	 7.4107000000000003 	 0.0041682580954387 
	 7.4200949999999999 	 0.0041404510435982 
	 7.4294900000000004 	 0.0041128594755945 
	 7.4388850000000009 	 0.0040854802083575 
	 7.4482800000000005 	 0.0040583108524096 
	 7.4576750000000001 	 0.0040313493683077 
	 7.4670700000000005 	 0.0040045937400167 
	 7.4764650000000001 	 0.0039780421531168 
	 7.4858600000000006 	 0.0039516928962800 
	 7.4952550000000002 	 0.0039255442590090 
	 7.5046499999999998 	 0.0038995945308066 
	 7.5140450000000012 	 0.0038738419381368 
	 7.5234400000000008 	 0.0038482826472963 
	 7.5328350000000004 	 0.0038229104621099 
	 7.5422300000000000 	 0.0037977271755154 
	 7.5516249999999996 	 0.0037727391228994 
	 7.5610200000000010 	 0.0037479380583774 
	 7.5704150000000006 	 0.0037233202310176 
	 7.5798100000000002 	 0.0036988832865582 
	 7.5892050000000006 	 0.0036746262838280 
	 7.5986000000000002 	 0.0036505485910366 
	 7.6079950000000007 	 0.0036266495763937 
	 7.6173900000000003 	 0.0036029284294880 
	 7.6267849999999999 	 0.0035793829614207 
	 7.6361800000000004 	 0.0035560103418495 
	 7.6455750000000009 	 0.0035328078058277 
	 7.6549700000000005 	 0.0035097736477628 
	 7.6643650000000010 	 0.0034869069918310 
	 7.6737599999999988 	 0.0034642069563422 
	 7.6831549999999993 	 0.0034416715704660 
	 7.6925499999999998 	 0.0034192974710275 
	 7.7019449999999994 	 0.0033970833436649 
	 7.7113399999999999 	 0.0033750317947303 
	 7.7207349999999995 	 0.0033531433612157 
	 7.7301299999999991 	 0.0033314120446753 
	 7.7395249999999995 	 0.0033098325487903 
	 7.7489199999999991 	 0.0032884063382785 
	 7.7583149999999996 	 0.0032671357461702 
	 7.7677099999999992 	 0.0032460188407895 
	 7.7771049999999997 	 0.0032250521911786 
	 7.7865000000000002 	 0.0032042326470182 
	 7.7958949999999998 	 0.0031835599347020 
	 7.8052899999999994 	 0.0031630339470393 
	 7.8146849999999990 	 0.0031426534261247 
	 7.8240799999999995 	 0.0031224170885009 
	 7.8334750000000000 	 0.0031023236507104 
	 7.8428699999999996 	 0.0030823718292959 
	 7.8522649999999992 	 0.0030625603414281 
	 7.8616600000000005 	 0.0030428879874464 
	 7.8710550000000001 	 0.0030233537330817 
	 7.8804499999999997 	 0.0030039564224549 
	 7.8898449999999993 	 0.0029846944949184 
	 7.8992399999999989 	 0.0029655672674687 
	 7.9086350000000003 	 0.0029465769241873 
	 7.9180299999999999 	 0.0029277209586354 
	 7.9274249999999995 	 0.0029089950383375 
	 7.9368200000000000 	 0.0028903954758327 
	 7.9462149999999996 	 0.0028719246798106 
	 7.9556100000000001 	 0.0028535874086996 
	 7.9650049999999997 	 0.0028353743600888 
	 7.9743999999999993 	 0.0028172854117682 
	 7.9837949999999998 	 0.0027993273850840 
	 7.9931900000000002 	 0.0027814943959070 
	 8.0025849999999998 	 0.0027637824080831 
	 8.0119799999999994 	 0.0027461912335178 
	 8.0213749999999990 	 0.0027287207631847 
	 8.0307700000000004 	 0.0027113703583657 
	 8.0401650000000000 	 0.0026941393111123 
	 8.0495599999999996 	 0.0026770269134759 
	 8.0589549999999992 	 0.0026600323757244 
	 8.0683500000000006 	 0.0026431545315760 
	 8.0777450000000002 	 0.0026263920554425 
	 8.0871399999999998 	 0.0026097432729340 
	 8.0965349999999994 	 0.0025932063509970 
	 8.1059300000000007 	 0.0025767793228033 
	 8.1153250000000003 	 0.0025604602540828 
	 8.1247199999999999 	 0.0025442491295264 
	 8.1341149999999995 	 0.0025281474605301 
	 8.1435099999999991 	 0.0025121541109776 
	 8.1529050000000005 	 0.0024962647730263 
	 8.1623000000000001 	 0.0024804749994681 
	 8.1716949999999997 	 0.0024647857001412 
	 8.1810899999999993 	 0.0024492027499430 
	 8.1904849999999989 	 0.0024337199920303 
	 8.1998800000000003 	 0.0024183316659785 
	 8.2092749999999999 	 0.0024030399214501 
	 8.2186699999999995 	 0.0023878470382400 
	 8.2280649999999991 	 0.0023727474079140 
	 8.2374600000000004 	 0.0023577348558924 
	 8.2468550000000000 	 0.0023428157632400 
	 8.2562499999999996 	 0.0023279868666634 
	 8.2656449999999992 	 0.0023132497015748 
	 8.2750399999999988 	 0.0022986020556755 
	 8.2844350000000002 	 0.0022840322099568 
	 8.2938299999999998 	 0.0022695461687956 
	 8.3032249999999994 	 0.0022551545225752 
	 8.3126200000000008 	 0.0022408495169091 
	 8.3220150000000004 	 0.0022266252029630 
	 8.3314100000000000 	 0.0022124811245875 
	 8.3408049999999996 	 0.0021984173980430 
	 8.3501999999999992 	 0.0021844341395886 
	 8.3595950000000006 	 0.0021705312994502 
	 8.3689900000000002 	 0.0021567082047889 
	 8.3783849999999997 	 0.0021429640366390 
	 8.3877800000000011 	 0.0021292981514983 
	 8.3971750000000007 	 0.0021157110917356 
	 8.4065700000000003 	 0.0021022037142066 
	 8.4159649999999999 	 0.0020887751085084 
	 8.4253599999999995 	 0.0020754240425058 
	 8.4347550000000009 	 0.0020621498021615 
	 8.4441500000000005 	 0.0020489516741649 
	 8.4535450000000001 	 0.0020358286283930 
	 8.4629399999999997 	 0.0020227793261127 
	 8.4723350000000011 	 0.0020098065713181 
	 8.4817300000000007 	 0.0019969143075111 
	 8.4911250000000003 	 0.0019840959026055 
	 8.5005199999999999 	 0.0019713474668984 
	 8.5099149999999995 	 0.0019586745717762 
	 8.5193100000000008 	 0.0019460784347454 
	 8.5287050000000004 	 0.0019335585901279 
	 8.5381000000000000 	 0.0019211128548570 
	 8.5474949999999996 	 0.0019087385113173 
	 8.5568900000000010 	 0.0018964333627845 
	 8.5662850000000006 	 0.0018841997260767 
	 8.5756800000000002 	 0.0018720392477902 
	 8.5850749999999998 	 0.0018599515127086 
	 8.5944700000000012 	 0.0018479360641598 
	 8.6038650000000008 	 0.0018359922581180 
	 8.6132600000000004 	 0.0018241192509848 
	 8.6226550000000000 	 0.0018123161859259 
	 8.6320499999999996 	 0.0018005818821263 
	 8.6414450000000009 	 0.0017889133729801 
	 8.6508400000000005 	 0.0017773104913414 
	 8.6602350000000001 	 0.0017657819128118 
	 8.6696299999999997 	 0.0017543242442115 
	 8.6790249999999993 	 0.0017429325782058 
	 8.6884200000000007 	 0.0017316035085070 
	 8.6978150000000003 	 0.0017203402269375 
	 8.7072099999999999 	 0.0017091474720862 
	 8.7166049999999995 	 0.0016980242461174 
	 8.7259999999999991 	 0.0016869667662316 
	 8.7353950000000005 	 0.0016759716309038 
	 8.7447900000000001 	 0.0016650360498777 
	 8.7541850000000014 	 0.0016541643068073 
	 8.7635800000000010 	 0.0016433605154848 
	 8.7729750000000006 	 0.0016326206961665 
	 8.7823700000000002 	 0.0016219419001090 
	 8.7917649999999998 	 0.0016113242786666 
	 8.8011599999999994 	 0.0016007695209065 
	 8.8105549999999990 	 0.0015902794657464 
	 8.8199500000000022 	 0.0015798541536690 
	 8.8293450000000018 	 0.0015694875958760 
	 8.8387400000000014 	 0.0015591725414979 
	 8.8481349999999992 	 0.0015489068532949 
	 8.8575299999999988 	 0.0015387132530448 
	 8.8669249999999984 	 0.0015285850025486 
	 8.8763199999999998 	 0.0015185148323427 
	 8.8857149999999994 	 0.0015084937312410 
	 8.8951099999999990 	 0.0014985299023021 
	 8.9045050000000003 	 0.0014886311850432 
	 8.9138999999999999 	 0.0014787876363660 
	 8.9232949999999995 	 0.0014689951403183 
	 8.9326899999999991 	 0.0014592636146133 
	 8.9420850000000005 	 0.0014495922690587 
	 8.9514800000000001 	 0.0014399645339320 
	 8.9608749999999997 	 0.0014303944391082 
	 8.9702699999999993 	 0.0014208824482655 
	 8.9796649999999989 	 0.0014114255938322 
	 8.9890599999999985 	 0.0014020200276257 
	 8.9984549999999999 	 0.0013926659778240 
	 9.0078499999999995 	 0.0013833646258679 
	 9.0172449999999991 	 0.0013741158031033 
	 9.0266400000000004 	 0.0013649224459037 
	 9.0360350000000000 	 0.0013557780178487 
	 9.0454299999999996 	 0.0013466808870973 
	 9.0548249999999992 	 0.0013376375843661 
	 9.0642199999999988 	 0.0013286487313352 
	 9.0736149999999984 	 0.0013197091538140 
	 9.0830099999999980 	 0.0013108164259782 
	 9.0924050000000012 	 0.0013019721472491 
	 9.1018000000000008 	 0.0012931765700010 
	 9.1111950000000004 	 0.0012844281499671 
	 9.1205900000000000 	 0.0012757280402227 
	 9.1299849999999996 	 0.0012670774097271 
	 9.1393799999999992 	 0.0012584760743913 
	 9.1487749999999988 	 0.0012499228490343 
	 9.1581699999999984 	 0.0012414138150890 
	 9.1675649999999997 	 0.0012329486377579 
	 9.1769600000000011 	 0.0012245286710623 
	 9.1863550000000007 	 0.0012161550724603 
	 9.1957500000000003 	 0.0012078287507107 
	 9.2051449999999999 	 0.0011995485652591 
	 9.2145399999999995 	 0.0011913118478909 
	 9.2239349999999991 	 0.0011831160592703 
	 9.2333299999999987 	 0.0011749642431488 
	 9.2427250000000001 	 0.0011668569937363 
	 9.2521200000000015 	 0.0011587870396408 
	 9.2615150000000011 	 0.0011507561531810 
	 9.2709100000000007 	 0.0011427706736742 
	 9.2803050000000002 	 0.0011348383315763 
	 9.2896999999999998 	 0.0011269458561081 
	 9.2990949999999994 	 0.0011190758036931 
	 9.3084899999999990 	 0.0011112107307553 
	 9.3178849999999986 	 0.0011033585713409 
	 9.3272800000000000 	 0.0010956928509547 
	 9.3366749999999996 	 0.0010883872470958 
	 9.3460700000000010 	 0.0010810062755102 
	 9.3554650000000006 	 0.0010733663780543 
	 9.3648600000000002 	 0.0010657022435022 
	 9.3742549999999998 	 0.0010581141545527 
	 9.3836499999999994 	 0.0010505833470315 
	 9.3930450000000008 	 0.0010431058340073 
	 9.4024400000000004 	 0.0010356786612678 
	 9.4118350000000000 	 0.0010282927964684 
	 9.4212299999999995 	 0.0010209415925326 
	 9.4306249999999991 	 0.0010136373824659 
	 9.4400200000000005 	 0.0010063700845902 
	 9.4494150000000001 	 0.0009991382748323 
	 9.4588099999999997 	 0.0009919433677022 
	 9.4682049999999993 	 0.0009847863697383 
	 9.4776000000000007 	 0.0009776661354635 
	 9.4869950000000003 	 0.0009705821699752 
	 9.4963899999999999 	 0.0009635327786879 
	 9.5057849999999995 	 0.0009565159166727 
	 9.5151799999999991 	 0.0009495383334396 
	 9.5245749999999987 	 0.0009426021392405 
	 9.5339700000000001 	 0.0009356995267009 
	 9.5433650000000014 	 0.0009288249335739 
	 9.5527600000000010 	 0.0009219817359449 
	 9.5621550000000006 	 0.0009151750907409 
	 9.5715500000000002 	 0.0009084013762702 
	 9.5809449999999998 	 0.0009016615779330 
	 9.5903399999999994 	 0.0008949565451230 
	 9.5997349999999990 	 0.0008882845984835 
	 9.6091299999999986 	 0.0008816435919655 
	 9.6185250000000000 	 0.0008750319356563 
	 9.6279200000000014 	 0.0008684509805946 
	 9.6373150000000010 	 0.0008619030463559 
	 9.6467100000000006 	 0.0008553898413971 
	 9.6561050000000002 	 0.0008489070631642 
	 9.6654999999999998 	 0.0008424481370121 
	 9.6748949999999994 	 0.0008360233035596 
	 9.6842899999999990 	 0.0008296320143492 
	 9.6936850000000003 	 0.0008232647835236 
	 9.7030800000000017 	 0.0008169280411994 
	 9.7124750000000013 	 0.0008106290092379 
	 9.7218700000000009 	 0.0008043642762546 
	 9.7312650000000005 	 0.0007981200992158 
	 9.7406600000000001 	 0.0007919021438496 
	 9.7500549999999997 	 0.0007857153297049 
	 9.7594499999999993 	 0.0007795549261484 
	 9.7688449999999989 	 0.0007734227501122 
	 9.7782400000000003 	 0.0007673218187478 
	 9.7876350000000016 	 0.0007612498173385 
	 9.7970300000000012 	 0.0007552057341239 
	 9.8064250000000008 	 0.0007491900223167 
	 9.8158200000000004 	 0.0007432029604160 
	 9.8252150000000000 	 0.0007372423229797 
	 9.8346099999999996 	 0.0007313042695406 
	 9.8440050000000010 	 0.0007253901110484 
	 9.8534000000000006 	 0.0007195063731578 
	 9.8627950000000002 	 0.0007136545837278 
	 9.8721899999999998 	 0.0007078287632885 
	 9.8815850000000012 	 0.0007020251420445 
	 9.8909800000000008 	 0.0006962456314108 
	 9.9003750000000004 	 0.0006904923708814 
	 9.9097700000000000 	 0.0006847661435434 
	 9.9191649999999996 	 0.0006790674849855 
	 9.9285600000000009 	 0.0006733961130467 
	 9.9379550000000005 	 0.0006677480777311 
	 9.9473500000000001 	 0.0006621219110693 
	 9.9567449999999997 	 0.0006565182747791 
	 9.9661400000000011 	 0.0006509429018518 
	 9.9755350000000007 	 0.0006453945937031 
	 9.9849300000000003 	 0.0006398660648653 
	 9.9943250000000017 	 0.0006343641417541 
	 10.0037200000000013 	 0.0006288911649927 
	 10.0131150000000009 	 0.0006234380040087 
	 10.0225099999999987 	 0.0006180058787533 
	 10.0319049999999983 	 0.0006125967844250 
	 10.0412999999999979 	 0.0006072125491814 
	 10.0506950000000010 	 0.0006018536500942 
	 10.0600900000000006 	 0.0005965178963576 
	 10.0694850000000002 	 0.0005912032542661 
	 10.0788799999999998 	 0.0005859099137903 
	 10.0882749999999994 	 0.0005806383394769 
	 10.0976699999999990 	 0.0005753894836290 
	 10.1070649999999986 	 0.0005701672850182 
	 10.1164600000000000 	 0.0005649686363031 
	 10.1258549999999996 	 0.0005597869312073 
	 10.1352499999999992 	 0.0005546279735284 
	 10.1446450000000006 	 0.0005494910070493 
	 10.1540400000000002 	 0.0005443705467517 
	 10.1634349999999998 	 0.0005392701153710 
	 10.1728299999999994 	 0.0005341935878077 
	 10.1822249999999990 	 0.0005291394763664 
	 10.1916199999999986 	 0.0005241023019578 
	 10.2010149999999999 	 0.0005190846297649 
	 10.2104099999999995 	 0.0005140868448133 
	 10.2198049999999991 	 0.0005091088267126 
	 10.2291999999999987 	 0.0005041504550726 
	 10.2385950000000001 	 0.0004992116095028 
	 10.2479899999999997 	 0.0004942921696130 
	 10.2573849999999993 	 0.0004893920150129 
	 10.2667800000000007 	 0.0004845110253122 
	 10.2761750000000003 	 0.0004796490801205 
	 10.2855699999999999 	 0.0004748060590475 
	 10.2949649999999995 	 0.0004699818417029 
	 10.3043599999999991 	 0.0004651763076964 
	 10.3137550000000005 	 0.0004603893366376 
	 10.3231500000000000 	 0.0004556208081364 
	 10.3325449999999996 	 0.0004508706018022 
	 10.3419399999999992 	 0.0004461385972449 
	 10.3513350000000006 	 0.0004414246740740 
	 10.3607300000000002 	 0.0004367287118994 
	 10.3701249999999998 	 0.0004320505903306 
	 10.3795199999999994 	 0.0004273901889774 
	 10.3889149999999990 	 0.0004227473874494 
	 10.3983099999999986 	 0.0004181220653563 
	 10.4077050000000000 	 0.0004135141023078 
	 10.4171000000000014 	 0.0004089233779136 
	 10.4264950000000010 	 0.0004043497717834 
	 10.4358900000000006 	 0.0003997931635268 
	 10.4452850000000002 	 0.0003952534327535 
	 10.4546799999999998 	 0.0003907304590733 
	 10.4640749999999993 	 0.0003862241220957 
	 10.4734699999999989 	 0.0003817343014306 
	 10.4828649999999985 	 0.0003772608766875 
	 10.4922599999999981 	 0.0003728037274762 
	 10.5016550000000013 	 0.0003683627335983 
	 10.5110500000000009 	 0.0003639378312460 
	 10.5204450000000005 	 0.0003595290911691 
	 10.5298400000000001 	 0.0003551366037604 
	 10.5392349999999997 	 0.0003507604594130 
	 10.5486299999999993 	 0.0003464007485201 
	 10.5580249999999989 	 0.0003420575614747 
	 10.5674200000000003 	 0.0003377309886698 
	 10.5768149999999999 	 0.0003334211204984 
	 10.5862100000000012 	 0.0003291280473537 
	 10.5956050000000008 	 0.0003248518596287 
	 10.6050000000000004 	 0.0003205926465692 
	 10.6143949999999982 	 0.0003163504746350 
	 10.6237899999999996 	 0.0003121253893357 
	 10.6331849999999992 	 0.0003079174354019 
	 10.6425799999999988 	 0.0003037266575643 
	 10.6519749999999984 	 0.0002995531005534 
	 10.6613699999999998 	 0.0002953968090999 
	 10.6707649999999994 	 0.0002912578279343 
	 10.6801600000000008 	 0.0002871362017873 
	 10.6895550000000004 	 0.0002830319753894 
	 10.6989500000000000 	 0.0002789451934712 
	 10.7083449999999996 	 0.0002748758927959 
	 10.7177400000000009 	 0.0002708240654531 
	 10.7271349999999988 	 0.0002667896879731 
	 10.7365300000000001 	 0.0002627727368699 
	 10.7459249999999980 	 0.0002587731886578 
	 10.7553199999999993 	 0.0002547910198508 
	 10.7647149999999989 	 0.0002508262069633 
	 10.7741100000000003 	 0.0002468787265094 
	 10.7835049999999999 	 0.0002429485550032 
	 10.7928999999999995 	 0.0002390356689590 
	 10.8022949999999991 	 0.0002351400448908 
	 10.8116900000000005 	 0.0002312616593130 
	 10.8210849999999983 	 0.0002274004887396 
	 10.8304799999999997 	 0.0002235565096849 
	 10.8398749999999993 	 0.0002197296986631 
	 10.8492700000000006 	 0.0002159200321882 
	 10.8586650000000002 	 0.0002121274867746 
	 10.8680600000000016 	 0.0002083520389363 
	 10.8774549999999994 	 0.0002045936651875 
	 10.8868500000000008 	 0.0002008523420425 
	 10.8962449999999986 	 0.0001971280460154 
	 10.9056400000000000 	 0.0001934207536204 
	 10.9150349999999978 	 0.0001897304413716 
	 10.9244299999999992 	 0.0001860570857833 
	 10.9338249999999988 	 0.0001824006633696 
	 10.9432200000000002 	 0.0001787611506447 
	 10.9526149999999998 	 0.0001751385241228 
	 10.9620100000000011 	 0.0001715327603181 
	 10.9714049999999990 	 0.0001679438357447 
	 10.9808000000000003 	 0.0001643717269168 
	 10.9901949999999999 	 0.0001608164103486 
	 10.9995899999999995 	 0.0001572778625543 
	 11.0089849999999991 	 0.0001537560559380 
	 11.0183800000000005 	 0.0001502509441615 
	 11.0277750000000001 	 0.0001467624755472 
	 11.0371700000000015 	 0.0001432905984168 
	 11.0465649999999993 	 0.0001398352610922 
	 11.0559600000000007 	 0.0001363964118953 
	 11.0653549999999985 	 0.0001329739991479 
	 11.0747499999999999 	 0.0001295679711718 
	 11.0841449999999995 	 0.0001261782762890 
	 11.0935399999999991 	 0.0001228048628213 
	 11.1029349999999987 	 0.0001194476791919 
	 11.1123300000000000 	 0.0001161066809262 
	 11.1217249999999996 	 0.0001127818351940 
	 11.1311200000000010 	 0.0001094731102444 
	 11.1405150000000006 	 0.0001061804743267 
	 11.1499100000000002 	 0.0001029038956902 
	 11.1593049999999998 	 0.0000996433425841 
	 11.1687000000000012 	 0.0000963987832577 
	 11.1780949999999990 	 0.0000931701859603 
	 11.1874900000000004 	 0.0000899575189410 
	 11.1968849999999982 	 0.0000867607504493 
	 11.2062799999999996 	 0.0000835798487343 
	 11.2156749999999992 	 0.0000804147820452 
	 11.2250700000000005 	 0.0000772655186315 
	 11.2344650000000001 	 0.0000741320267422 
	 11.2438599999999997 	 0.0000710142746267 
	 11.2532549999999993 	 0.0000679122305342 
	 11.2626500000000007 	 0.0000648258627141 
	 11.2720449999999985 	 0.0000617551394154 
	 11.2814399999999999 	 0.0000587000288876 
	 11.2908350000000013 	 0.0000556604993798 
	 11.3002300000000009 	 0.0000526365191414 
	 11.3096250000000005 	 0.0000496280564216 
	 11.3190200000000019 	 0.0000466350794696 
	 11.3284149999999997 	 0.0000436575565347 
	 11.3378100000000011 	 0.0000406954558662 
	 11.3472049999999989 	 0.0000377487457133 
	 11.3566000000000003 	 0.0000348173943253 
	 11.3659949999999981 	 0.0000319013699515 
	 11.3753899999999994 	 0.0000290006408410 
	 11.3847850000000008 	 0.0000261151752432 
	 11.3941800000000004 	 0.0000232449414074 
	 11.4035750000000000 	 0.0000203899075528 
	 11.4129700000000014 	 0.0000175500405922 
	 11.4223649999999992 	 0.0000147253056511 
	 11.4317600000000006 	 0.0000119156677263 
	 11.4411550000000002 	 0.0000091210918146 
	 11.4505499999999998 	 0.0000063415429126 
	 11.4599449999999994 	 0.0000035769860172 
	 11.4693400000000025 	 0.0000008273861250 
	 11.4787350000000004 	 -0.0000019072917671 
	 11.4881300000000017 	 -0.0000046270826624 
	 11.4975249999999996 	 -0.0000073320215642 
	 11.5069200000000009 	 -0.0000100221419125 
	 11.5163149999999987 	 -0.0000126974629137 
	 11.5257100000000001 	 -0.0000153579961706 
	 11.5351049999999997 	 -0.0000180037532144 
	 11.5444999999999993 	 -0.0000206347455763 
	 11.5538950000000007 	 -0.0000232509847878 
	 11.5632900000000021 	 -0.0000258524823799 
	 11.5726849999999999 	 -0.0000284392498841 
	 11.5820800000000013 	 -0.0000310112988314 
	 11.5914750000000009 	 -0.0000335686407534 
	 11.6008700000000005 	 -0.0000361112871884 
	 11.6102650000000001 	 -0.0000386392618011 
	 11.6196600000000014 	 -0.0000411526250755 
	 11.6290549999999993 	 -0.0000436514444584 
	 11.6384500000000006 	 -0.0000461357873965 
	 11.6478450000000002 	 -0.0000486057213367 
	 11.6572400000000016 	 -0.0000510613137256 
	 11.6666349999999994 	 -0.0000535026320101 
	 11.6760300000000008 	 -0.0000559297436369 
	 11.6854250000000004 	 -0.0000583427160527 
	 11.6948200000000000 	 -0.0000607416167044 
	 11.7042149999999996 	 -0.0000631265124046 
	 11.7136100000000010 	 -0.0000654974511542 
	 11.7230049999999988 	 -0.0000678544594435 
	 11.7324000000000002 	 -0.0000701975625857 
	 11.7417950000000015 	 -0.0000725267858941 
	 11.7511900000000011 	 -0.0000748421546818 
	 11.7605850000000007 	 -0.0000771436942620 
	 11.7699800000000021 	 -0.0000794314299481 
	 11.7793749999999999 	 -0.0000817053870532 
	 11.7887699999999978 	 -0.0000839655908906 
	 11.7981649999999991 	 -0.0000862120667735 
	 11.8075599999999987 	 -0.0000884448400150 
	 11.8169549999999983 	 -0.0000906639359285 
	 11.8263499999999997 	 -0.0000928693798272 
	 11.8357450000000011 	 -0.0000950611970242 
	 11.8451399999999989 	 -0.0000972394128329 
	 11.8545350000000003 	 -0.0000994040525664 
	 11.8639299999999999 	 -0.0001015551415379 
	 11.8733249999999995 	 -0.0001036927050607 
	 11.8827199999999991 	 -0.0001058167684480 
	 11.8921150000000004 	 -0.0001079273570131 
	 11.9015099999999983 	 -0.0001100244960831 
	 11.9109049999999996 	 -0.0001121082162102 
	 11.9202999999999992 	 -0.0001141785609724 
	 11.9296950000000006 	 -0.0001162355759444 
	 11.9390899999999984 	 -0.0001182793067006 
	 11.9484849999999998 	 -0.0001203097988156 
	 11.9578799999999994 	 -0.0001223270978640 
	 11.9672749999999990 	 -0.0001243312494203 
	 11.9766699999999986 	 -0.0001263222990590 
	 11.9860650000000000 	 -0.0001283002923546 
	 11.9954599999999978 	 -0.0001302652748818 
	 12.0048550000000009 	 -0.0001322172922150 
	 12.0142500000000005 	 -0.0001341563899287 
	 12.0236450000000001 	 -0.0001360826135976 
	 12.0330399999999997 	 -0.0001379960087961 
	 12.0424350000000011 	 -0.0001398966210988 
	 12.0518299999999989 	 -0.0001417844960802 
	 12.0612250000000003 	 -0.0001436596793149 
	 12.0706199999999981 	 -0.0001455222163774 
	 12.0800149999999995 	 -0.0001473721528422 
	 12.0894099999999991 	 -0.0001492095342839 
	 12.0988050000000005 	 -0.0001510344062770 
	 12.1082000000000001 	 -0.0001528468157410 
	 12.1175949999999997 	 -0.0001546468175029 
	 12.1269899999999993 	 -0.0001564344692700 
	 12.1363850000000006 	 -0.0001582098287538 
	 12.1457799999999985 	 -0.0001599729536659 
	 12.1551749999999998 	 -0.0001617239017177 
	 12.1645699999999994 	 -0.0001634627306208 
	 12.1739649999999990 	 -0.0001651894980868 
	 12.1833600000000004 	 -0.0001669042618270 
	 12.1927550000000018 	 -0.0001686070795531 
	 12.2021499999999996 	 -0.0001702980089529 
	 12.2115450000000010 	 -0.0001719771041626 
	 12.2209399999999988 	 -0.0001736444120054 
	 12.2303350000000002 	 -0.0001752999784033 
	 12.2397299999999980 	 -0.0001769438492785 
	 12.2491249999999994 	 -0.0001785760705532 
	 12.2585199999999990 	 -0.0001801966881494 
	 12.2679150000000003 	 -0.0001818057479892 
	 12.2773099999999999 	 -0.0001834032959948 
	 12.2867050000000013 	 -0.0001849893780884 
	 12.2960999999999991 	 -0.0001865640401920 
	 12.3054950000000005 	 -0.0001881273282277 
	 12.3148900000000001 	 -0.0001896792881178 
	 12.3242849999999997 	 -0.0001912199657842 
	 12.3336799999999993 	 -0.0001927494071492 
	 12.3430750000000007 	 -0.0001942676581348 
	 12.3524700000000003 	 -0.0001957747646633 
	 12.3618650000000017 	 -0.0001972707726566 
	 12.3712599999999995 	 -0.0001987557280369 
	 12.3806550000000009 	 -0.0002002296767265 
	 12.3900499999999987 	 -0.0002016926646472 
	 12.3994450000000001 	 -0.0002031447377214 
	 12.4088399999999996 	 -0.0002045859451324 
	 12.4182349999999992 	 -0.0002060163516438 
	 12.4276299999999988 	 -0.0002074360266663 
	 12.4370250000000002 	 -0.0002088450396115 
	 12.4464199999999998 	 -0.0002102434598912 
	 12.4558150000000012 	 -0.0002116313569168 
	 12.4652100000000008 	 -0.0002130088001001 
	 12.4746050000000004 	 -0.0002143758588526 
	 12.4840000000000000 	 -0.0002157326025860 
	 12.4933950000000014 	 -0.0002170791007119 
	 12.5027899999999992 	 -0.0002184154226619 
	 12.5121850000000006 	 -0.0002197416394575 
	 12.5215799999999984 	 -0.0002210578248372 
	 12.5309750000000015 	 -0.0002223640528052 
	 12.5403699999999994 	 -0.0002236603973660 
	 12.5497650000000007 	 -0.0002249469325241 
	 12.5591600000000003 	 -0.0002262237322837 
	 12.5685549999999999 	 -0.0002274908706493 
	 12.5779499999999995 	 -0.0002287484216252 
	 12.5873450000000009 	 -0.0002299964592160 
	 12.5967399999999987 	 -0.0002312350574258 
	 12.6061350000000001 	 -0.0002324642902593 
	 12.6155299999999997 	 -0.0002336842317206 
	 12.6249250000000011 	 -0.0002348949558143 
	 12.6343200000000007 	 -0.0002360965365447 
	 12.6437150000000020 	 -0.0002372890479162 
	 12.6531099999999999 	 -0.0002384725639332 
	 12.6625050000000012 	 -0.0002396471586002 
	 12.6718999999999991 	 -0.0002408129059214 
	 12.6812950000000004 	 -0.0002419698799013 
	 12.6906899999999982 	 -0.0002431181545442 
	 12.7000849999999996 	 -0.0002442578038547 
	 12.7094800000000010 	 -0.0002453889018370 
	 12.7188750000000006 	 -0.0002465115224955 
	 12.7282700000000002 	 -0.0002476257398347 
	 12.7376650000000016 	 -0.0002487316278589 
	 12.7470599999999994 	 -0.0002498292605726 
	 12.7564550000000008 	 -0.0002509187119801 
	 12.7658500000000004 	 -0.0002520000560857 
	 12.7752450000000000 	 -0.0002530733668940 
	 12.7846399999999996 	 -0.0002541387184093 
	 12.7940350000000009 	 -0.0002551961846360 
	 12.8034300000000005 	 -0.0002562458396662 
	 12.8128250000000019 	 -0.0002572877618243 
	 12.8222199999999997 	 -0.0002583220354642 
	 12.8316150000000011 	 -0.0002593487454006 
	 12.8410099999999989 	 -0.0002603679764481 
	 12.8504050000000003 	 -0.0002613798134217 
	 12.8597999999999999 	 -0.0002623843411361 
	 12.8691949999999995 	 -0.0002633816444061 
	 12.8785899999999991 	 -0.0002643718080464 
	 12.8879850000000022 	 -0.0002653549168718 
	 12.8973800000000001 	 -0.0002663310556972 
	 12.9067750000000014 	 -0.0002673003093372 
	 12.9161700000000010 	 -0.0002682627626066 
	 12.9255650000000006 	 -0.0002692185003203 
	 12.9349600000000002 	 -0.0002701676072929 
	 12.9443550000000016 	 -0.0002711101683394 
	 12.9537499999999994 	 -0.0002720462682744 
	 12.9631449999999973 	 -0.0002729759919127 
	 12.9725400000000004 	 -0.0002738994240691 
	 12.9819350000000000 	 -0.0002748166495584 
	 12.9913299999999996 	 -0.0002757277531954 
	 13.0007249999999992 	 -0.0002766328197925 
	 13.0101200000000006 	 -0.0002775319281347 
	 13.0195149999999984 	 -0.0002784251378524 
	 13.0289099999999998 	 -0.0002793125047803 
	 13.0383049999999994 	 -0.0002801940847533 
	 13.0476999999999990 	 -0.0002810699336060 
	 13.0570950000000003 	 -0.0002819401071732 
	 13.0664900000000017 	 -0.0002828046612895 
	 13.0758849999999995 	 -0.0002836636517897 
	 13.0852800000000009 	 -0.0002845171345085 
	 13.0946749999999987 	 -0.0002853651652806 
	 13.1040700000000001 	 -0.0002862077999408 
	 13.1134649999999979 	 -0.0002870450943237 
	 13.1228599999999993 	 -0.0002878771042641 
	 13.1322549999999989 	 -0.0002887038855966 
	 13.1416499999999985 	 -0.0002895254941561 
	 13.1510449999999999 	 -0.0002903419857772 
	 13.1604400000000012 	 -0.0002911534162946 
	 13.1698349999999991 	 -0.0002919598415431 
	 13.1792300000000004 	 -0.0002927613173574 
	 13.1886250000000000 	 -0.0002935578995722 
	 13.1980199999999996 	 -0.0002943496440221 
	 13.2074149999999992 	 -0.0002951366065421 
	 13.2168100000000006 	 -0.0002959188429666 
	 13.2262049999999984 	 -0.0002966964091306 
	 13.2356000000000016 	 -0.0002974693608686 
	 13.2449949999999994 	 -0.0002982377540154 
	 13.2543900000000008 	 -0.0002990016444058 
	 13.2637849999999986 	 -0.0002997610878744 
	 13.2731800000000000 	 -0.0003005161402559 
	 13.2825749999999996 	 -0.0003012668573852 
	 13.2919699999999992 	 -0.0003020132950968 
	 13.3013649999999988 	 -0.0003027555092123 
	 13.3107600000000001 	 -0.0003034935491069 
	 13.3201549999999980 	 -0.0003042274473587 
	 13.3295500000000011 	 -0.0003049572338446 
	 13.3389450000000007 	 -0.0003056829384415 
	 13.3483400000000003 	 -0.0003064045910261 
	 13.3577349999999999 	 -0.0003071222214754 
	 13.3671300000000013 	 -0.0003078358596661 
	 13.3765249999999991 	 -0.0003085455354751 
	 13.3859200000000005 	 -0.0003092512787793 
	 13.3953149999999983 	 -0.0003099531194555 
	 13.4047099999999997 	 -0.0003106510871225 
	 13.4141049999999993 	 -0.0003113452055031 
	 13.4235000000000007 	 -0.0003120354924443 
	 13.4328950000000003 	 -0.0003127219655391 
	 13.4422899999999998 	 -0.0003134046423808 
	 13.4516849999999994 	 -0.0003140835405623 
	 13.4610800000000008 	 -0.0003147586776769 
	 13.4704749999999986 	 -0.0003154300713176 
	 13.4798700000000000 	 -0.0003160977390775 
	 13.4892649999999996 	 -0.0003167616985497 
	 13.4986599999999992 	 -0.0003174219673274 
	 13.5080550000000006 	 -0.0003180785630037 
	 13.5174500000000020 	 -0.0003187315031716 
	 13.5268449999999998 	 -0.0003193808054243 
	 13.5362400000000012 	 -0.0003200264873549 
	 13.5456349999999990 	 -0.0003206685665564 
	 13.5550300000000004 	 -0.0003213070606221 
	 13.5644249999999982 	 -0.0003219419871450 
	 13.5738199999999996 	 -0.0003225733637182 
	 13.5832149999999992 	 -0.0003232012079349 
	 13.5926100000000005 	 -0.0003238255373881 
	 13.6020050000000001 	 -0.0003244463696710 
	 13.6114000000000015 	 -0.0003250637223766 
	 13.6207949999999993 	 -0.0003256776130981 
	 13.6301900000000007 	 -0.0003262880594286 
	 13.6395850000000003 	 -0.0003268950789612 
	 13.6489799999999999 	 -0.0003274986892890 
	 13.6583749999999995 	 -0.0003280989080051 
	 13.6677700000000009 	 -0.0003286957527026 
	 13.6771649999999987 	 -0.0003292892409747 
	 13.6865600000000018 	 -0.0003298793904144 
	 13.6959549999999997 	 -0.0003304662186149 
	 13.7053500000000010 	 -0.0003310497429751 
	 13.7147449999999989 	 -0.0003316299776067 
	 13.7241400000000002 	 -0.0003322069338794 
	 13.7335349999999998 	 -0.0003327806230791 
	 13.7429299999999994 	 -0.0003333510564916 
	 13.7523249999999990 	 -0.0003339182454027 
	 13.7617200000000004 	 -0.0003344822010984 
	 13.7711150000000000 	 -0.0003350429348643 
	 13.7805100000000014 	 -0.0003356004579865 
	 13.7899050000000010 	 -0.0003361547817506 
	 13.7993000000000006 	 -0.0003367059174426 
	 13.8086950000000002 	 -0.0003372538769173 
	 13.8180900000000015 	 -0.0003377986748772 
	 13.8274849999999994 	 -0.0003383403269143 
	 13.8368800000000007 	 -0.0003388788486207 
	 13.8462749999999986 	 -0.0003394142555885 
	 13.8556699999999999 	 -0.0003399465634099 
	 13.8650649999999995 	 -0.0003404757876771 
	 13.8744600000000009 	 -0.0003410019439821 
	 13.8838550000000005 	 -0.0003415250479173 
	 13.8932500000000001 	 -0.0003420451150746 
	 13.9026449999999997 	 -0.0003425621610463 
	 13.9120400000000011 	 -0.0003430762014245 
	 13.9214349999999989 	 -0.0003435872518013 
	 13.9308300000000003 	 -0.0003440953277690 
	 13.9402249999999999 	 -0.0003446004449196 
	 13.9496200000000012 	 -0.0003451026188454 
	 13.9590150000000008 	 -0.0003456018651384 
	 13.9684100000000022 	 -0.0003460981993909 
	 13.9778050000000000 	 -0.0003465916371949 
	 13.9872000000000014 	 -0.0003470821941427 
	 13.9965949999999992 	 -0.0003475698858263 
	 14.0059900000000006 	 -0.0003480547278207 
	 14.0153849999999984 	 -0.0003485367354776 
	 14.0247799999999998 	 -0.0003490159239932 
	 14.0341750000000012 	 -0.0003494923085604 
	 14.0435700000000008 	 -0.0003499659043723 
	 14.0529650000000004 	 -0.0003504367266218 
	 14.0623600000000017 	 -0.0003509047905019 
	 14.0717549999999996 	 -0.0003513701112055 
	 14.0811500000000009 	 -0.0003518327039258 
	 14.0905450000000005 	 -0.0003522925838555 
	 14.0999400000000001 	 -0.0003527497661878 
	 14.1093349999999997 	 -0.0003532042661156 
	 14.1187300000000011 	 -0.0003536560988319 
	 14.1281250000000007 	 -0.0003541052795297 
	 14.1375199999999985 	 -0.0003545518234020 
	 14.1469149999999999 	 -0.0003549957456416 
	 14.1563099999999995 	 -0.0003554370614418 
	 14.1657049999999991 	 -0.0003558757859953 
	 14.1750999999999987 	 -0.0003563119344952 
	 14.1844950000000001 	 -0.0003567455221345 
	 14.1938899999999979 	 -0.0003571765641062 
	 14.2032849999999993 	 -0.0003576050756032 
	 14.2126800000000006 	 -0.0003580310718185 
	 14.2220750000000002 	 -0.0003584545679452 
	 14.2314699999999998 	 -0.0003588755791761 
	 14.2408650000000012 	 -0.0003592941207043 
	 14.2502599999999990 	 -0.0003597102077228 
	 14.2596550000000004 	 -0.0003601238554245 
	 14.2690499999999982 	 -0.0003605350790024 
	 14.2784449999999996 	 -0.0003609438936496 
	 14.2878399999999974 	 -0.0003613503145589 
	 14.2972350000000006 	 -0.0003617543569234 
	 14.3066300000000002 	 -0.0003621560351367 
	 14.3160249999999998 	 -0.0003625553555030 
	 14.3254199999999994 	 -0.0003629523196265 
	 14.3348150000000008 	 -0.0003633469290537 
	 14.3442099999999986 	 -0.0003637391853310 
	 14.3536049999999999 	 -0.0003641290900050 
	 14.3629999999999995 	 -0.0003645166446220 
	 14.3723949999999991 	 -0.0003649018507284 
	 14.3817899999999987 	 -0.0003652847098707 
	 14.3911850000000019 	 -0.0003656652235954 
	 14.4005799999999997 	 -0.0003660433934497 
	 14.4099750000000011 	 -0.0003664192252253 
	 14.4193699999999989 	 -0.0003667927388320 
	 14.4287650000000003 	 -0.0003671639571108 
	 14.4381599999999981 	 -0.0003675329029029 
	 14.4475549999999995 	 -0.0003678995990495 
	 14.4569499999999991 	 -0.0003682640683917 
	 14.4663449999999987 	 -0.0003686263337707 
	 14.4757400000000001 	 -0.0003689864180277 
	 14.4851350000000014 	 -0.0003693443440039 
	 14.4945299999999992 	 -0.0003697001345403 
	 14.5039250000000006 	 -0.0003700538122695 
	 14.5133200000000002 	 -0.0003704053925037 
	 14.5227149999999998 	 -0.0003707548814797 
	 14.5321099999999994 	 -0.0003711022848695 
	 14.5415050000000008 	 -0.0003714476083451 
	 14.5508999999999986 	 -0.0003717908575784 
	 14.5602950000000000 	 -0.0003721320382416 
	 14.5696899999999996 	 -0.0003724711560066 
	 14.5790850000000010 	 -0.0003728082165454 
	 14.5884799999999988 	 -0.0003731432255300 
	 14.5978750000000002 	 -0.0003734761886325 
	 14.6072699999999998 	 -0.0003738071115248 
	 14.6166649999999994 	 -0.0003741359998790 
	 14.6260599999999990 	 -0.0003744628593671 
	 14.6354550000000003 	 -0.0003747876956610 
	 14.6448499999999981 	 -0.0003751105144328 
	 14.6542450000000013 	 -0.0003754313213546 
	 14.6636400000000009 	 -0.0003757501220982 
	 14.6730350000000005 	 -0.0003760669223357 
	 14.6824300000000001 	 -0.0003763817277392 
	 14.6918250000000015 	 -0.0003766945439806 
	 14.7012199999999993 	 -0.0003770053767385 
	 14.7106150000000007 	 -0.0003773142360137 
	 14.7200099999999985 	 -0.0003776211435809 
	 14.7294049999999999 	 -0.0003779261232013 
	 14.7387999999999995 	 -0.0003782291986361 
	 14.7481950000000008 	 -0.0003785303936464 
	 14.7575900000000004 	 -0.0003788297319934 
	 14.7669850000000000 	 -0.0003791272374382 
	 14.7763799999999996 	 -0.0003794229337418 
	 14.7857750000000010 	 -0.0003797168446656 
	 14.7951699999999988 	 -0.0003800089939706 
	 14.8045650000000002 	 -0.0003802994047402 
	 14.8139599999999998 	 -0.0003805880833867 
	 14.8233549999999994 	 -0.0003808750190265 
	 14.8327500000000008 	 -0.0003811601999732 
	 14.8421450000000021 	 -0.0003814436145403 
	 14.8515400000000000 	 -0.0003817252510416 
	 14.8609350000000013 	 -0.0003820050977906 
	 14.8703299999999992 	 -0.0003822831431010 
	 14.8797250000000005 	 -0.0003825593752862 
	 14.8891199999999984 	 -0.0003828337826601 
	 14.8985149999999997 	 -0.0003831063535361 
	 14.9079099999999993 	 -0.0003833770788018 
	 14.9173049999999989 	 -0.0003836459660001 
	 14.9267000000000003 	 -0.0003839130293041 
	 14.9360950000000017 	 -0.0003841782829035 
	 14.9454899999999995 	 -0.0003844417409883 
	 14.9548850000000009 	 -0.0003847034177485 
	 14.9642800000000005 	 -0.0003849633273739 
	 14.9736750000000001 	 -0.0003852214840546 
	 14.9830699999999997 	 -0.0003854779019804 
	 14.9924650000000010 	 -0.0003857325953413 
	 15.0018600000000006 	 -0.0003859855783272 
	 15.0112550000000020 	 -0.0003862368651281 
	 15.0206499999999998 	 -0.0003864864699338 
	 15.0300450000000012 	 -0.0003867344069343 
	 15.0394399999999990 	 -0.0003869806903195 
	 15.0488350000000004 	 -0.0003872253342794 
	 15.0582300000000000 	 -0.0003874683530039 
	 15.0676249999999996 	 -0.0003877097606829 
	 15.0770199999999992 	 -0.0003879495715064 
	 15.0864150000000006 	 -0.0003881877996642 
	 15.0958100000000002 	 -0.0003884244593463 
	 15.1052050000000015 	 -0.0003886595647427 
	 15.1146000000000011 	 -0.0003888931300433 
	 15.1239950000000007 	 -0.0003891251694380 
	 15.1333900000000003 	 -0.0003893556971167 
	 15.1427850000000017 	 -0.0003895847272694 
	 15.1521799999999995 	 -0.0003898122740859 
	 15.1615750000000009 	 -0.0003900383517563 
	 15.1709699999999987 	 -0.0003902629744705 
	 15.1803650000000001 	 -0.0003904861564184 
	 15.1897599999999997 	 -0.0003907079117898 
	 15.1991550000000011 	 -0.0003909282547749 
	 15.2085500000000007 	 -0.0003911471948005 
	 15.2179450000000003 	 -0.0003913647163103 
	 15.2273399999999999 	 -0.0003915807955839 
	 15.2367350000000012 	 -0.0003917954088964 
	 15.2461299999999991 	 -0.0003920085325229 
	 15.2555250000000004 	 -0.0003922201427385 
	 15.2649200000000000 	 -0.0003924302158183 
	 15.2743150000000014 	 -0.0003926387280375 
	 15.2837100000000010 	 -0.0003928456556711 
	 15.2931050000000024 	 -0.0003930509749942 
	 15.3025000000000002 	 -0.0003932546623870 
	 15.3118949999999980 	 -0.0003934567051132 
	 15.3212899999999994 	 -0.0003936571106633 
	 15.3306849999999990 	 -0.0003938558887292 
	 15.3400799999999986 	 -0.0003940530490029 
	 15.3494749999999982 	 -0.0003942486011763 
	 15.3588699999999996 	 -0.0003944425549414 
	 15.3682649999999992 	 -0.0003946349199901 
	 15.3776600000000006 	 -0.0003948257060144 
	 15.3870550000000001 	 -0.0003950149227062 
	 15.3964499999999997 	 -0.0003952025797575 
	 15.4058449999999993 	 -0.0003953886868602 
	 15.4152400000000007 	 -0.0003955732537062 
	 15.4246349999999985 	 -0.0003957562899875 
	 15.4340299999999999 	 -0.0003959378053961 
	 15.4434249999999977 	 -0.0003961178096239 
	 15.4528200000000009 	 -0.0003962963123628 
	 15.4622149999999987 	 -0.0003964733233048 
	 15.4716100000000001 	 -0.0003966488521419 
	 15.4810049999999997 	 -0.0003968229085659 
	 15.4903999999999993 	 -0.0003969955022689 
	 15.4997949999999989 	 -0.0003971666429428 
	 15.5091900000000003 	 -0.0003973363402795 
	 15.5185849999999981 	 -0.0003975046039709 
	 15.5279799999999994 	 -0.0003976714437091 
	 15.5373750000000008 	 -0.0003978368691860 
	 15.5467700000000004 	 -0.0003980008900935 
	 15.5561650000000000 	 -0.0003981635161235 
	 15.5655600000000014 	 -0.0003983247569681 
	 15.5749549999999992 	 -0.0003984846223191 
	 15.5843500000000006 	 -0.0003986431218685 
	 15.5937449999999984 	 -0.0003988002653083 
	 15.6031399999999998 	 -0.0003989560622838 
	 15.6125349999999976 	 -0.0003991105196596 
	 15.6219299999999990 	 -0.0003992636400010 
	 15.6313250000000004 	 -0.0003994154255044 
	 15.6407200000000000 	 -0.0003995658783661 
	 15.6501149999999996 	 -0.0003997150007827 
	 15.6595100000000009 	 -0.0003998627949506 
	 15.6689049999999988 	 -0.0004000092630661 
	 15.6783000000000001 	 -0.0004001544073258 
	 15.6876949999999997 	 -0.0004002982299260 
	 15.6970899999999993 	 -0.0004004407330633 
	 15.7064849999999989 	 -0.0004005819189339 
	 15.7158800000000021 	 -0.0004007217897344 
	 15.7252749999999999 	 -0.0004008603476613 
	 15.7346700000000013 	 -0.0004009975949108 
	 15.7440649999999991 	 -0.0004011335336795 
	 15.7534600000000005 	 -0.0004012681661638 
	 15.7628549999999983 	 -0.0004014014945601 
	 15.7722499999999997 	 -0.0004015335210649 
	 15.7816449999999993 	 -0.0004016642478746 
	 15.7910399999999989 	 -0.0004017936771856 
	 15.8004350000000002 	 -0.0004019218111943 
	 15.8098300000000016 	 -0.0004020486506812 
	 15.8192249999999994 	 -0.0004021741914971 
	 15.8286200000000008 	 -0.0004022984284201 
	 15.8380150000000004 	 -0.0004024213562285 
	 15.8474100000000000 	 -0.0004025429697005 
	 15.8568049999999996 	 -0.0004026632636143 
	 15.8662000000000010 	 -0.0004027822327481 
	 15.8755949999999988 	 -0.0004028998718802 
	 15.8849900000000002 	 -0.0004030161757888 
	 15.8943849999999998 	 -0.0004031311392520 
	 15.9037800000000011 	 -0.0004032447573183 
	 15.9131749999999990 	 -0.0004033570353956 
	 15.9225700000000003 	 -0.0004034679922661 
	 15.9319649999999999 	 -0.0004035776475980 
	 15.9413599999999995 	 -0.0004036860210591 
	 15.9507549999999991 	 -0.0004037931323176 
	 15.9601500000000005 	 -0.0004038990010414 
	 15.9695449999999983 	 -0.0004040036468985 
	 15.9789400000000015 	 -0.0004041070895569 
	 15.9883350000000011 	 -0.0004042093486845 
	 15.9977300000000007 	 -0.0004043104439495 
	 16.0071249999999985 	 -0.0004044103928304 
	 16.0165199999999999 	 -0.0004045091942729 
	 16.0259150000000012 	 -0.0004046068378983 
	 16.0353100000000026 	 -0.0004047033132569 
	 16.0447050000000004 	 -0.0004047986098988 
	 16.0541000000000018 	 -0.0004048927173743 
	 16.0634949999999996 	 -0.0004049856252339 
	 16.0728900000000010 	 -0.0004050773230276 
	 16.0822849999999988 	 -0.0004051678003059 
	 16.0916800000000002 	 -0.0004052570466190 
	 16.1010749999999980 	 -0.0004053450515211 
	 16.1104699999999994 	 -0.0004054318082343 
	 16.1198650000000008 	 -0.0004055173204299 
	 16.1292600000000022 	 -0.0004056015936276 
	 16.1386550000000000 	 -0.0004056846333472 
	 16.1480500000000013 	 -0.0004057664451083 
	 16.1574449999999992 	 -0.0004058470344308 
	 16.1668400000000005 	 -0.0004059264068343 
	 16.1762349999999984 	 -0.0004060045678387 
	 16.1856299999999997 	 -0.0004060815229636 
	 16.1950249999999976 	 -0.0004061572777288 
	 16.2044200000000025 	 -0.0004062318376541 
	 16.2138150000000003 	 -0.0004063052082592 
	 16.2232100000000017 	 -0.0004063773950638 
	 16.2326049999999995 	 -0.0004064484035877 
	 16.2420000000000009 	 -0.0004065182393505 
	 16.2513949999999987 	 -0.0004065869078722 
	 16.2607900000000001 	 -0.0004066544146724 
	 16.2701850000000015 	 -0.0004067207652708 
	 16.2795799999999993 	 -0.0004067859651872 
	 16.2889750000000006 	 -0.0004068500199413 
	 16.2983700000000020 	 -0.0004069129350529 
	 16.3077649999999998 	 -0.0004069747159926 
	 16.3171600000000012 	 -0.0004070353678968 
	 16.3265549999999990 	 -0.0004070948957631 
	 16.3359500000000004 	 -0.0004071533045886 
	 16.3453449999999982 	 -0.0004072105993704 
	 16.3547399999999996 	 -0.0004072667851057 
	 16.3641349999999974 	 -0.0004073218667915 
	 16.3735299999999988 	 -0.0004073758494249 
	 16.3829250000000002 	 -0.0004074287380030 
	 16.3923200000000016 	 -0.0004074805375230 
	 16.4017150000000029 	 -0.0004075312529820 
	 16.4111100000000008 	 -0.0004075808893770 
	 16.4205050000000021 	 -0.0004076294517051 
	 16.4299000000000035 	 -0.0004076769449635 
	 16.4392950000000013 	 -0.0004077233741493 
	 16.4486900000000027 	 -0.0004077687442596 
	 16.4580850000000005 	 -0.0004078130602914 
	 16.4674800000000019 	 -0.0004078563272419 
	 16.4768749999999997 	 -0.0004078985501082 
	 16.4862699999999975 	 -0.0004079397338874 
	 16.4956649999999989 	 -0.0004079798835767 
	 16.5050599999999967 	 -0.0004080190040716 
	 16.5144549999999981 	 -0.0004080570983094 
	 16.5238499999999959 	 -0.0004080941674567 
	 16.5332449999999973 	 -0.0004081302126161 
	 16.5426399999999987 	 -0.0004081652348902 
	 16.5520349999999965 	 -0.0004081992353817 
	 16.5614300000000014 	 -0.0004082322151933 
	 16.5708250000000028 	 -0.0004082641754277 
	 16.5802200000000006 	 -0.0004082951171875 
	 16.5896150000000020 	 -0.0004083250415754 
	 16.5990099999999998 	 -0.0004083539496941 
	 16.6084050000000012 	 -0.0004083818426463 
	 16.6177999999999990 	 -0.0004084087215346 
	 16.6271950000000004 	 -0.0004084345874618 
	 16.6365899999999982 	 -0.0004084594415304 
	 16.6459849999999996 	 -0.0004084832848431 
	 16.6553799999999974 	 -0.0004085061185027 
	 16.6647749999999988 	 -0.0004085279436117 
	 16.6741700000000002 	 -0.0004085487612730 
	 16.6835649999999980 	 -0.0004085685725891 
	 16.6929599999999994 	 -0.0004085873786627 
	 16.7023550000000007 	 -0.0004086051805965 
	 16.7117499999999986 	 -0.0004086219794931 
	 16.7211449999999999 	 -0.0004086377764553 
	 16.7305400000000013 	 -0.0004086525725857 
	 16.7399350000000027 	 -0.0004086663689870 
	 16.7493300000000005 	 -0.0004086791667618 
	 16.7587250000000019 	 -0.0004086909670128 
	 16.7681199999999997 	 -0.0004087017708428 
	 16.7775150000000011 	 -0.0004087115793543 
	 16.7869099999999989 	 -0.0004087203936501 
	 16.7963050000000003 	 -0.0004087282148328 
	 16.8056999999999981 	 -0.0004087350440186 
	 16.8150949999999995 	 -0.0004087408825210 
	 16.8244899999999973 	 -0.0004087457318026 
	 16.8338849999999987 	 -0.0004087495933297 
	 16.8432800000000000 	 -0.0004087524685686 
	 16.8526749999999979 	 -0.0004087543589857 
	 16.8620699999999992 	 -0.0004087552660472 
	 16.8714650000000006 	 -0.0004087551912195 
	 16.8808599999999984 	 -0.0004087541359689 
	 16.8902549999999998 	 -0.0004087521017616 
	 16.8996499999999976 	 -0.0004087490900641 
	 16.9090450000000025 	 -0.0004087451045938 
	 16.9184400000000004 	 -0.0004087401591395 
	 16.9278350000000017 	 -0.0004087342703047 
	 16.9372299999999996 	 -0.0004087274546930 
	 16.9466250000000009 	 -0.0004087197289083 
	 16.9560199999999988 	 -0.0004087111095541 
	 16.9654150000000001 	 -0.0004087016132342 
	 16.9748100000000015 	 -0.0004086912565522 
	 16.9842049999999993 	 -0.0004086800561120 
	 16.9936000000000007 	 -0.0004086680285171 
	 17.0029950000000021 	 -0.0004086551902460 
	 17.0123899999999999 	 -0.0004086415494035 
	 17.0217850000000013 	 -0.0004086271006009 
	 17.0311799999999991 	 -0.0004086118372259 
	 17.0405750000000005 	 -0.0004085957526664 
	 17.0499699999999983 	 -0.0004085788403104 
	 17.0593649999999997 	 -0.0004085610935457 
	 17.0687599999999975 	 -0.0004085425057602 
	 17.0781549999999989 	 -0.0004085230703418 
	 17.0875500000000002 	 -0.0004085027806783 
	 17.0969450000000016 	 -0.0004084816301578 
	 17.1063399999999994 	 -0.0004084596121668 
	 17.1157350000000008 	 -0.0004084367200794 
	 17.1251299999999986 	 -0.0004084129472614 
	 17.1345250000000000 	 -0.0004083882870785 
	 17.1439200000000014 	 -0.0004083627328964 
	 17.1533149999999992 	 -0.0004083362780809 
	 17.1627100000000006 	 -0.0004083089159975 
	 17.1721050000000020 	 -0.0004082806400122 
	 17.1814999999999998 	 -0.0004082514434905 
	 17.1908950000000011 	 -0.0004082213197981 
	 17.2002899999999990 	 -0.0004081902623010 
	 17.2096850000000003 	 -0.0004081582698431 
	 17.2190799999999982 	 -0.0004081253612445 
	 17.2284749999999995 	 -0.0004080915598775 
	 17.2378699999999974 	 -0.0004080568891144 
	 17.2472649999999987 	 -0.0004080213723275 
	 17.2566599999999966 	 -0.0004079850328892 
	 17.2660550000000015 	 -0.0004079478941716 
	 17.2754500000000029 	 -0.0004079099795471 
	 17.2848450000000007 	 -0.0004078713123881 
	 17.2942400000000021 	 -0.0004078319160667 
	 17.3036350000000034 	 -0.0004077918137162 
	 17.3130300000000013 	 -0.0004077510184117 
	 17.3224250000000026 	 -0.0004077095297041 
	 17.3318200000000004 	 -0.0004076673461928 
	 17.3412150000000018 	 -0.0004076244664773 
	 17.3506099999999996 	 -0.0004075808891570 
	 17.3600050000000010 	 -0.0004075366128314 
	 17.3693999999999988 	 -0.0004074916360999 
	 17.3787950000000002 	 -0.0004074459575619 
	 17.3881899999999980 	 -0.0004073995758169 
	 17.3975849999999994 	 -0.0004073524894643 
	 17.4069799999999972 	 -0.0004073046971035 
	 17.4163749999999986 	 -0.0004072561973340 
	 17.4257699999999964 	 -0.0004072069887552 
	 17.4351649999999978 	 -0.0004071570699666 
	 17.4445600000000027 	 -0.0004071064395676 
	 17.4539550000000006 	 -0.0004070550961575 
	 17.4633500000000019 	 -0.0004070030383360 
	 17.4727450000000033 	 -0.0004069502647024 
	 17.4821400000000011 	 -0.0004068967738561 
	 17.4915350000000025 	 -0.0004068425643965 
	 17.5009300000000003 	 -0.0004067876349232 
	 17.5103250000000017 	 -0.0004067319840356 
	 17.5197199999999995 	 -0.0004066756103330 
	 17.5291150000000009 	 -0.0004066185124150 
	 17.5385099999999987 	 -0.0004065606888809 
	 17.5479050000000001 	 -0.0004065021383302 
	 17.5572999999999979 	 -0.0004064428593624 
	 17.5666949999999993 	 -0.0004063828505768 
	 17.5760900000000007 	 -0.0004063221105730 
	 17.5854849999999985 	 -0.0004062606379503 
	 17.5948799999999999 	 -0.0004061984313082 
	 17.6042750000000012 	 -0.0004061354893712 
	 17.6136700000000026 	 -0.0004060718144532 
	 17.6230650000000040 	 -0.0004060074129048 
	 17.6324600000000018 	 -0.0004059422912912 
	 17.6418550000000032 	 -0.0004058764561777 
	 17.6512500000000010 	 -0.0004058099141297 
	 17.6606449999999988 	 -0.0004057426717126 
	 17.6700400000000002 	 -0.0004056747354915 
	 17.6794349999999980 	 -0.0004056061120320 
	 17.6888299999999994 	 -0.0004055368078992 
	 17.6982249999999972 	 -0.0004054668296586 
	 17.7076199999999986 	 -0.0004053961838753 
	 17.7170150000000000 	 -0.0004053248771149 
	 17.7264099999999978 	 -0.0004052529159426 
	 17.7358049999999992 	 -0.0004051803069237 
	 17.7452000000000005 	 -0.0004051070566235 
	 17.7545949999999984 	 -0.0004050331716074 
	 17.7639899999999997 	 -0.0004049586584408 
	 17.7733849999999975 	 -0.0004048835236888 
	 17.7827799999999989 	 -0.0004048077739170 
	 17.7921750000000003 	 -0.0004047314156905 
	 17.8015700000000017 	 -0.0004046544555695 
	 17.8109649999999995 	 -0.0004045768983610 
	 17.8203600000000009 	 -0.0004044987445795 
	 17.8297549999999987 	 -0.0004044199940949 
	 17.8391500000000001 	 -0.0004043406467772 
	 17.8485450000000014 	 -0.0004042607024962 
	 17.8579399999999993 	 -0.0004041801611218 
	 17.8673350000000006 	 -0.0004040990225239 
	 17.8767300000000020 	 -0.0004040172865724 
	 17.8861249999999998 	 -0.0004039349531371 
	 17.8955200000000012 	 -0.0004038520220880 
	 17.9049149999999990 	 -0.0004037684933654 
	 17.9143100000000004 	 -0.0004036843683660 
	 17.9237049999999982 	 -0.0004035996498576 
	 17.9330999999999996 	 -0.0004035143406613 
	 17.9424949999999974 	 -0.0004034284435983 
	 17.9518899999999988 	 -0.0004033419614896 
	 17.9612849999999966 	 -0.0004032548971564 
	 17.9706800000000015 	 -0.0004031672534198 
	 17.9800749999999994 	 -0.0004030790331010 
	 17.9894700000000007 	 -0.0004029902390210 
	 17.9988649999999986 	 -0.0004029008740011 
	 18.0082599999999999 	 -0.0004028109408622 
	 18.0176550000000013 	 -0.0004027204424256 
	 18.0270499999999991 	 -0.0004026293815123 
	 18.0364450000000005 	 -0.0004025377609435 
	 18.0458400000000019 	 -0.0004024455835403 
	 18.0552349999999997 	 -0.0004023528521239 
	 18.0646300000000011 	 -0.0004022595695153 
	 18.0740249999999989 	 -0.0004021657385356 
	 18.0834200000000003 	 -0.0004020713620061 
	 18.0928149999999981 	 -0.0004019764427478 
	 18.1022099999999995 	 -0.0004018809835797 
	 18.1116049999999973 	 -0.0004017849870262 
	 18.1209999999999987 	 -0.0004016884550150 
	 18.1303949999999965 	 -0.0004015913894023 
	 18.1397899999999979 	 -0.0004014937920440 
	 18.1491850000000028 	 -0.0004013956647960 
	 18.1585800000000006 	 -0.0004012970095144 
	 18.1679750000000020 	 -0.0004011978280552 
	 18.1773700000000034 	 -0.0004010981222743 
	 18.1867650000000012 	 -0.0004009978940277 
	 18.1961600000000026 	 -0.0004008971451714 
	 18.2055550000000004 	 -0.0004007958775614 
	 18.2149500000000018 	 -0.0004006940930537 
	 18.2243449999999996 	 -0.0004005917935042 
	 18.2337400000000009 	 -0.0004004889807690 
	 18.2431349999999988 	 -0.0004003856567040 
	 18.2525300000000001 	 -0.0004002818231652 
	 18.2619249999999980 	 -0.0004001774820086 
	 18.2713199999999993 	 -0.0004000726350902 
	 18.2807149999999972 	 -0.0003999672842660 
	 18.2901099999999985 	 -0.0003998614313919 
	 18.2995049999999964 	 -0.0003997550783239 
	 18.3088999999999977 	 -0.0003996482272354 
	 18.3182949999999991 	 -0.0003995408817861 
	 18.3276900000000005 	 -0.0003994330460712 
	 18.3370850000000019 	 -0.0003993247241858 
	 18.3464800000000032 	 -0.0003992159202250 
	 18.3558750000000011 	 -0.0003991066382839 
	 18.3652700000000024 	 -0.0003989968824576 
	 18.3746650000000002 	 -0.0003988866568412 
	 18.3840600000000016 	 -0.0003987759655299 
	 18.3934549999999994 	 -0.0003986648126187 
	 18.4028500000000008 	 -0.0003985532022027 
	 18.4122449999999986 	 -0.0003984411383771 
	 18.4216400000000000 	 -0.0003983286252370 
	 18.4310349999999978 	 -0.0003982156668775 
	 18.4404299999999992 	 -0.0003981022673937 
	 18.4498250000000006 	 -0.0003979884308807 
	 18.4592199999999984 	 -0.0003978741614336 
	 18.4686149999999998 	 -0.0003977594631475 
	 18.4780100000000012 	 -0.0003976443401176 
	 18.4874049999999990 	 -0.0003975287964389 
	 18.4968000000000004 	 -0.0003974128362066 
	 18.5061950000000017 	 -0.0003972964634446 
	 18.5155900000000031 	 -0.0003971796813275 
	 18.5249850000000009 	 -0.0003970624924715 
	 18.5343800000000023 	 -0.0003969448994826 
	 18.5437750000000001 	 -0.0003968269049670 
	 18.5531700000000015 	 -0.0003967085115308 
	 18.5625649999999993 	 -0.0003965897217804 
	 18.5719600000000007 	 -0.0003964705383218 
	 18.5813549999999985 	 -0.0003963509637612 
	 18.5907499999999999 	 -0.0003962310007049 
	 18.6001449999999977 	 -0.0003961106517588 
	 18.6095399999999991 	 -0.0003959899195294 
	 18.6189350000000005 	 -0.0003958688066227 
	 18.6283299999999983 	 -0.0003957473156448 
	 18.6377249999999997 	 -0.0003956254492021 
	 18.6471200000000010 	 -0.0003955032099006 
	 18.6565149999999988 	 -0.0003953806003465 
	 18.6659100000000002 	 -0.0003952576231461 
	 18.6753050000000016 	 -0.0003951342809054 
	 18.6847000000000030 	 -0.0003950105762307 
	 18.6940950000000008 	 -0.0003948865117281 
	 18.7034900000000022 	 -0.0003947620899538 
	 18.7128850000000000 	 -0.0003946373111432 
	 18.7222800000000014 	 -0.0003945121722817 
	 18.7316749999999992 	 -0.0003943866701122 
	 18.7410700000000006 	 -0.0003942608013775 
	 18.7504650000000019 	 -0.0003941345628203 
	 18.7598599999999998 	 -0.0003940079511834 
	 18.7692550000000011 	 -0.0003938809632096 
	 18.7786500000000025 	 -0.0003937535956417 
	 18.7880450000000003 	 -0.0003936258452225 
	 18.7974400000000017 	 -0.0003934977086947 
	 18.8068349999999995 	 -0.0003933691832088 
	 18.8162300000000009 	 -0.0003932402697439 
	 18.8256249999999987 	 -0.0003931109713747 
	 18.8350199999999965 	 -0.0003929812911978 
	 18.8444149999999979 	 -0.0003928512323097 
	 18.8538099999999993 	 -0.0003927207978067 
	 18.8632050000000007 	 -0.0003925899907853 
	 18.8725999999999985 	 -0.0003924588143420 
	 18.8819949999999999 	 -0.0003923272715731 
	 18.8913900000000012 	 -0.0003921953655751 
	 18.9007849999999991 	 -0.0003920630994446 
	 18.9101800000000004 	 -0.0003919304762778 
	 18.9195750000000018 	 -0.0003917974991713 
	 18.9289699999999996 	 -0.0003916641712214 
	 18.9383650000000010 	 -0.0003915304955247 
	 18.9477599999999988 	 -0.0003913964751776 
	 18.9571550000000002 	 -0.0003912621132764 
	 18.9665499999999980 	 -0.0003911274129177 
	 18.9759449999999994 	 -0.0003909923771979 
	 18.9853399999999972 	 -0.0003908570092134 
	 18.9947349999999986 	 -0.0003907213120607 
	 19.0041299999999964 	 -0.0003905852888363 
	 19.0135249999999978 	 -0.0003904489426364 
	 19.0229199999999992 	 -0.0003903122765577 
	 19.0323150000000005 	 -0.0003901752936965 
	 19.0417100000000019 	 -0.0003900379971492 
	 19.0511050000000033 	 -0.0003899003900124 
	 19.0605000000000011 	 -0.0003897624753825 
	 19.0698950000000025 	 -0.0003896242563558 
	 19.0792900000000003 	 -0.0003894857360289 
	 19.0886850000000017 	 -0.0003893469174981 
	 19.0980799999999995 	 -0.0003892078038600 
	 19.1074750000000009 	 -0.0003890683980378 
	 19.1168699999999987 	 -0.0003889287016573 
	 19.1262650000000001 	 -0.0003887887157557 
	 19.1356599999999979 	 -0.0003886484413669 
	 19.1450549999999993 	 -0.0003885078795252 
	 19.1544499999999971 	 -0.0003883670312647 
	 19.1638449999999985 	 -0.0003882258976195 
	 19.1732399999999963 	 -0.0003880844796238 
	 19.1826349999999977 	 -0.0003879427783117 
	 19.1920299999999990 	 -0.0003878007947173 
	 19.2014249999999969 	 -0.0003876585298747 
	 19.2108200000000018 	 -0.0003875159848182 
	 19.2202150000000032 	 -0.0003873731605818 
	 19.2296100000000010 	 -0.0003872300581996 
	 19.2390050000000024 	 -0.0003870866787059 
	 19.2484000000000002 	 -0.0003869430231347 
	 19.2577950000000016 	 -0.0003867990925201 
	 19.2671899999999994 	 -0.0003866548878964 
	 19.2765850000000007 	 -0.0003865104102975 
	 19.2859799999999986 	 -0.0003863656607578 
	 19.2953749999999999 	 -0.0003862206403112 
	 19.3047699999999978 	 -0.0003860753500778 
	 19.3141649999999991 	 -0.0003859297930796 
	 19.3235600000000005 	 -0.0003857839742034 
	 19.3329549999999983 	 -0.0003856378984139 
	 19.3423499999999997 	 -0.0003854915706760 
	 19.3517450000000011 	 -0.0003853449959544 
	 19.3611399999999989 	 -0.0003851981792140 
	 19.3705350000000003 	 -0.0003850511254196 
	 19.3799300000000017 	 -0.0003849038395360 
	 19.3893250000000030 	 -0.0003847563265280 
	 19.3987200000000009 	 -0.0003846085913604 
	 19.4081150000000022 	 -0.0003844606389979 
	 19.4175100000000000 	 -0.0003843124744055 
	 19.4269050000000014 	 -0.0003841641025480 
	 19.4362999999999992 	 -0.0003840155283900 
	 19.4456950000000006 	 -0.0003838667568965 
	 19.4550899999999984 	 -0.0003837177930322 
	 19.4644849999999998 	 -0.0003835686417620 
	 19.4738799999999976 	 -0.0003834193080506 
	 19.4832749999999990 	 -0.0003832697968629 
	 19.4926700000000004 	 -0.0003831201131637 
	 19.5020649999999982 	 -0.0003829702618878 
	 19.5114599999999996 	 -0.0003828202429903 
	 19.5208550000000010 	 -0.0003826700459119 
	 19.5302499999999988 	 -0.0003825196587591 
	 19.5396450000000002 	 -0.0003823690696385 
	 19.5490399999999980 	 -0.0003822182666564 
	 19.5584349999999993 	 -0.0003820672379194 
	 19.5678300000000007 	 -0.0003819159715339 
	 19.5772250000000021 	 -0.0003817644556065 
	 19.5866199999999999 	 -0.0003816126782436 
	 19.5960150000000013 	 -0.0003814606275517 
	 19.6054099999999991 	 -0.0003813082922248 
	 19.6148050000000005 	 -0.0003811556706461 
	 19.6242000000000019 	 -0.0003810027691466 
	 19.6335949999999997 	 -0.0003808495942920 
	 19.6429900000000011 	 -0.0003806961526480 
	 19.6523850000000024 	 -0.0003805424507804 
	 19.6617800000000003 	 -0.0003803884952547 
	 19.6711750000000016 	 -0.0003802342926368 
	 19.6805699999999995 	 -0.0003800798494924 
	 19.6899650000000008 	 -0.0003799251723870 
	 19.6993599999999986 	 -0.0003797702678865 
	 19.7087550000000000 	 -0.0003796151425566 
	 19.7181499999999978 	 -0.0003794598029629 
	 19.7275449999999992 	 -0.0003793042556711 
	 19.7369400000000006 	 -0.0003791485072471 
	 19.7463350000000020 	 -0.0003789925642563 
	 19.7557299999999998 	 -0.0003788364332647 
	 19.7651250000000012 	 -0.0003786801208379 
	 19.7745199999999990 	 -0.0003785236335415 
	 19.7839150000000004 	 -0.0003783669779413 
	 19.7933100000000017 	 -0.0003782101606030 
	 19.8027049999999996 	 -0.0003780531880651 
	 19.8121000000000009 	 -0.0003778960645371 
	 19.8214950000000023 	 -0.0003777387901497 
	 19.8308900000000001 	 -0.0003775813646216 
	 19.8402850000000015 	 -0.0003774237876716 
	 19.8496799999999993 	 -0.0003772660590185 
	 19.8590750000000007 	 -0.0003771081783808 
	 19.8684699999999985 	 -0.0003769501454773 
	 19.8778649999999999 	 -0.0003767919600267 
	 19.8872599999999977 	 -0.0003766336217478 
	 19.8966549999999991 	 -0.0003764751303592 
	 19.9060499999999969 	 -0.0003763164855797 
	 19.9154450000000018 	 -0.0003761576871280 
	 19.9248400000000032 	 -0.0003759987347228 
	 19.9342350000000010 	 -0.0003758396280828 
	 19.9436300000000024 	 -0.0003756803669267 
	 19.9530250000000038 	 -0.0003755209509732 
	 19.9624200000000016 	 -0.0003753613799411 
	 19.9718150000000030 	 -0.0003752016535491 
	 19.9812100000000008 	 -0.0003750417715158 
	 19.9906050000000022 	 -0.0003748817335600 
	 20.0000000000000000 	 -0.0003747215394005 
