	 1.2100000000000000 	 -5.0488607090000004 
	 1.2193950000000000 	 -5.0032517332115134 
	 1.2287900000000000 	 -4.9587511200266192 
	 1.2381850000000001 	 -4.9153809149576544 
	 1.2475799999999999 	 -4.8731364324919841 
	 1.2569750000000002 	 -4.8320575984033143 
	 1.2663700000000000 	 -4.7921463080043445 
	 1.2757650000000000 	 -4.7533937115363205 
	 1.2851600000000001 	 -4.7157988103273469 
	 1.2945550000000001 	 -4.6793564467122977 
	 1.3039499999999999 	 -4.6440591961084285 
	 1.3133450000000000 	 -4.6098933329224066 
	 1.3227400000000000 	 -4.5768409285223584 
	 1.3321350000000001 	 -4.5448857642735598 
	 1.3415300000000001 	 -4.5140172566682226 
	 1.3509249999999999 	 -4.4842223285735798 
	 1.3603200000000000 	 -4.4554758833439898 
	 1.3697150000000000 	 -4.4277449215655720 
	 1.3791099999999998 	 -4.4010142771010106 
	 1.3885049999999999 	 -4.3752609518447247 
	 1.3978999999999999 	 -4.3504605288243745 
	 1.4072950000000000 	 -4.3265920405864797 
	 1.4166900000000000 	 -4.3036264535988193 
	 1.4260850000000000 	 -4.2815396451502181 
	 1.4354799999999999 	 -4.2603091604675916 
	 1.4448749999999999 	 -4.2399079824894592 
	 1.4542700000000000 	 -4.2203103509163800 
	 1.4636650000000000 	 -4.2015046847519226 
	 1.4730600000000000 	 -4.1834639516901886 
	 1.4824550000000001 	 -4.1661444649756749 
	 1.4918499999999999 	 -4.1495357243251263 
	 1.5012450000000002 	 -4.1336242251430555 
	 1.5106400000000000 	 -4.1183825368067328 
	 1.5200350000000000 	 -4.1037837481440711 
	 1.5294300000000001 	 -4.0898088546812525 
	 1.5388250000000001 	 -4.0764404623794386 
	 1.5482200000000002 	 -4.0636586568066919 
	 1.5576150000000002 	 -4.0514332445905863 
	 1.5670099999999998 	 -4.0397573763492032 
	 1.5764049999999998 	 -4.0286117878869296 
	 1.5857999999999999 	 -4.0179733006889746 
	 1.5951949999999999 	 -4.0078333122145304 
	 1.6045900000000000 	 -3.9981444793995253 
	 1.6139850000000000 	 -3.9889110401979306 
	 1.6233799999999998 	 -3.9801491920269609 
	 1.6327749999999999 	 -3.9718078291004693 
	 1.6421699999999999 	 -3.9638785703110497 
	 1.6515649999999999 	 -3.9563505136030330 
	 1.6609600000000000 	 -3.9492101847922738 
	 1.6703550000000000 	 -3.9424412311074692 
	 1.6797499999999999 	 -3.9360315422836898 
	 1.6891450000000001 	 -3.9299686255868598 
	 1.6985399999999999 	 -3.9242404759959659 
	 1.7079350000000000 	 -3.9188356976093397 
	 1.7173300000000000 	 -3.9137428584482885 
	 1.7267250000000001 	 -3.9089535615312041 
	 1.7361199999999999 	 -3.9044544387050322 
	 1.7455150000000001 	 -3.9002308432042430 
	 1.7549100000000000 	 -3.8963045625875243 
	 1.7643049999999998 	 -3.8926410039027202 
	 1.7736999999999998 	 -3.8892067420920466 
	 1.7830949999999999 	 -3.8860238668655986 
	 1.7924899999999999 	 -3.8830771379970348 
	 1.8018850000000000 	 -3.8803606707239604 
	 1.8112800000000000 	 -3.8778664991785243 
	 1.8206750000000000 	 -3.8755875830269373 
	 1.8300700000000001 	 -3.8735169843240222 
	 1.8394650000000001 	 -3.8716480919763177 
	 1.8488600000000002 	 -3.8699745342682341 
	 1.8582550000000002 	 -3.8684902053145676 
	 1.8676499999999998 	 -3.8671892212506389 
	 1.8770449999999999 	 -3.8660660197470791 
	 1.8864399999999999 	 -3.8651150498078599 
	 1.8958349999999999 	 -3.8643317338684056 
	 1.9052300000000000 	 -3.8637089388466310 
	 1.9146250000000000 	 -3.8632507903265050 
	 1.9240199999999998 	 -3.8629465573217443 
	 1.9334150000000001 	 -3.8627831215474813 
	 1.9428099999999999 	 -3.8627658064658634 
	 1.9522050000000000 	 -3.8628905817824881 
	 1.9616000000000000 	 -3.8631557656285631 
	 1.9709950000000001 	 -3.8635495347885325 
	 1.9803900000000001 	 -3.8640717542718281 
	 1.9897850000000001 	 -3.8647200298684581 
	 1.9991800000000000 	 -3.8654918220651888 
	 2.0085750000000000 	 -3.8663842329910514 
	 2.0179700000000000 	 -3.8673943372001185 
	 2.0273649999999996 	 -3.8685193219185252 
	 2.0367600000000001 	 -3.8697566128625791 
	 2.0461549999999997 	 -3.8711037332475926 
	 2.0555499999999998 	 -3.8725582011060262 
	 2.0649449999999998 	 -3.8741183358570450 
	 2.0743399999999999 	 -3.8757802317651455 
	 2.0837349999999999 	 -3.8775484094952635 
	 2.0931299999999999 	 -3.8794186246716396 
	 2.1025250000000000 	 -3.8813781675375134 
	 2.1119199999999996 	 -3.8834350317185162 
	 2.1213150000000001 	 -3.8855857122814523 
	 2.1307099999999997 	 -3.8878292161325705 
	 2.1401050000000001 	 -3.8901642874496227 
	 2.1494999999999997 	 -3.8925886505753811 
	 2.1588950000000002 	 -3.8951016186960836 
	 2.1682899999999998 	 -3.8977043266570206 
	 2.1776850000000003 	 -3.9003739653984648 
	 2.1870799999999999 	 -3.9031411043693955 
	 2.1964750000000000 	 -3.9059993047929451 
	 2.2058700000000000 	 -3.9089377263679985 
	 2.2152650000000000 	 -3.9119589285792458 
	 2.2246600000000001 	 -3.9150613915925772 
	 2.2340550000000001 	 -3.9182446420839976 
	 2.2434500000000002 	 -3.9215082773127232 
	 2.2528449999999998 	 -3.9248510325227342 
	 2.2622400000000003 	 -3.9282721574615396 
	 2.2716349999999998 	 -3.9317709501953177 
	 2.2810300000000003 	 -3.9353468303688293 
	 2.2904249999999999 	 -3.9389993796759821 
	 2.2998200000000000 	 -3.9427280805630520 
	 2.3092150000000000 	 -3.9465319780278350 
	 2.3186100000000001 	 -3.9504118909751127 
	 2.3280050000000001 	 -3.9543672647683139 
	 2.3373999999999997 	 -3.9583924971057840 
	 2.3467950000000002 	 -3.9625184555292989 
	 2.3561899999999998 	 -3.9666999640439289 
	 2.3655850000000003 	 -3.9709446747028574 
	 2.3749799999999999 	 -3.9752670963120758 
	 2.3843749999999999 	 -3.9796719080656144 
	 2.3937700000000000 	 -3.9841524218135809 
	 2.4031650000000000 	 -3.9886896436345980 
	 2.4125600000000000 	 -3.9933018740674462 
	 2.4219550000000001 	 -3.9979847210250674 
	 2.4313500000000001 	 -4.0027388896786471 
	 2.4407449999999997 	 -4.0075647575009894 
	 2.4501400000000002 	 -4.0124619877930705 
	 2.4595349999999998 	 -4.0174291541854688 
	 2.4689300000000003 	 -4.0224668481909749 
	 2.4783249999999999 	 -4.0275750835061324 
	 2.4877199999999999 	 -4.0327528033816877 
	 2.4971150000000000 	 -4.0380067825637500 
	 2.5065100000000005 	 -4.0433337775684173 
	 2.5159050000000001 	 -4.0487242823312739 
	 2.5253000000000001 	 -4.0541813486102409 
	 2.5346950000000001 	 -4.0597088714051424 
	 2.5440899999999997 	 -4.0653055238198386 
	 2.5534850000000002 	 -4.0709719509481248 
	 2.5628799999999998 	 -4.0767078256359186 
	 2.5722749999999999 	 -4.0825122137198226 
	 2.5816699999999999 	 -4.0883858469508478 
	 2.5910650000000000 	 -4.0943284656559804 
	 2.6004600000000000 	 -4.1003399543519317 
	 2.6098550000000000 	 -4.1064200319216537 
	 2.6192500000000001 	 -4.1125695788242824 
	 2.6286449999999997 	 -4.1187882323812435 
	 2.6380400000000002 	 -4.1250708602235395 
	 2.6474349999999998 	 -4.1314257756433950 
	 2.6568300000000002 	 -4.1378510513667948 
	 2.6662249999999998 	 -4.1443443068182946 
	 2.6756200000000003 	 -4.1509072965086018 
	 2.6850149999999999 	 -4.1575401631642581 
	 2.6944100000000004 	 -4.1642425071439755 
	 2.7038050000000000 	 -4.1710142772520733 
	 2.7132000000000001 	 -4.1778550662259768 
	 2.7225950000000001 	 -4.1847632283056138 
	 2.7319900000000001 	 -4.1917371039690661 
	 2.7413850000000002 	 -4.1987778090238033 
	 2.7507800000000002 	 -4.2058876230200006 
	 2.7601750000000003 	 -4.2130699265353639 
	 2.7695699999999999 	 -4.2203232417541834 
	 2.7789650000000004 	 -4.2276557397464538 
	 2.7883599999999999 	 -4.2350513361138793 
	 2.7977550000000004 	 -4.2425154934301936 
	 2.8071500000000000 	 -4.2500502307023789 
	 2.8165450000000001 	 -4.2576548871793012 
	 2.8259399999999997 	 -4.2653297354206687 
	 2.8353349999999997 	 -4.2730748575114843 
	 2.8447299999999998 	 -4.2808903665827733 
	 2.8541249999999998 	 -4.2887762043497721 
	 2.8635199999999998 	 -4.2967336377123537 
	 2.8729149999999999 	 -4.3047623199679101 
	 2.8823099999999995 	 -4.3128575314249016 
	 2.8917050000000000 	 -4.3210217738006822 
	 2.9010999999999996 	 -4.3292635519807172 
	 2.9104950000000001 	 -4.3375762315666098 
	 2.9198899999999997 	 -4.3459607575534198 
	 2.9292850000000001 	 -4.3544172801984287 
	 2.9386799999999997 	 -4.3629461678349495 
	 2.9480750000000002 	 -4.3715475022748240 
	 2.9574699999999998 	 -4.3802217450124976 
	 2.9668650000000003 	 -4.3889691258305481 
	 2.9762599999999999 	 -4.3977899520108377 
	 2.9856549999999999 	 -4.4066845884747163 
	 2.9950500000000000 	 -4.4156533288648836 
	 3.0044450000000000 	 -4.4246966413881532 
	 3.0138400000000001 	 -4.4338148765056244 
	 3.0232350000000001 	 -4.4430083139129977 
	 3.0326300000000002 	 -4.4522774556958238 
	 3.0420250000000002 	 -4.4616227002002944 
	 3.0514200000000002 	 -4.4710444458875553 
	 3.0608149999999998 	 -4.4805430539754836 
	 3.0702099999999999 	 -4.4901189627735372 
	 3.0796049999999999 	 -4.4997731900853015 
	 3.0890000000000000 	 -4.5095054800809038 
	 3.0983950000000000 	 -4.5193155199394459 
	 3.1077900000000001 	 -4.5292044220457353 
	 3.1171850000000001 	 -4.5391728030218301 
	 3.1265800000000001 	 -4.5492208982918791 
	 3.1359749999999997 	 -4.5593492182744164 
	 3.1453699999999998 	 -4.5695581763145849 
	 3.1547649999999998 	 -4.5798481462406757 
	 3.1641599999999999 	 -4.5902195599803122 
	 3.1735549999999995 	 -4.6006727885203471 
	 3.1829499999999999 	 -4.6112082002345032 
	 3.1923449999999995 	 -4.6218261711722786 
	 3.2017400000000000 	 -4.6325270898032826 
	 3.2111349999999996 	 -4.6433113174478322 
	 3.2205300000000001 	 -4.6541791658073715 
	 3.2299249999999997 	 -4.6651309827175602 
	 3.2393200000000002 	 -4.6761671239033191 
	 3.2487149999999998 	 -4.6872879193469039 
	 3.2581100000000003 	 -4.6984936056526045 
	 3.2675049999999999 	 -4.7097845610390365 
	 3.2769000000000004 	 -4.7211610400052741 
	 3.2862950000000000 	 -4.7326232839767233 
	 3.2956900000000005 	 -4.7441715617420979 
	 3.3050850000000001 	 -4.7558061316843325 
	 3.3144800000000001 	 -4.7675272491193628 
	 3.3238750000000001 	 -4.7793350979372775 
	 3.3332700000000002 	 -4.7912298875382868 
	 3.3426650000000002 	 -4.8032119514524139 
	 3.3520600000000003 	 -4.8152813361812443 
	 3.3614549999999999 	 -4.8274381314210366 
	 3.3708500000000003 	 -4.8396835824531470 
	 3.3802449999999999 	 -4.8520178898726636 
	 3.3896400000000000 	 -4.8644387701337326 
	 3.3990350000000000 	 -4.8769472586614731 
	 3.4084300000000001 	 -4.8895437863447571 
	 3.4178249999999997 	 -4.9022279448340278 
	 3.4272200000000002 	 -4.9149994266925168 
	 3.4366149999999998 	 -4.9278598842674484 
	 3.4460099999999998 	 -4.9408111907598871 
	 3.4554049999999998 	 -4.9538467683538281 
	 3.4647999999999999 	 -4.9669697720974844 
	 3.4741949999999999 	 -4.9801847327197075 
	 3.4835900000000000 	 -4.9934866342475468 
	 3.4929850000000000 	 -5.0068759008645403 
	 3.5023799999999996 	 -5.0203579278007400 
	 3.5117750000000001 	 -5.0339304748875957 
	 3.5211699999999997 	 -5.0475759594356218 
	 3.5305649999999997 	 -5.0612963616168614 
	 3.5399599999999998 	 -5.0751281797043646 
	 3.5493550000000003 	 -5.0890471552657921 
	 3.5587499999999999 	 -5.1030535652832834 
	 3.5681449999999999 	 -5.1171477755526604 
	 3.5775399999999999 	 -5.1313288746500012 
	 3.5869350000000004 	 -5.1455987095098799 
	 3.5963300000000000 	 -5.1599488707343140 
	 3.6057249999999996 	 -5.1744101149908053 
	 3.6151200000000001 	 -5.1888501420938651 
	 3.6245150000000002 	 -5.2033779541252017 
	 3.6339100000000002 	 -5.2180941394330045 
	 3.6433049999999998 	 -5.2328805945231123 
	 3.6527000000000003 	 -5.2477614053442680 
	 3.6620950000000003 	 -5.2627157070757953 
	 3.6714900000000004 	 -5.2777561330395786 
	 3.6808850000000000 	 -5.2928797986062657 
	 3.6902800000000000 	 -5.3080868409352187 
	 3.6996750000000000 	 -5.3233765708958236 
	 3.7090700000000001 	 -5.3387484930895823 
	 3.7184650000000001 	 -5.3542020197453484 
	 3.7278600000000002 	 -5.3697365140512270 
	 3.7372550000000002 	 -5.3853513831001170 
	 3.7466499999999998 	 -5.4010458422945629 
	 3.7560450000000003 	 -5.4168192259733168 
	 3.7654399999999999 	 -5.4326709750109146 
	 3.7748350000000004 	 -5.4486000478673953 
	 3.7842300000000000 	 -5.4646051065341341 
	 3.7936250000000000 	 -5.4806873772889695 
	 3.8030200000000001 	 -5.4968395766963942 
	 3.8124150000000006 	 -5.5130603043379747 
	 3.8218100000000002 	 -5.5293643368077037 
	 3.8312049999999997 	 -5.5457402721697235 
	 3.8406000000000002 	 -5.5621849065747941 
	 3.8499950000000003 	 -5.5786967108393135 
	 3.8593899999999999 	 -5.5952755760207840 
	 3.8687849999999999 	 -5.6119249541131850 
	 3.8781799999999995 	 -5.6286404064206632 
	 3.8875749999999996 	 -5.6454202325625689 
	 3.8969699999999996 	 -5.6622631681403357 
	 3.9063649999999996 	 -5.6791676609623574 
	 3.9157599999999997 	 -5.6961324794496404 
	 3.9251549999999997 	 -5.7131551131777627 
	 3.9345499999999998 	 -5.7302347692574589 
	 3.9439449999999998 	 -5.7473705062137901 
	 3.9533399999999999 	 -5.7645597457685511 
	 3.9627349999999995 	 -5.7818009328022617 
	 3.9721299999999999 	 -5.7990922420683013 
	 3.9815249999999995 	 -5.8164318098381687 
	 3.9909200000000000 	 -5.8338177090558156 
	 4.0003149999999996 	 -5.8512481374597707 
	 4.0097100000000001 	 -5.8687208143109650 
	 4.0191049999999997 	 -5.8862337125717454 
	 4.0285000000000002 	 -5.9037848422174681 
	 4.0378949999999998 	 -5.9213719367921192 
	 4.0472900000000003 	 -5.9389925499185230 
	 4.0566849999999999 	 -5.9566447051600351 
	 4.0660799999999995 	 -5.9743265488252426 
	 4.0754750000000000 	 -5.9920345591667923 
	 4.0848700000000004 	 -6.0097646534116178 
	 4.0942650000000000 	 -6.0275242977066954 
	 4.1036599999999996 	 -6.0453165846814576 
	 4.1130550000000001 	 -6.0631271041172647 
	 4.1224499999999997 	 -6.0809405940085322 
	 4.1318450000000002 	 -6.0987536226030263 
	 4.1412399999999998 	 -6.1165765511096781 
	 4.1506349999999994 	 -6.1344047442445380 
	 4.1600299999999999 	 -6.1522356741869784 
	 4.1694250000000004 	 -6.1700665358776154 
	 4.1788200000000000 	 -6.1878943125997576 
	 4.1882149999999996 	 -6.2057160810020484 
	 4.1976100000000001 	 -6.2235289043485649 
	 4.2070049999999997 	 -6.2413296209111930 
	 4.2164000000000001 	 -6.2591154025970317 
	 4.2257949999999997 	 -6.2768823425195857 
	 4.2351900000000002 	 -6.2946312437172738 
	 4.2445849999999998 	 -6.3123605360297681 
	 4.2539800000000003 	 -6.3300626948450951 
	 4.2633749999999999 	 -6.3477299923685164 
	 4.2727700000000004 	 -6.3653547008053009 
	 4.2821650000000000 	 -6.3829291451404453 
	 4.2915600000000005 	 -6.4004534738916901 
	 4.3009550000000001 	 -6.4179438622223959 
	 4.3103499999999997 	 -6.4354062101244986 
	 4.3197450000000002 	 -6.4528177146301271 
	 4.3291400000000007 	 -6.4701757280471979 
	 4.3385350000000003 	 -6.4874787580288542 
	 4.3479299999999999 	 -6.5047080192071425 
	 4.3573250000000003 	 -6.5218891432582993 
	 4.3667199999999999 	 -6.5390550951666153 
	 4.3761150000000004 	 -6.5561199149768070 
	 4.3855100000000000 	 -6.5730855883675199 
	 4.3949049999999996 	 -6.5899833680230673 
	 4.4043000000000001 	 -6.6068003331595841 
	 4.4136950000000006 	 -6.6235364232070326 
	 4.4230900000000002 	 -6.6401876607531714 
	 4.4324849999999998 	 -6.6567511858907036 
	 4.4418799999999994 	 -6.6732242501931180 
	 4.4512749999999999 	 -6.6896036038544304 
	 4.4606700000000004 	 -6.7058870302418709 
	 4.4700650000000000 	 -6.7220754061989130 
	 4.4794599999999996 	 -6.7381618421905394 
	 4.4888550000000000 	 -6.7541395785672380 
	 4.4982499999999996 	 -6.7700097917435764 
	 4.5076450000000001 	 -6.7857703391073976 
	 4.5170399999999997 	 -6.8014184744651924 
	 4.5264349999999993 	 -6.8169518634319992 
	 4.5358299999999998 	 -6.8323681142587578 
	 4.5452250000000003 	 -6.8476648771479267 
	 4.5546199999999999 	 -6.8628399517800069 
	 4.5640149999999995 	 -6.8778911935624070 
	 4.5734100000000000 	 -6.8928164700397412 
	 4.5828049999999996 	 -6.9076137976696499 
	 4.5922000000000001 	 -6.9222812816482735 
	 4.6015949999999997 	 -6.9368170779748084 
	 4.6109900000000001 	 -6.9512193724685298 
	 4.6203849999999997 	 -6.9654865338950085 
	 4.6297799999999993 	 -6.9796169682888287 
	 4.6391749999999998 	 -6.9936091850488031 
	 4.6485700000000003 	 -7.0074616129354865 
	 4.6579649999999999 	 -7.0211735219629512 
	 4.6673599999999995 	 -7.0347411476695330 
	 4.6767550000000000 	 -7.0481781329343169 
	 4.6861499999999996 	 -7.0614622257834903 
	 4.6955450000000001 	 -7.0745518941309724 
	 4.7049399999999997 	 -7.0875197031730490 
	 4.7143350000000002 	 -7.1005157139449180 
	 4.7237299999999998 	 -7.1133465135738474 
	 4.7331250000000002 	 -7.1258633579129400 
	 4.7425199999999998 	 -7.1382647277768845 
	 4.7519150000000003 	 -7.1505078776868896 
	 4.7613099999999999 	 -7.1626032172275176 
	 4.7707049999999995 	 -7.1745479977453028 
	 4.7801000000000000 	 -7.1863419200123051 
	 4.7894950000000005 	 -7.1979854346412306 
	 4.7988900000000001 	 -7.2094782879536918 
	 4.8082849999999997 	 -7.2208204811137193 
	 4.8176800000000002 	 -7.2320120341274725 
	 4.8270749999999998 	 -7.2430531917881860 
	 4.8364700000000003 	 -7.2539441558193483 
	 4.8458649999999999 	 -7.2646852479696777 
	 4.8552599999999995 	 -7.2752768431045132 
	 4.8646550000000000 	 -7.2857193400805222 
	 4.8740500000000004 	 -7.2960132547425722 
	 4.8834450000000000 	 -7.3061591533097481 
	 4.8928399999999996 	 -7.3161576309126399 
	 4.9022350000000001 	 -7.3260093600618719 
	 4.9116300000000006 	 -7.3357150919925269 
	 4.9210250000000002 	 -7.3452755973577677 
	 4.9304199999999998 	 -7.3546917323542607 
	 4.9398150000000003 	 -7.3639643049679133 
	 4.9492100000000008 	 -7.3730941880672400 
	 4.9586050000000004 	 -7.3820833004344610 
	 4.9680000000000000 	 -7.3909273738349190 
	 4.9773949999999996 	 -7.3996514309434929 
	 4.9867900000000001 	 -7.4081165216891058 
	 4.9961850000000005 	 -7.4165028619228845 
	 5.0055800000000001 	 -7.4248116692071626 
	 5.0149750000000006 	 -7.4329831452483379 
	 5.0243700000000002 	 -7.4409719798409295 
	 5.0337649999999989 	 -7.4490281564245890 
	 5.0431600000000003 	 -7.4570596584625193 
	 5.0525549999999999 	 -7.4646450570714151 
	 5.0619499999999995 	 -7.4721612466406597 
	 5.0713449999999991 	 -7.4795356538914692 
	 5.0807400000000005 	 -7.4867891484078202 
	 5.0901350000000001 	 -7.4939329067081841 
	 5.0995299999999997 	 -7.5009580626919377 
	 5.1089249999999993 	 -7.5078459680359204 
	 5.1183200000000006 	 -7.5145791402427653 
	 5.1277150000000002 	 -7.5212693031836615 
	 5.1371099999999998 	 -7.5278147149910923 
	 5.1465049999999994 	 -7.5342254389656071 
	 5.1558999999999999 	 -7.5405215421979879 
	 5.1652949999999995 	 -7.5467052904610501 
	 5.1746900000000000 	 -7.5527844242771707 
	 5.1840849999999996 	 -7.5587526104508838 
	 5.1934800000000001 	 -7.5646135221014763 
	 5.2028749999999997 	 -7.5703680326212428 
	 5.2122700000000002 	 -7.5760177558830755 
	 5.2216649999999998 	 -7.5815643026088146 
	 5.2310600000000003 	 -7.5870091777969977 
	 5.2404549999999999 	 -7.5923538624468518 
	 5.2498499999999995 	 -7.5975998996129865 
	 5.2592449999999999 	 -7.6027489210864196 
	 5.2686400000000004 	 -7.6078014679059036 
	 5.2780350000000000 	 -7.6127705580639118 
	 5.2874299999999996 	 -7.6176477447599629 
	 5.2968249999999992 	 -7.6224141480573149 
	 5.3062200000000006 	 -7.6270685460788377 
	 5.3156150000000002 	 -7.6317874301970754 
	 5.3250099999999998 	 -7.6364287494033904 
	 5.3344049999999994 	 -7.6408322324137874 
	 5.3437999999999999 	 -7.6451419005476362 
	 5.3531950000000004 	 -7.6494056710724889 
	 5.3625900000000000 	 -7.6535806901315251 
	 5.3719849999999996 	 -7.6576780466512364 
	 5.3813800000000001 	 -7.6616967379550678 
	 5.3907749999999997 	 -7.6656382111073684 
	 5.4001700000000001 	 -7.6695042719946587 
	 5.4095649999999997 	 -7.6732960601722748 
	 5.4189600000000002 	 -7.6770148884214278 
	 5.4283549999999998 	 -7.6806620438670210 
	 5.4377500000000003 	 -7.6842388110074289 
	 5.4471449999999999 	 -7.6877464745494244 
	 5.4565400000000004 	 -7.6911862429166584 
	 5.4659350000000000 	 -7.6945593674678197 
	 5.4753299999999996 	 -7.6978670684772643 
	 5.4847250000000001 	 -7.7011105124453927 
	 5.4941200000000006 	 -7.7042909082315836 
	 5.5035150000000002 	 -7.7074094723615749 
	 5.5129099999999998 	 -7.7104673842629943 
	 5.5223049999999994 	 -7.7134658206481266 
	 5.5317000000000007 	 -7.7164058952127714 
	 5.5410950000000003 	 -7.7192885977048640 
	 5.5504899999999999 	 -7.7221149176861852 
	 5.5598849999999995 	 -7.7248859259917513 
	 5.5692800000000009 	 -7.7276027620481562 
	 5.5786750000000005 	 -7.7302662700993778 
	 5.5880700000000001 	 -7.7328774740015067 
	 5.5974649999999997 	 -7.7354386469579701 
	 5.6068600000000011 	 -7.7379498921500263 
	 5.6162549999999998 	 -7.7404103586665016 
	 5.6256499999999994 	 -7.7428224359088400 
	 5.6350449999999999 	 -7.7451854825792088 
	 5.6444399999999995 	 -7.7475020495176379 
	 5.6538349999999999 	 -7.7497810204099045 
	 5.6632300000000004 	 -7.7520157317916025 
	 5.6726250000000000 	 -7.7541984605828738 
	 5.6820199999999996 	 -7.7563393534053660 
	 5.6914149999999992 	 -7.7584361021587602 
	 5.7008099999999997 	 -7.7604922467427766 
	 5.7102050000000002 	 -7.7625107875268995 
	 5.7195999999999998 	 -7.7644899538774954 
	 5.7289949999999994 	 -7.7664283798067082 
	 5.7383899999999999 	 -7.7683289640437101 
	 5.7477850000000004 	 -7.7701889535050634 
	 5.7571800000000000 	 -7.7720154513590716 
	 5.7665749999999996 	 -7.7738040180005212 
	 5.7759699999999992 	 -7.7755681693355134 
	 5.7853649999999996 	 -7.7772568377929820 
	 5.7947600000000001 	 -7.7790839947078840 
	 5.8041549999999997 	 -7.7808923830744456 
	 5.8135500000000002 	 -7.7824806068605463 
	 5.8229449999999998 	 -7.7840789841053857 
	 5.8323400000000003 	 -7.7856351972519819 
	 5.8417349999999999 	 -7.7871637501135513 
	 5.8511299999999995 	 -7.7886617581068407 
	 5.8605250000000000 	 -7.7901307698687017 
	 5.8699199999999996 	 -7.7915710199479928 
	 5.8793150000000001 	 -7.7929773830582505 
	 5.8887100000000006 	 -7.7943531090416078 
	 5.8981050000000002 	 -7.7957040169837581 
	 5.9074999999999998 	 -7.7970346238098953 
	 5.9168950000000002 	 -7.7983406107528443 
	 5.9262899999999998 	 -7.7996208579149933 
	 5.9356850000000003 	 -7.8008764632036609 
	 5.9450799999999999 	 -7.8021077052195285 
	 5.9544749999999995 	 -7.8033151334092619 
	 5.9638700000000000 	 -7.8044992576307557 
	 5.9732650000000005 	 -7.8056605379330763 
	 5.9826600000000001 	 -7.8067994360608619 
	 5.9920549999999997 	 -7.8079163972055587 
	 6.0014499999999993 	 -7.8090118988114590 
	 6.0108449999999998 	 -7.8100863236819098 
	 6.0202400000000003 	 -7.8111401877180136 
	 6.0296349999999999 	 -7.8121738365595714 
	 6.0390300000000003 	 -7.8131824016818143 
	 6.0484249999999999 	 -7.8141710806161759 
	 6.0578200000000004 	 -7.8151407831217465 
	 6.0672150000000000 	 -7.8160916963585549 
	 6.0766099999999996 	 -7.8170241269228962 
	 6.0860050000000001 	 -7.8179389860949140 
	 6.0953999999999997 	 -7.8188359764414930 
	 6.1047950000000002 	 -7.8197139392903852 
	 6.1141900000000007 	 -7.8205802615143858 
	 6.1235850000000003 	 -7.8214128711302102 
	 6.1329799999999999 	 -7.8222447324788105 
	 6.1423750000000004 	 -7.8231017884404848 
	 6.1517700000000000 	 -7.8238933249497844 
	 6.1611650000000004 	 -7.8246766338500322 
	 6.1705600000000000 	 -7.8254399599501756 
	 6.1799549999999996 	 -7.8261928194089929 
	 6.1893500000000010 	 -7.8269308266267199 
	 6.1987450000000006 	 -7.8276580113992260 
	 6.2081400000000002 	 -7.8283333227316225 
	 6.2175349999999998 	 -7.8290249847580577 
	 6.2269299999999994 	 -7.8297120439662589 
	 6.2363250000000008 	 -7.8303816703148650 
	 6.2457200000000004 	 -7.8310391739704208 
	 6.2551150000000000 	 -7.8316827017245085 
	 6.2645100000000005 	 -7.8323139306485032 
	 6.2739050000000010 	 -7.8329328292040818 
	 6.2833000000000006 	 -7.8335443993774634 
	 6.2926950000000001 	 -7.8341473857070278 
	 6.3020899999999997 	 -7.8347221187471794 
	 6.3114850000000002 	 -7.8352904000494137 
	 6.3208800000000007 	 -7.8358960457685223 
	 6.3302750000000003 	 -7.8364611143806133 
	 6.3396700000000008 	 -7.8369990145898871 
	 6.3490650000000004 	 -7.8375365979805176 
	 6.3584600000000000 	 -7.8380652446529924 
	 6.3678550000000005 	 -7.8385841188284111 
	 6.3772500000000001 	 -7.8390939514108382 
	 6.3866450000000006 	 -7.8395946807146339 
	 6.3960400000000002 	 -7.8400867021973477 
	 6.4054350000000007 	 -7.8405699875377399 
	 6.4148300000000011 	 -7.8410443578170783 
	 6.4242250000000007 	 -7.8415115503137676 
	 6.4336200000000003 	 -7.8419736649834952 
	 6.4430149999999999 	 -7.8424294470160456 
	 6.4524100000000004 	 -7.8428765706473582 
	 6.4618050000000009 	 -7.8433164860751408 
	 6.4712000000000005 	 -7.8437504090454704 
	 6.4805950000000001 	 -7.8441712370165284 
	 6.4899900000000006 	 -7.8445751155126899 
	 6.4993849999999993 	 -7.8449729387718179 
	 6.5087799999999998 	 -7.8453742063945731 
	 6.5181749999999994 	 -7.8457693137445164 
	 6.5275699999999990 	 -7.8461569034835232 
	 6.5369650000000004 	 -7.8465393086064417 
	 6.5463600000000000 	 -7.8469139953779079 
	 6.5557549999999996 	 -7.8472766982153441 
	 6.5651499999999992 	 -7.8476306757037566 
	 6.5745449999999988 	 -7.8479842048225166 
	 6.5839400000000001 	 -7.8483317092704494 
	 6.5933349999999997 	 -7.8486834932819667 
	 6.6027299999999993 	 -7.8490383083431539 
	 6.6121249999999998 	 -7.8493670505171824 
	 6.6215199999999994 	 -7.8496935455100143 
	 6.6309149999999999 	 -7.8500137190243588 
	 6.6403099999999995 	 -7.8503286141598387 
	 6.6497049999999991 	 -7.8506381562747105 
	 6.6590999999999996 	 -7.8509424649808368 
	 6.6684950000000001 	 -7.8512416419741378 
	 6.6778899999999997 	 -7.8515357822015783 
	 6.6872850000000001 	 -7.8518249726850957 
	 6.6966799999999997 	 -7.8521093636545816 
	 6.7060749999999993 	 -7.8523889697672278 
	 6.7154699999999998 	 -7.8526637638376418 
	 6.7248649999999994 	 -7.8529345173898699 
	 6.7342599999999999 	 -7.8531988537893227 
	 6.7436549999999995 	 -7.8534582577346308 
	 6.7530500000000000 	 -7.8537222352211877 
	 6.7624450000000005 	 -7.8539572789763064 
	 6.7718400000000001 	 -7.8542501689452546 
	 6.7812349999999997 	 -7.8546910266430556 
	 6.7906299999999993 	 -7.8549140824987687 
	 6.8000249999999998 	 -7.8551508969782269 
	 6.8094200000000003 	 -7.8553819196422108 
	 6.8188149999999998 	 -7.8556088065833283 
	 6.8282099999999994 	 -7.8558324225637053 
	 6.8376049999999999 	 -7.8560523674824738 
	 6.8469999999999995 	 -7.8562685304224127 
	 6.8563950000000000 	 -7.8564827832684072 
	 6.8657899999999996 	 -7.8566886289883957 
	 6.8751849999999992 	 -7.8569253285565130 
	 6.8845799999999997 	 -7.8571558355141402 
	 6.8939750000000002 	 -7.8573528323549962 
	 6.9033699999999998 	 -7.8575522797740929 
	 6.9127650000000003 	 -7.8577524475061624 
	 6.9221599999999999 	 -7.8579577561387168 
	 6.9315549999999995 	 -7.8581463611136781 
	 6.9409500000000000 	 -7.8583333467190570 
	 6.9503449999999996 	 -7.8585189919729670 
	 6.9597400000000000 	 -7.8587011031769540 
	 6.9691349999999996 	 -7.8588800131506780 
	 6.9785299999999992 	 -7.8590564499932585 
	 6.9879250000000006 	 -7.8592302878937996 
	 6.9973200000000002 	 -7.8594014588904244 
	 7.0067149999999998 	 -7.8595703680947233 
	 7.0161099999999994 	 -7.8597365825095675 
	 7.0255049999999990 	 -7.8598994444955705 
	 7.0349000000000004 	 -7.8600636218352529 
	 7.0442950000000000 	 -7.8602264716961994 
	 7.0536899999999996 	 -7.8603826123387952 
	 7.0630850000000001 	 -7.8605360083199693 
	 7.0724800000000005 	 -7.8606883457554249 
	 7.0818750000000001 	 -7.8608382803248835 
	 7.0912699999999997 	 -7.8609859962752173 
	 7.1006649999999993 	 -7.8611317455291330 
	 7.1100599999999998 	 -7.8612769528223225 
	 7.1194550000000003 	 -7.8614184281579362 
	 7.1288499999999999 	 -7.8615576667201594 
	 7.1382450000000004 	 -7.8616951585520862 
	 7.1476400000000000 	 -7.8618306451107758 
	 7.1570350000000005 	 -7.8619641064742991 
	 7.1664300000000001 	 -7.8620956258314898 
	 7.1758249999999997 	 -7.8622252839852926 
	 7.1852200000000002 	 -7.8623531230694805 
	 7.1946149999999998 	 -7.8624791569797292 
	 7.2040100000000002 	 -7.8626033994222535 
	 7.2134050000000007 	 -7.8627258790561019 
	 7.2228000000000003 	 -7.8628466337584895 
	 7.2321949999999999 	 -7.8629656864396891 
	 7.2415900000000004 	 -7.8630830671399199 
	 7.2509850000000000 	 -7.8631988015274104 
	 7.2603800000000005 	 -7.8633129258687910 
	 7.2697750000000001 	 -7.8634254595058222 
	 7.2791699999999997 	 -7.8635363386686841 
	 7.2885650000000002 	 -7.8636462732139503 
	 7.2979600000000007 	 -7.8637507103280617 
	 7.3073550000000003 	 -7.8638640074262574 
	 7.3167499999999999 	 -7.8639212805702083 
	 7.3261449999999995 	 -7.8640020621091997 
	 7.3355399999999999 	 -7.8641104833919950 
	 7.3449350000000004 	 -7.8642091970565238 
	 7.3543300000000000 	 -7.8643089263443420 
	 7.3637250000000005 	 -7.8644069971862800 
	 7.3731200000000001 	 -7.8645046548388935 
	 7.3825150000000006 	 -7.8646002517974978 
	 7.3919100000000002 	 -7.8646919635266279 
	 7.4013049999999998 	 -7.8647869813134728 
	 7.4107000000000003 	 -7.8648923538532429 
	 7.4200949999999999 	 -7.8649820958029339 
	 7.4294900000000004 	 -7.8650712160920726 
	 7.4388850000000009 	 -7.8651594509788465 
	 7.4482800000000005 	 -7.8652460442812790 
	 7.4576750000000001 	 -7.8653317817478863 
	 7.4670700000000005 	 -7.8654155422770700 
	 7.4764650000000001 	 -7.8654975418967714 
	 7.4858600000000006 	 -7.8655790748561820 
	 7.4952550000000002 	 -7.8656604068673763 
	 7.5046499999999998 	 -7.8657410531650829 
	 7.5140450000000012 	 -7.8658205258129454 
	 7.5234400000000008 	 -7.8658987758610888 
	 7.5328350000000004 	 -7.8659761267687136 
	 7.5422300000000000 	 -7.8660523559498943 
	 7.5516249999999996 	 -7.8661280171258667 
	 7.5610200000000010 	 -7.8662039903144301 
	 7.5704150000000006 	 -7.8662755254647703 
	 7.5798100000000002 	 -7.8663480752466919 
	 7.5892050000000006 	 -7.8664453722350185 
	 7.5986000000000002 	 -7.8665122532971790 
	 7.6079950000000007 	 -7.8665042185760150 
	 7.6173900000000003 	 -7.8665559908818068 
	 7.6267849999999999 	 -7.8666350485894316 
	 7.6361800000000004 	 -7.8666992656713672 
	 7.6455750000000009 	 -7.8667657998534946 
	 7.6549700000000005 	 -7.8668207917385322 
	 7.6643650000000010 	 -7.8668763311843035 
	 7.6737599999999988 	 -7.8669909996876548 
	 7.6831549999999993 	 -7.8671569006967230 
	 7.6925499999999998 	 -7.8672782418848417 
	 7.7019449999999994 	 -7.8673336168241166 
	 7.7113399999999999 	 -7.8673974512632601 
	 7.7207349999999995 	 -7.8674585740035008 
	 7.7301299999999991 	 -7.8675194385265996 
	 7.7395249999999995 	 -7.8675796947837489 
	 7.7489199999999991 	 -7.8676391474337972 
	 7.7583149999999996 	 -7.8676980026502674 
	 7.7677099999999992 	 -7.8677562930133353 
	 7.7771049999999997 	 -7.8678139900754500 
	 7.7865000000000002 	 -7.8678710699044050 
	 7.7958949999999998 	 -7.8679275549281629 
	 7.8052899999999994 	 -7.8679834657182397 
	 7.8146849999999990 	 -7.8680388013231868 
	 7.8240799999999995 	 -7.8680935700414878 
	 7.8334750000000000 	 -7.8681477896542003 
	 7.8428699999999996 	 -7.8682014649409000 
	 7.8522649999999992 	 -7.8682545820230310 
	 7.8616600000000005 	 -7.8683071560106654 
	 7.8710550000000001 	 -7.8683592623447947 
	 7.8804499999999997 	 -7.8684107989115661 
	 7.8898449999999993 	 -7.8684615497772503 
	 7.8992399999999989 	 -7.8685121109268366 
	 7.9086350000000003 	 -7.8685616551643802 
	 7.9180299999999999 	 -7.8686113826755593 
	 7.9274249999999995 	 -7.8686616533583305 
	 7.9368200000000000 	 -7.8687021991933550 
	 7.9462149999999996 	 -7.8687369848001225 
	 7.9556100000000001 	 -7.8687798021619209 
	 7.9650049999999997 	 -7.8688269908141564 
	 7.9743999999999993 	 -7.8688723558727620 
	 7.9837949999999998 	 -7.8689176978743127 
	 7.9931900000000002 	 -7.8689627007216529 
	 8.0025849999999998 	 -7.8690071392026830 
	 8.0119799999999994 	 -7.8690511190495389 
	 8.0213749999999990 	 -7.8690947162877647 
	 8.0307700000000004 	 -7.8691379005378801 
	 8.0401650000000000 	 -7.8691806726804048 
	 8.0495599999999996 	 -7.8692230458224959 
	 8.0589549999999992 	 -7.8692650107276920 
	 8.0683500000000006 	 -7.8693064362445480 
	 8.0777450000000002 	 -7.8693474427449219 
	 8.0871399999999998 	 -7.8693881090583977 
	 8.0965349999999994 	 -7.8694282501991131 
	 8.1059300000000007 	 -7.8694685590610947 
	 8.1153250000000003 	 -7.8695060477595087 
	 8.1247199999999999 	 -7.8695435910346561 
	 8.1341149999999995 	 -7.8695915264103107 
	 8.1435099999999991 	 -7.8696476651764744 
	 8.1529050000000005 	 -7.8696950204627036 
	 8.1623000000000001 	 -7.8697314556150291 
	 8.1716949999999997 	 -7.8697684969751007 
	 8.1810899999999993 	 -7.8698066550560259 
	 8.1904849999999989 	 -7.8698541117587224 
	 8.1998800000000003 	 -7.8698907459365612 
	 8.2092749999999999 	 -7.8699273050515615 
	 8.2186699999999995 	 -7.8699634307879593 
	 8.2280649999999991 	 -7.8700002918998386 
	 8.2374600000000004 	 -7.8700317170111074 
	 8.2468550000000000 	 -7.8700951274395319 
	 8.2562499999999996 	 -7.8701419074869774 
	 8.2656449999999992 	 -7.8701816086319152 
	 8.2750399999999988 	 -7.8702240253432221 
	 8.2844350000000002 	 -7.8702574472511504 
	 8.2938299999999998 	 -7.8702936891366591 
	 8.3032249999999994 	 -7.8703259933533865 
	 8.3126200000000008 	 -7.8703680446751081 
	 8.3220150000000004 	 -7.8704277313235735 
	 8.3314100000000000 	 -7.8704637182641566 
	 8.3408049999999996 	 -7.8704909393901623 
	 8.3501999999999992 	 -7.8705244945864372 
	 8.3595950000000006 	 -7.8705574615208311 
	 8.3689900000000002 	 -7.8705901470512627 
	 8.3783849999999997 	 -7.8706226077406001 
	 8.3877800000000011 	 -7.8706547887271423 
	 8.3971750000000007 	 -7.8706867196704655 
	 8.4065700000000003 	 -7.8707184003536046 
	 8.4159649999999999 	 -7.8707498361097565 
	 8.4253599999999995 	 -7.8707810258000244 
	 8.4347550000000009 	 -7.8708119755480368 
	 8.4441500000000005 	 -7.8708426914614193 
	 8.4535450000000001 	 -7.8708731745850171 
	 8.4629399999999997 	 -7.8709034287027295 
	 8.4723350000000011 	 -7.8709334574915566 
	 8.4817300000000007 	 -7.8709632582216678 
	 8.4911250000000003 	 -7.8709928445633075 
	 8.5005199999999999 	 -7.8710222159540084 
	 8.5099149999999995 	 -7.8710513711723795 
	 8.5193100000000008 	 -7.8710803200427319 
	 8.5287050000000004 	 -7.8711090617529571 
	 8.5381000000000000 	 -7.8711375980475520 
	 8.5474949999999996 	 -7.8711659326783190 
	 8.5568900000000010 	 -7.8711940692481042 
	 8.5662850000000006 	 -7.8712220100803645 
	 8.5756800000000002 	 -7.8712497578799905 
	 8.5850749999999998 	 -7.8712773159500404 
	 8.5944700000000012 	 -7.8713046855051187 
	 8.6038650000000008 	 -7.8713318684776059 
	 8.6132600000000004 	 -7.8713588696084296 
	 8.6226550000000000 	 -7.8713856937076487 
	 8.6320499999999996 	 -7.8714123393237809 
	 8.6414450000000009 	 -7.8714388059114251 
	 8.6508400000000005 	 -7.8714651052472613 
	 8.6602350000000001 	 -7.8714912283270460 
	 8.6696299999999997 	 -7.8715171816012646 
	 8.6790249999999993 	 -7.8715429675345110 
	 8.6884200000000007 	 -7.8715685879757027 
	 8.6978150000000003 	 -7.8715940496017218 
	 8.7072099999999999 	 -7.8716193476523628 
	 8.7166049999999995 	 -7.8716444849130740 
	 8.7259999999999991 	 -7.8716694655576385 
	 8.7353950000000005 	 -7.8716942909227718 
	 8.7447900000000001 	 -7.8717189662306364 
	 8.7541850000000014 	 -7.8717434893158202 
	 8.7635800000000010 	 -7.8717678572885177 
	 8.7729750000000006 	 -7.8717920784240345 
	 8.7823700000000002 	 -7.8718161560714135 
	 8.7917649999999998 	 -7.8718400873810994 
	 8.8011599999999994 	 -7.8718638742276354 
	 8.8105549999999990 	 -7.8718875188585304 
	 8.8199500000000022 	 -7.8719110228940856 
	 8.8293450000000018 	 -7.8719343881492634 
	 8.8387400000000014 	 -7.8719576155432796 
	 8.8481349999999992 	 -7.8719807030397035 
	 8.8575299999999988 	 -7.8720036569391514 
	 8.8669249999999984 	 -7.8720264796689801 
	 8.8763199999999998 	 -7.8720491650142845 
	 8.8857149999999994 	 -7.8720717175628918 
	 8.8951099999999990 	 -7.8720941411076453 
	 8.9045050000000003 	 -7.8721164335303371 
	 8.9138999999999999 	 -7.8721385942874225 
	 8.9232949999999995 	 -7.8721606274431020 
	 8.9326899999999991 	 -7.8721825356471333 
	 8.9420850000000005 	 -7.8722043138859412 
	 8.9514800000000001 	 -7.8722259630421787 
	 8.9608749999999997 	 -7.8722474861819780 
	 8.9702699999999993 	 -7.8722688853756129 
	 8.9796649999999989 	 -7.8722901566611299 
	 8.9890599999999985 	 -7.8723112916177271 
	 8.9984549999999999 	 -7.8723323516890318 
	 9.0078499999999995 	 -7.8723530276461249 
	 9.0172449999999991 	 -7.8723747072763031 
	 9.0266400000000004 	 -7.8723894981514837 
	 9.0360350000000000 	 -7.8724069391732669 
	 9.0454299999999996 	 -7.8724288887430696 
	 9.0548249999999992 	 -7.8724459817611852 
	 9.0642199999999988 	 -7.8724632473216998 
	 9.0736149999999984 	 -7.8724966469155815 
	 9.0830099999999980 	 -7.8725443349865838 
	 9.0924050000000012 	 -7.8725799557081082 
	 9.1018000000000008 	 -7.8725969720728886 
	 9.1111950000000004 	 -7.8726163025594786 
	 9.1205900000000000 	 -7.8726349438766583 
	 9.1299849999999996 	 -7.8726534654103943 
	 9.1393799999999992 	 -7.8726719811230623 
	 9.1487749999999988 	 -7.8726902707522157 
	 9.1581699999999984 	 -7.8727083913506402 
	 9.1675649999999997 	 -7.8727263653313670 
	 9.1769600000000011 	 -7.8727441718820739 
	 9.1863550000000007 	 -7.8727618115148399 
	 9.1957500000000003 	 -7.8727792516958663 
	 9.2051449999999999 	 -7.8727964962773340 
	 9.2145399999999995 	 -7.8728135998322246 
	 9.2239349999999991 	 -7.8728306046137906 
	 9.2333299999999987 	 -7.8728471207545541 
	 9.2427250000000001 	 -7.8728641751682931 
	 9.2521200000000015 	 -7.8728787631609345 
	 9.2615150000000011 	 -7.8728884343394014 
	 9.2709100000000007 	 -7.8729049505907671 
	 9.2803050000000002 	 -7.8729204891526114 
	 9.2896999999999998 	 -7.8729358652174835 
	 9.2990949999999994 	 -7.8729509355285616 
	 9.3084899999999990 	 -7.8729656380254811 
	 9.3178849999999986 	 -7.8729799035521211 
	 9.3272800000000000 	 -7.8729934186382771 
	 9.3366749999999996 	 -7.8730073535683536 
	 9.3460700000000010 	 -7.8730224203038857 
	 9.3554650000000006 	 -7.8730359354629416 
	 9.3648600000000002 	 -7.8730523773873715 
	 9.3742549999999998 	 -7.8730686358630706 
	 9.3836499999999994 	 -7.8730801533280097 
	 9.3930450000000008 	 -7.8730924000718581 
	 9.4024400000000004 	 -7.8731046797459037 
	 9.4118350000000000 	 -7.8731164817328851 
	 9.4212299999999995 	 -7.8731282820737878 
	 9.4306249999999991 	 -7.8731401128969143 
	 9.4400200000000005 	 -7.8731521208397846 
	 9.4494150000000001 	 -7.8731644355863457 
	 9.4588099999999997 	 -7.8731772091611276 
	 9.4682049999999993 	 -7.8731905792211618 
	 9.4776000000000007 	 -7.8732046711394164 
	 9.4869950000000003 	 -7.8732196037641380 
	 9.4963899999999999 	 -7.8732354259518402 
	 9.5057849999999995 	 -7.8732521616760378 
	 9.5151799999999991 	 -7.8732698251534776 
	 9.5245749999999987 	 -7.8732883743140629 
	 9.5339700000000001 	 -7.8733077279594958 
	 9.5433650000000014 	 -7.8733277948468485 
	 9.5527600000000010 	 -7.8733484646213840 
	 9.5621550000000006 	 -7.8733696232398653 
	 9.5715500000000002 	 -7.8733911678060879 
	 9.5809449999999998 	 -7.8734129905222332 
	 9.5903399999999994 	 -7.8734349878979355 
	 9.5997349999999990 	 -7.8734570715584873 
	 9.6091299999999986 	 -7.8734791559188437 
	 9.6185250000000000 	 -7.8735011631693821 
	 9.6279200000000014 	 -7.8735230566184029 
	 9.6373150000000010 	 -7.8735448105676094 
	 9.6467100000000006 	 -7.8735663827501101 
	 9.6561050000000002 	 -7.8735877556397496 
	 9.6654999999999998 	 -7.8736089189146412 
	 9.6748949999999994 	 -7.8736298587532101 
	 9.6842899999999990 	 -7.8736505760862601 
	 9.6936850000000003 	 -7.8736710732472623 
	 9.7030800000000017 	 -7.8736913426113277 
	 9.7124750000000013 	 -7.8737114038576426 
	 9.7218700000000009 	 -7.8737312671824418 
	 9.7312650000000005 	 -7.8737508964550935 
	 9.7406600000000001 	 -7.8737703317305501 
	 9.7500549999999997 	 -7.8737895640170823 
	 9.7594499999999993 	 -7.8738086091721531 
	 9.7688449999999989 	 -7.8738274741814953 
	 9.7782400000000003 	 -7.8738461310207262 
	 9.7876350000000016 	 -7.8738649543630830 
	 9.7970300000000012 	 -7.8738839538591368 
	 9.8064250000000008 	 -7.8739029008815660 
	 9.8158200000000004 	 -7.8739215933675046 
	 9.8252150000000000 	 -7.8739401874000254 
	 9.8346099999999996 	 -7.8739587061695158 
	 9.8440050000000010 	 -7.8739770359100101 
	 9.8534000000000006 	 -7.8739952127253234 
	 9.8627950000000002 	 -7.8740132299559749 
	 9.8721899999999998 	 -7.8740311014249063 
	 9.8815850000000012 	 -7.8740488253119327 
	 9.8909800000000008 	 -7.8740664083017906 
	 9.9003750000000004 	 -7.8740838474513390 
	 9.9097700000000000 	 -7.8741011529482208 
	 9.9191649999999996 	 -7.8741183290394101 
	 9.9285600000000009 	 -7.8741353693038425 
	 9.9379550000000005 	 -7.8741522864567388 
	 9.9473500000000001 	 -7.8741690749356623 
	 9.9567449999999997 	 -7.8741857423428447 
	 9.9661400000000011 	 -7.8742022831320462 
	 9.9755350000000007 	 -7.8742187075550616 
	 9.9849300000000003 	 -7.8742350128615941 
	 9.9943250000000017 	 -7.8742511991515061 
	 10.0037200000000013 	 -7.8742672732660726 
	 10.0131150000000009 	 -7.8742832303105024 
	 10.0225099999999987 	 -7.8742990728859663 
	 10.0319049999999983 	 -7.8743148021193621 
	 10.0412999999999979 	 -7.8743304260347875 
	 10.0506950000000010 	 -7.8743459335805257 
	 10.0600900000000006 	 -7.8743613299905766 
	 10.0694850000000002 	 -7.8743766209385431 
	 10.0788799999999998 	 -7.8743918024814974 
	 10.0882749999999994 	 -7.8744068746170424 
	 10.0976699999999990 	 -7.8744218372098107 
	 10.1070649999999986 	 -7.8744366979391041 
	 10.1164600000000000 	 -7.8744514521349851 
	 10.1258549999999996 	 -7.8744661021372364 
	 10.1352499999999992 	 -7.8744806445322331 
	 10.1446450000000006 	 -7.8744950850167088 
	 10.1540400000000002 	 -7.8745094247280294 
	 10.1634349999999998 	 -7.8745236565989067 
	 10.1728299999999994 	 -7.8745377926908438 
	 10.1822249999999990 	 -7.8745518101942302 
	 10.1916199999999986 	 -7.8745657687650894 
	 10.2010149999999999 	 -7.8745798883243925 
	 10.2104099999999995 	 -7.8745941020837460 
	 10.2198049999999991 	 -7.8746082955756105 
	 10.2291999999999987 	 -7.8746223543324376 
	 10.2385950000000001 	 -7.8746361638866853 
	 10.2479899999999997 	 -7.8746496097708096 
	 10.2573849999999993 	 -7.8746625775172658 
	 10.2667800000000007 	 -7.8746749526585136 
	 10.2761750000000003 	 -7.8746866207270054 
	 10.2855699999999999 	 -7.8746974672551975 
	 10.2949649999999995 	 -7.8747073777755476 
	 10.3043599999999991 	 -7.8747162408652489 
	 10.3137550000000005 	 -7.8747240285256490 
	 10.3231500000000000 	 -7.8747308043814348 
	 10.3325449999999996 	 -7.8747366367463760 
	 10.3419399999999992 	 -7.8747415939342522 
	 10.3513350000000006 	 -7.8747457442588304 
	 10.3607300000000002 	 -7.8747491560338956 
	 10.3701249999999998 	 -7.8747518975732156 
	 10.3795199999999994 	 -7.8747540371905664 
	 10.3889149999999990 	 -7.8747556431997214 
	 10.3983099999999986 	 -7.8747567839144548 
	 10.4077050000000000 	 -7.8747575262279117 
	 10.4171000000000014 	 -7.8747579271864376 
	 10.4264950000000010 	 -7.8747580396660464 
	 10.4358900000000006 	 -7.8747579165277628 
	 10.4452850000000002 	 -7.8747576106326038 
	 10.4546799999999998 	 -7.8747571748415952 
	 10.4640749999999993 	 -7.8747566620157592 
	 10.4734699999999989 	 -7.8747561250161162 
	 10.4828649999999985 	 -7.8747556167036858 
	 10.4922599999999981 	 -7.8747551899394912 
	 10.5016550000000013 	 -7.8747548976152348 
	 10.5110500000000009 	 -7.8747548016307007 
	 10.5204450000000005 	 -7.8747549853805605 
	 10.5298400000000001 	 -7.8747555353974166 
	 10.5392349999999997 	 -7.8747565382138793 
	 10.5486299999999993 	 -7.8747580803625512 
	 10.5580249999999989 	 -7.8747602483760479 
	 10.5674200000000003 	 -7.8747631287869684 
	 10.5768149999999999 	 -7.8747668081279247 
	 10.5862100000000012 	 -7.8747713729315247 
	 10.5956050000000008 	 -7.8747769097303699 
	 10.6050000000000004 	 -7.8747834991540895 
	 10.6143949999999982 	 -7.8747911045813437 
	 10.6237899999999996 	 -7.8747995815887446 
	 10.6331849999999992 	 -7.8748087817438837 
	 10.6425799999999988 	 -7.8748185566143434 
	 10.6519749999999984 	 -7.8748287577677196 
	 10.6613699999999998 	 -7.8748392367715985 
	 10.6707649999999994 	 -7.8748498451935722 
	 10.6801600000000008 	 -7.8748604346012261 
	 10.6895550000000004 	 -7.8748708565621559 
	 10.6989500000000000 	 -7.8748809626439460 
	 10.7083449999999996 	 -7.8748906521163446 
	 10.7177400000000009 	 -7.8749000917087955 
	 10.7271349999999988 	 -7.8749095413078445 
	 10.7365300000000001 	 -7.8749192608950569 
	 10.7459249999999980 	 -7.8749295104520014 
	 10.7553199999999993 	 -7.8749405499602467 
	 10.7647149999999989 	 -7.8749526394013616 
	 10.7741100000000003 	 -7.8749660387569138 
	 10.7835049999999999 	 -7.8749810080084668 
	 10.7928999999999995 	 -7.8749978071375928 
	 10.8022949999999991 	 -7.8750166943946702 
	 10.8116900000000005 	 -7.8750377061634831 
	 10.8210849999999983 	 -7.8750604410980900 
	 10.8304799999999997 	 -7.8750844465934353 
	 10.8398749999999993 	 -7.8751092700444616 
	 10.8492700000000006 	 -7.8751344588461123 
	 10.8586650000000002 	 -7.8751595603933309 
	 10.8680600000000016 	 -7.8751841220810643 
	 10.8774549999999994 	 -7.8752076913042526 
	 10.8868500000000008 	 -7.8752298154578400 
	 10.8962449999999986 	 -7.8752500419367735 
	 10.9056400000000000 	 -7.8752679438748316 
	 10.9150349999999978 	 -7.8752834790484618 
	 10.9244299999999992 	 -7.8752969010841172 
	 10.9338249999999988 	 -7.8753084712041792 
	 10.9432200000000002 	 -7.8753184506310356 
	 10.9526149999999998 	 -7.8753271005870751 
	 10.9620100000000011 	 -7.8753346822946844 
	 10.9714049999999990 	 -7.8753414569762441 
	 10.9808000000000003 	 -7.8753476858541500 
	 10.9901949999999999 	 -7.8753536301507809 
	 10.9995899999999995 	 -7.8753595510885290 
	 11.0089849999999991 	 -7.8753656668722343 
	 11.0183800000000005 	 -7.8753719995395297 
	 11.0277750000000001 	 -7.8753785152415219 
	 11.0371700000000015 	 -7.8753851801252290 
	 11.0465649999999993 	 -7.8753919603376676 
	 11.0559600000000007 	 -7.8753988220258595 
	 11.0653549999999985 	 -7.8754057313368184 
	 11.0747499999999999 	 -7.8754126544175671 
	 11.0841449999999995 	 -7.8754195574151229 
	 11.0935399999999991 	 -7.8754264064765014 
	 11.1029349999999987 	 -7.8754331679703302 
	 11.1123300000000000 	 -7.8754398238092245 
	 11.1217249999999996 	 -7.8754463813887270 
	 11.1311200000000010 	 -7.8754528504673491 
	 11.1405150000000006 	 -7.8754592408036022 
	 11.1499100000000002 	 -7.8754655621559921 
	 11.1593049999999998 	 -7.8754718242830322 
	 11.1687000000000012 	 -7.8754780369432318 
	 11.1780949999999990 	 -7.8754842098950988 
	 11.1874900000000004 	 -7.8754903528971454 
	 11.1968849999999982 	 -7.8754964757078803 
	 11.2062799999999996 	 -7.8755025874620239 
	 11.2156749999999992 	 -7.8755086900892532 
	 11.2250700000000005 	 -7.8755147808928054 
	 11.2344650000000001 	 -7.8755208570997937 
	 11.2438599999999997 	 -7.8755269159373276 
	 11.2532549999999993 	 -7.8755329546325221 
	 11.2626500000000007 	 -7.8755389704124852 
	 11.2720449999999985 	 -7.8755449605043308 
	 11.2814399999999999 	 -7.8755509221351740 
	 11.2908350000000013 	 -7.8755568525321182 
	 11.3002300000000009 	 -7.8755627489222970 
	 11.3096250000000005 	 -7.8755686096653870 
	 11.3190200000000019 	 -7.8755744373306955 
	 11.3284149999999997 	 -7.8755802354653834 
	 11.3378100000000011 	 -7.8755860076166240 
	 11.3472049999999989 	 -7.8755917573315743 
	 11.3566000000000003 	 -7.8755974881574025 
	 11.3659949999999981 	 -7.8756032036412753 
	 11.3753899999999994 	 -7.8756089073303572 
	 11.3847850000000008 	 -7.8756146027718152 
	 11.3941800000000004 	 -7.8756202935128137 
	 11.4035750000000000 	 -7.8756259829790576 
	 11.4129700000000014 	 -7.8756316692821660 
	 11.4223649999999992 	 -7.8756373432668854 
	 11.4317600000000006 	 -7.8756429952539104 
	 11.4411550000000002 	 -7.8756486155639340 
	 11.4505499999999998 	 -7.8756541945176552 
	 11.4599449999999994 	 -7.8756597224357687 
	 11.4693400000000025 	 -7.8756651896389664 
	 11.4787350000000004 	 -7.8756705864479484 
	 11.4881300000000017 	 -7.8756759031834083 
	 11.4975249999999996 	 -7.8756811301660417 
	 11.5069200000000009 	 -7.8756862608092337 
	 11.5163149999999987 	 -7.8756913166858968 
	 11.5257100000000001 	 -7.8756963344117787 
	 11.5351049999999997 	 -7.8757013507441398 
	 11.5444999999999993 	 -7.8757064024402403 
	 11.5538950000000007 	 -7.8757115262573265 
	 11.5632900000000021 	 -7.8757167589526604 
	 11.5726849999999999 	 -7.8757221372834936 
	 11.5820800000000013 	 -7.8757276980070801 
	 11.5914750000000009 	 -7.8757334778806785 
	 11.6008700000000005 	 -7.8757395136386599 
	 11.6102650000000001 	 -7.8757458045199424 
	 11.6196600000000014 	 -7.8757522359088812 
	 11.6290549999999993 	 -7.8757586716598489 
	 11.6384500000000006 	 -7.8757649756272112 
	 11.6478450000000002 	 -7.8757710116653374 
	 11.6572400000000016 	 -7.8757766436285985 
	 11.6666349999999994 	 -7.8757817353713602 
	 11.6760300000000008 	 -7.8757861507479925 
	 11.6854250000000004 	 -7.8757897536128638 
	 11.6948200000000000 	 -7.8757924078203434 
	 11.7042149999999996 	 -7.8757939824242582 
	 11.7136100000000010 	 -7.8757945007216259 
	 11.7230049999999988 	 -7.8757941623836070 
	 11.7324000000000002 	 -7.8757931767319800 
	 11.7417950000000015 	 -7.8757917530885155 
	 11.7511900000000011 	 -7.8757901007749913 
	 11.7605850000000007 	 -7.8757884291131752 
	 11.7699800000000021 	 -7.8757869474248468 
	 11.7793749999999999 	 -7.8757858650317774 
	 11.7887699999999978 	 -7.8757853912557394 
	 11.7981649999999991 	 -7.8757857354185123 
	 11.8075599999999987 	 -7.8757870778931851 
	 11.8169549999999983 	 -7.8757893882922350 
	 11.8263499999999997 	 -7.8757925429979174 
	 11.8357450000000011 	 -7.8757964179785125 
	 11.8451399999999989 	 -7.8758008892023028 
	 11.8545350000000003 	 -7.8758058326375648 
	 11.8639299999999999 	 -7.8758111242525857 
	 11.8733249999999995 	 -7.8758166400156409 
	 11.8827199999999991 	 -7.8758222558950131 
	 11.8921150000000004 	 -7.8758278478589823 
	 11.9015099999999983 	 -7.8758332919696734 
	 11.9109049999999996 	 -7.8758384992610910 
	 11.9202999999999992 	 -7.8758434679580613 
	 11.9296950000000006 	 -7.8758482096477955 
	 11.9390899999999984 	 -7.8758527359175012 
	 11.9484849999999998 	 -7.8758570583543870 
	 11.9578799999999994 	 -7.8758611885456631 
	 11.9672749999999990 	 -7.8758651380785345 
	 11.9766699999999986 	 -7.8758689185402107 
	 11.9860650000000000 	 -7.8758725415179027 
	 11.9954599999999978 	 -7.8758760185988148 
	 12.0048550000000009 	 -7.8758793628894397 
	 12.0142500000000005 	 -7.8758826198353464 
	 12.0236450000000001 	 -7.8758858658372848 
	 12.0330399999999997 	 -7.8758891785383396 
	 12.0424350000000011 	 -7.8758926355815877 
	 12.0518299999999989 	 -7.8758963146101149 
	 12.0612250000000003 	 -7.8759002932669970 
	 12.0706199999999981 	 -7.8759046491953173 
	 12.0800149999999995 	 -7.8759094600381561 
	 12.0894099999999991 	 -7.8759148034385991 
	 12.0988050000000005 	 -7.8759207570397196 
	 12.1082000000000001 	 -7.8759273752685059 
	 12.1175949999999997 	 -7.8759345760574941 
	 12.1269899999999993 	 -7.8759422276190847 
	 12.1363850000000006 	 -7.8759501980938333 
	 12.1457799999999985 	 -7.8759583556222905 
	 12.1551749999999998 	 -7.8759665683450049 
	 12.1645699999999994 	 -7.8759747044025286 
	 12.1739649999999990 	 -7.8759826319354165 
	 12.1833600000000004 	 -7.8759902190842110 
	 12.1927550000000018 	 -7.8759973339894715 
	 12.2021499999999996 	 -7.8760038452129475 
	 12.2115450000000010 	 -7.8760096848479506 
	 12.2209399999999988 	 -7.8760149157885841 
	 12.2303350000000002 	 -7.8760196170461692 
	 12.2397299999999980 	 -7.8760238676320240 
	 12.2491249999999994 	 -7.8760277465574644 
	 12.2585199999999990 	 -7.8760313328338141 
	 12.2679150000000003 	 -7.8760347054723905 
	 12.2773099999999999 	 -7.8760379434845094 
	 12.2867050000000013 	 -7.8760411258814909 
	 12.2960999999999991 	 -7.8760443316746551 
	 12.3054950000000005 	 -7.8760476370173107 
	 12.3148900000000001 	 -7.8760510726298962 
	 12.3242849999999997 	 -7.8760546328413659 
	 12.3336799999999993 	 -7.8760583109588893 
	 12.3430750000000007 	 -7.8760621002896478 
	 12.3524700000000003 	 -7.8760659941408200 
	 12.3618650000000017 	 -7.8760699858195773 
	 12.3712599999999995 	 -7.8760740686331054 
	 12.3806550000000009 	 -7.8760782358885733 
	 12.3900499999999987 	 -7.8760824808931638 
	 12.3994450000000001 	 -7.8760867969540520 
	 12.4088399999999996 	 -7.8760911709095627 
	 12.4182349999999992 	 -7.8760955586944332 
	 12.4276299999999988 	 -7.8760999070253686 
	 12.4370250000000002 	 -7.8761041626174748 
	 12.4464199999999998 	 -7.8761082721858591 
	 12.4558150000000012 	 -7.8761121824456231 
	 12.4652100000000008 	 -7.8761158401118756 
	 12.4746050000000004 	 -7.8761191918997202 
	 12.4840000000000000 	 -7.8761221845242648 
	 12.4933950000000014 	 -7.8761247647006103 
	 12.5027899999999992 	 -7.8761268792136212 
	 12.5121850000000006 	 -7.8761284803798253 
	 12.5215799999999984 	 -7.8761295299694147 
	 12.5309750000000015 	 -7.8761299906780593 
	 12.5403699999999994 	 -7.8761298252014411 
	 12.5497650000000007 	 -7.8761289962352317 
	 12.5591600000000003 	 -7.8761274664751086 
	 12.5685549999999999 	 -7.8761251986167435 
	 12.5779499999999995 	 -7.8761221553558158 
	 12.5873450000000009 	 -7.8761182993879979 
	 12.5967399999999987 	 -7.8761135934089683 
	 12.6061350000000001 	 -7.8761080050241290 
	 12.6155299999999997 	 -7.8761015618394534 
	 12.6249250000000011 	 -7.8760943316066472 
	 12.6343200000000007 	 -7.8760863828140870 
	 12.6437150000000020 	 -7.8760777839501435 
	 12.6531099999999999 	 -7.8760686035031888 
	 12.6625050000000012 	 -7.8760589099615972 
	 12.6718999999999991 	 -7.8760487718137409 
	 12.6812950000000004 	 -7.8760382575479904 
	 12.6906899999999982 	 -7.8760274356527189 
	 12.7000849999999996 	 -7.8760163746162997 
	 12.7094800000000010 	 -7.8760051429271041 
	 12.7188750000000006 	 -7.8759938090735044 
	 12.7282700000000002 	 -7.8759824415438757 
	 12.7376650000000016 	 -7.8759711088265867 
	 12.7470599999999994 	 -7.8759598794100114 
	 12.7564550000000008 	 -7.8759488217825204 
	 12.7658500000000004 	 -7.8759380044324914 
	 12.7752450000000000 	 -7.8759274958482921 
	 12.7846399999999996 	 -7.8759173645182958 
	 12.7940350000000009 	 -7.8759076789308740 
	 12.8034300000000005 	 -7.8758985067951297 
	 12.8128250000000019 	 -7.8758898782010940 
	 12.8222199999999997 	 -7.8758817696521151 
	 12.8316150000000011 	 -7.8758741535529042 
	 12.8410099999999989 	 -7.8758670023081709 
	 12.8504050000000003 	 -7.8758602883226239 
	 12.8597999999999999 	 -7.8758539840009760 
	 12.8691949999999995 	 -7.8758480617479343 
	 12.8785899999999991 	 -7.8758424939682126 
	 12.8879850000000022 	 -7.8758372530665186 
	 12.8973800000000001 	 -7.8758323114475663 
	 12.9067750000000014 	 -7.8758276602783246 
	 12.9161700000000010 	 -7.8758234707631658 
	 12.9255650000000006 	 -7.8758200144135913 
	 12.9349600000000002 	 -7.8758175638261889 
	 12.9443550000000016 	 -7.8758163915975388 
	 12.9537499999999994 	 -7.8758167703242306 
	 12.9631449999999973 	 -7.8758189726028416 
	 12.9725400000000004 	 -7.8758232710299581 
	 12.9819350000000000 	 -7.8758299382021635 
	 12.9913299999999996 	 -7.8758392467160396 
	 13.0007249999999992 	 -7.8758514691193868 
	 13.0101200000000006 	 -7.8758667454609190 
	 13.0195149999999984 	 -7.8758847947573560 
	 13.0289099999999998 	 -7.8759052525866764 
	 13.0383049999999994 	 -7.8759277545268471 
	 13.0476999999999990 	 -7.8759519361558388 
	 13.0570950000000003 	 -7.8759774330516210 
	 13.0664900000000017 	 -7.8760038807921680 
	 13.0758849999999995 	 -7.8760309149554493 
	 13.0852800000000009 	 -7.8760581711194382 
	 13.0946749999999987 	 -7.8760852848620999 
	 13.1040700000000001 	 -7.8761118979492224 
	 13.1134649999999979 	 -7.8761378514597542 
	 13.1228599999999993 	 -7.8761632237758610 
	 13.1322549999999989 	 -7.8761881071380921 
	 13.1416499999999985 	 -7.8762125937869918 
	 13.1510449999999999 	 -7.8762367759631129 
	 13.1604400000000012 	 -7.8762607459069987 
	 13.1698349999999991 	 -7.8762845958592012 
	 13.1792300000000004 	 -7.8763084180602663 
	 13.1886250000000000 	 -7.8763323047507416 
	 13.1980199999999996 	 -7.8763563481711767 
	 13.2074149999999992 	 -7.8763806255727751 
	 13.2168100000000006 	 -7.8764050995206647 
	 13.2262049999999984 	 -7.8764296796083242 
	 13.2356000000000016 	 -7.8764542751438436 
	 13.2449949999999994 	 -7.8764787954353075 
	 13.2543900000000008 	 -7.8765031497908078 
	 13.2637849999999986 	 -7.8765272475184291 
	 13.2731800000000000 	 -7.8765509979262607 
	 13.2825749999999996 	 -7.8765743103223889 
	 13.2919699999999992 	 -7.8765970940149010 
	 13.3013649999999988 	 -7.8766192583701651 
	 13.3107600000000001 	 -7.8766407410665940 
	 13.3201549999999980 	 -7.8766615535564997 
	 13.3295500000000011 	 -7.8766817191564895 
	 13.3389450000000007 	 -7.8767012611831717 
	 13.3483400000000003 	 -7.8767202029531589 
	 13.3577349999999999 	 -7.8767385677830610 
	 13.3671300000000013 	 -7.8767563789894890 
	 13.3765249999999991 	 -7.8767736598890510 
	 13.3859200000000005 	 -7.8767904337983596 
	 13.3953149999999983 	 -7.8768067240340232 
	 13.4047099999999997 	 -7.8768225536562495 
	 13.4141049999999993 	 -7.8768379398646458 
	 13.4235000000000007 	 -7.8768528940185254 
	 13.4328950000000003 	 -7.8768674272248598 
	 13.4422899999999998 	 -7.8768815505906220 
	 13.4516849999999994 	 -7.8768952752227825 
	 13.4610800000000008 	 -7.8769086122283127 
	 13.4704749999999986 	 -7.8769215727141857 
	 13.4798700000000000 	 -7.8769341677873710 
	 13.4892649999999996 	 -7.8769464085548409 
	 13.4986599999999992 	 -7.8769583061235657 
	 13.5080550000000006 	 -7.8769698716005196 
	 13.5174500000000020 	 -7.8769811160926748 
	 13.5268449999999998 	 -7.8769920507069981 
	 13.5362400000000012 	 -7.8770026865504672 
	 13.5456349999999990 	 -7.8770130347300498 
	 13.5550300000000004 	 -7.8770231063527163 
	 13.5644249999999982 	 -7.8770329125254417 
	 13.5738199999999996 	 -7.8770424643551991 
	 13.5832149999999992 	 -7.8770517729489544 
	 13.5926100000000005 	 -7.8770608494136809 
	 13.6020050000000001 	 -7.8770697048497791 
	 13.6114000000000015 	 -7.8770783491755667 
	 13.6207949999999993 	 -7.8770867897690398 
	 13.6301900000000007 	 -7.8770950336790220 
	 13.6395850000000003 	 -7.8771030879543344 
	 13.6489799999999999 	 -7.8771109596438036 
	 13.6583749999999995 	 -7.8771186557962531 
	 13.6677700000000009 	 -7.8771261834605051 
	 13.6771649999999987 	 -7.8771335496853849 
	 13.6865600000000018 	 -7.8771407615197164 
	 13.6959549999999997 	 -7.8771478260123216 
	 13.7053500000000010 	 -7.8771547501300239 
	 13.7147449999999989 	 -7.8771615394509418 
	 13.7241400000000002 	 -7.8771681983949069 
	 13.7335349999999998 	 -7.8771747313463125 
	 13.7429299999999994 	 -7.8771811426895484 
	 13.7523249999999990 	 -7.8771874368090096 
	 13.7617200000000004 	 -7.8771936180890849 
	 13.7711150000000000 	 -7.8771996909141686 
	 13.7805100000000014 	 -7.8772056596686477 
	 13.7899050000000010 	 -7.8772115287369182 
	 13.7993000000000006 	 -7.8772173025033707 
	 13.8086950000000002 	 -7.8772229850982445 
	 13.8180900000000015 	 -7.8772285793796168 
	 13.8274849999999994 	 -7.8772340878083495 
	 13.8368800000000007 	 -7.8772395128451791 
	 13.8462749999999986 	 -7.8772448569508322 
	 13.8556699999999999 	 -7.8772501225860436 
	 13.8650649999999995 	 -7.8772553122115383 
	 13.8744600000000009 	 -7.8772604282880563 
	 13.8838550000000005 	 -7.8772654732763208 
	 13.8932500000000001 	 -7.8772704496370647 
	 13.9026449999999997 	 -7.8772753597950675 
	 13.9120400000000011 	 -7.8772802029277198 
	 13.9214349999999989 	 -7.8772849724257776 
	 13.9308300000000003 	 -7.8772896610824388 
	 13.9402249999999999 	 -7.8772942616908912 
	 13.9496200000000012 	 -7.8772987670443335 
	 13.9590150000000008 	 -7.8773031699359581 
	 13.9684100000000022 	 -7.8773074631589557 
	 13.9778050000000000 	 -7.8773116395065186 
	 13.9872000000000014 	 -7.8773156917718463 
	 13.9965949999999992 	 -7.8773196127481278 
	 14.0059900000000006 	 -7.8773233961754254 
	 14.0153849999999984 	 -7.8773270480499447 
	 14.0247799999999998 	 -7.8773305829115028 
	 14.0341750000000012 	 -7.8773340154738456 
	 14.0435700000000008 	 -7.8773373604507153 
	 14.0529650000000004 	 -7.8773406325558550 
	 14.0623600000000017 	 -7.8773438465030097 
	 14.0717549999999996 	 -7.8773470170059268 
	 14.0811500000000009 	 -7.8773501587783441 
	 14.0905450000000005 	 -7.8773532865340075 
	 14.0999400000000001 	 -7.8773564149866635 
	 14.1093349999999997 	 -7.8773595561958931 
	 14.1187300000000011 	 -7.8773627113992832 
	 14.1281250000000007 	 -7.8773658790765824 
	 14.1375199999999985 	 -7.8773690577075399 
	 14.1469149999999999 	 -7.8773722457719053 
	 14.1563099999999995 	 -7.8773754417494288 
	 14.1657049999999991 	 -7.8773786441198572 
	 14.1750999999999987 	 -7.8773818513629443 
	 14.1844950000000001 	 -7.8773850619584360 
	 14.1938899999999979 	 -7.8773882743860817 
	 14.2032849999999993 	 -7.8773914871256299 
	 14.2126800000000006 	 -7.8773946986568308 
	 14.2220750000000002 	 -7.8773979074594376 
	 14.2314699999999998 	 -7.8774011120131933 
	 14.2408650000000012 	 -7.8774043107978535 
	 14.2502599999999990 	 -7.8774075022931633 
	 14.2596550000000004 	 -7.8774106849788721 
	 14.2690499999999982 	 -7.8774138573347292 
	 14.2784449999999996 	 -7.8774170178404859 
	 14.2878399999999974 	 -7.8774201649758915 
	 14.2972350000000006 	 -7.8774232972206946 
	 14.3066300000000002 	 -7.8774264132043754 
	 14.3160249999999998 	 -7.8774295130717995 
	 14.3254199999999994 	 -7.8774325978481743 
	 14.3348150000000008 	 -7.8774356685695794 
	 14.3442099999999986 	 -7.8774387262720866 
	 14.3536049999999999 	 -7.8774417719917684 
	 14.3629999999999995 	 -7.8774448067647000 
	 14.3723949999999991 	 -7.8774478316269558 
	 14.3817899999999987 	 -7.8774508476146110 
	 14.3911850000000019 	 -7.8774538557637355 
	 14.4005799999999997 	 -7.8774568571103618 
	 14.4099750000000011 	 -7.8774598524540256 
	 14.4193699999999989 	 -7.8774628418076746 
	 14.4287650000000003 	 -7.8774658250209244 
	 14.4381599999999981 	 -7.8774688019433885 
	 14.4475549999999995 	 -7.8774717724246770 
	 14.4569499999999991 	 -7.8774747363144089 
	 14.4663449999999987 	 -7.8774776934621897 
	 14.4757400000000001 	 -7.8774806437176395 
	 14.4851350000000014 	 -7.8774835869303672 
	 14.4945299999999992 	 -7.8774865229499893 
	 14.5039250000000006 	 -7.8774894516270555 
	 14.5133200000000002 	 -7.8774923728450048 
	 14.5227149999999998 	 -7.8774952865280516 
	 14.5321099999999994 	 -7.8774981926029524 
	 14.5415050000000008 	 -7.8775010909964545 
	 14.5508999999999986 	 -7.8775039816353125 
	 14.5602950000000000 	 -7.8775068644462793 
	 14.5696899999999996 	 -7.8775097393561060 
	 14.5790850000000010 	 -7.8775126062915435 
	 14.5884799999999988 	 -7.8775154651793509 
	 14.5978750000000002 	 -7.8775183159462738 
	 14.6072699999999998 	 -7.8775211585190661 
	 14.6166649999999994 	 -7.8775239928244813 
	 14.6260599999999990 	 -7.8775268187892697 
	 14.6354550000000003 	 -7.8775296363401885 
	 14.6448499999999981 	 -7.8775324454039843 
	 14.6542450000000013 	 -7.8775352459074117 
	 14.6636400000000009 	 -7.8775380377772244 
	 14.6730350000000005 	 -7.8775408209401734 
	 14.6824300000000001 	 -7.8775435953230106 
	 14.6918250000000015 	 -7.8775463608524889 
	 14.7012199999999993 	 -7.8775491174557706 
	 14.7106150000000007 	 -7.8775518653264962 
	 14.7200099999999985 	 -7.8775546053842831 
	 14.7294049999999999 	 -7.8775573386712088 
	 14.7387999999999995 	 -7.8775600662293561 
	 14.7481950000000008 	 -7.8775627891008044 
	 14.7575900000000004 	 -7.8775655083276366 
	 14.7669850000000000 	 -7.8775682249519310 
	 14.7763799999999996 	 -7.8775709400157705 
	 14.7857750000000010 	 -7.8775736545612363 
	 14.7951699999999988 	 -7.8775763696304075 
	 14.8045650000000002 	 -7.8775790861647090 
	 14.8139599999999998 	 -7.8775818026296101 
	 14.8233549999999994 	 -7.8775845149218284 
	 14.8327500000000008 	 -7.8775872188188609 
	 14.8421450000000021 	 -7.8775899100982079 
	 14.8515400000000000 	 -7.8775925845373580 
	 14.8609350000000013 	 -7.8775952379138117 
	 14.8703299999999992 	 -7.8775978660050656 
	 14.8797250000000005 	 -7.8776004645886131 
	 14.8891199999999984 	 -7.8776030294419499 
	 14.8985149999999997 	 -7.8776055563425746 
	 14.9079099999999993 	 -7.8776080416927865 
	 14.9173049999999989 	 -7.8776104859379954 
	 14.9267000000000003 	 -7.8776128911330057 
	 14.9360950000000017 	 -7.8776152593367561 
	 14.9454899999999995 	 -7.8776175926081899 
	 14.9548850000000009 	 -7.8776198930062442 
	 14.9642800000000005 	 -7.8776221625898639 
	 14.9736750000000001 	 -7.8776244034179870 
	 14.9830699999999997 	 -7.8776266175495575 
	 14.9924650000000010 	 -7.8776288070435081 
	 15.0018600000000006 	 -7.8776309739587891 
	 15.0112550000000020 	 -7.8776331203543348 
	 15.0206499999999998 	 -7.8776352482890886 
	 15.0300450000000012 	 -7.8776373598219918 
	 15.0394399999999990 	 -7.8776394570119823 
	 15.0488350000000004 	 -7.8776415419180026 
	 15.0582300000000000 	 -7.8776436165989931 
	 15.0676249999999996 	 -7.8776456831138972 
	 15.0770199999999992 	 -7.8776477435216519 
	 15.0864150000000006 	 -7.8776497998811967 
	 15.0958100000000002 	 -7.8776518542514768 
	 15.1052050000000015 	 -7.8776539086914266 
	 15.1146000000000011 	 -7.8776559652599953 
	 15.1239950000000007 	 -7.8776580260161175 
	 15.1333900000000003 	 -7.8776600930187364 
	 15.1427850000000017 	 -7.8776621683267889 
	 15.1521799999999995 	 -7.8776642539992219 
	 15.1615750000000009 	 -7.8776663520949697 
	 15.1709699999999987 	 -7.8776684646729782 
	 15.1803650000000001 	 -7.8776705937921836 
	 15.1897599999999997 	 -7.8776727415115317 
	 15.1991550000000011 	 -7.8776749098899606 
	 15.2085500000000007 	 -7.8776771003098602 
	 15.2179450000000003 	 -7.8776793106047780 
	 15.2273399999999999 	 -7.8776815374486189 
	 15.2367350000000012 	 -7.8776837775146342 
	 15.2461299999999991 	 -7.8776860274760727 
	 15.2555250000000004 	 -7.8776882840061910 
	 15.2649200000000000 	 -7.8776905437782361 
	 15.2743150000000014 	 -7.8776928034654672 
	 15.2837100000000010 	 -7.8776950597411277 
	 15.2931050000000024 	 -7.8776973092784734 
	 15.3025000000000002 	 -7.8776995487618100 
	 15.3118949999999980 	 -7.8777017760218433 
	 15.3212899999999994 	 -7.8777039910197439 
	 15.3306849999999990 	 -7.8777061939485735 
	 15.3400799999999986 	 -7.8777083850013891 
	 15.3494749999999982 	 -7.8777105643712568 
	 15.3588699999999996 	 -7.8777127322512319 
	 15.3682649999999992 	 -7.8777148888343786 
	 15.3776600000000006 	 -7.8777170343137559 
	 15.3870550000000001 	 -7.8777191688824262 
	 15.3964499999999997 	 -7.8777212927334475 
	 15.4058449999999993 	 -7.8777234060598840 
	 15.4152400000000007 	 -7.8777255090547911 
	 15.4246349999999985 	 -7.8777276019112348 
	 15.4340299999999999 	 -7.8777296848222722 
	 15.4434249999999977 	 -7.8777317579809658 
	 15.4528200000000009 	 -7.8777338215803736 
	 15.4622149999999987 	 -7.8777358758135581 
	 15.4716100000000001 	 -7.8777379208735816 
	 15.4810049999999997 	 -7.8777399569535049 
	 15.4903999999999993 	 -7.8777419842463852 
	 15.4997949999999989 	 -7.8777440029452830 
	 15.5091900000000003 	 -7.8777460132432608 
	 15.5185849999999981 	 -7.8777480153333812 
	 15.5279799999999994 	 -7.8777500094087003 
	 15.5373750000000008 	 -7.8777519956622841 
	 15.5467700000000004 	 -7.8777539742871889 
	 15.5561650000000000 	 -7.8777559454764763 
	 15.5655600000000014 	 -7.8777579094232077 
	 15.5749549999999992 	 -7.8777598663204440 
	 15.5843500000000006 	 -7.8777618163612457 
	 15.5937449999999984 	 -7.8777637597386700 
	 15.6031399999999998 	 -7.8777656966433804 
	 15.6125349999999976 	 -7.8777676271227710 
	 15.6219299999999990 	 -7.8777695510027144 
	 15.6313250000000004 	 -7.8777714680900894 
	 15.6407200000000000 	 -7.8777733781917698 
	 15.6501149999999996 	 -7.8777752811146335 
	 15.6595100000000009 	 -7.8777771766655560 
	 15.6689049999999988 	 -7.8777790646514179 
	 15.6783000000000001 	 -7.8777809448790936 
	 15.6876949999999997 	 -7.8777828171554587 
	 15.6970899999999993 	 -7.8777846812873911 
	 15.7064849999999989 	 -7.8777865370968705 
	 15.7158800000000021 	 -7.8777883845672001 
	 15.7252749999999999 	 -7.8777902237793986 
	 15.7346700000000013 	 -7.8777920548158455 
	 15.7440649999999991 	 -7.8777938777589123 
	 15.7534600000000005 	 -7.8777956926909818 
	 15.7628549999999983 	 -7.8777974996944327 
	 15.7722499999999997 	 -7.8777992988516425 
	 15.7816449999999993 	 -7.8778010902449855 
	 15.7910399999999989 	 -7.8778028739568464 
	 15.8004350000000002 	 -7.8778046500695957 
	 15.8098300000000016 	 -7.8778064186362071 
	 15.8192249999999994 	 -7.8778081796072490 
	 15.8286200000000008 	 -7.8778099329110116 
	 15.8380150000000004 	 -7.8778116784757879 
	 15.8474100000000000 	 -7.8778134162298725 
	 15.8568049999999996 	 -7.8778151461015566 
	 15.8662000000000010 	 -7.8778168680191323 
	 15.8755949999999988 	 -7.8778185819108888 
	 15.8849900000000002 	 -7.8778202877051262 
	 15.8943849999999998 	 -7.8778219853301312 
	 15.9037800000000011 	 -7.8778236747191377 
	 15.9131749999999990 	 -7.8778253559948777 
	 15.9225700000000003 	 -7.8778270295247177 
	 15.9319649999999999 	 -7.8778286956922372 
	 15.9413599999999995 	 -7.8778303548810005 
	 15.9507549999999991 	 -7.8778320074745869 
	 15.9601500000000005 	 -7.8778336538565652 
	 15.9695449999999983 	 -7.8778352944105086 
	 15.9789400000000015 	 -7.8778369295199848 
	 15.9883350000000011 	 -7.8778385595685725 
	 15.9977300000000007 	 -7.8778401849398385 
	 16.0071249999999985 	 -7.8778418058929152 
	 16.0165199999999999 	 -7.8778434216335818 
	 16.0259150000000012 	 -7.8778450308376264 
	 16.0353100000000026 	 -7.8778466321768041 
	 16.0447050000000004 	 -7.8778482243228760 
	 16.0541000000000018 	 -7.8778498059476041 
	 16.0634949999999996 	 -7.8778513757227424 
	 16.0728900000000010 	 -7.8778529323200548 
	 16.0822849999999988 	 -7.8778544744112962 
	 16.0916800000000002 	 -7.8778560006682303 
	 16.1010749999999980 	 -7.8778575097642420 
	 16.1104699999999994 	 -7.8778590018705081 
	 16.1198650000000008 	 -7.8778604814252668 
	 16.1292600000000022 	 -7.8778619536216130 
	 16.1386550000000000 	 -7.8778634236526441 
	 16.1480500000000013 	 -7.8778648967114524 
	 16.1574449999999992 	 -7.8778663779911327 
	 16.1668400000000005 	 -7.8778678726847806 
	 16.1762349999999984 	 -7.8778693859854929 
	 16.1856299999999997 	 -7.8778709230863626 
	 16.1950249999999976 	 -7.8778724891804863 
	 16.2044200000000025 	 -7.8778740890377827 
	 16.2138150000000003 	 -7.8778757161995570 
	 16.2232100000000017 	 -7.8778773520788627 
	 16.2326049999999995 	 -7.8778789774853131 
	 16.2420000000000009 	 -7.8778805732285209 
	 16.2513949999999987 	 -7.8778821201181009 
	 16.2607900000000001 	 -7.8778835989636677 
	 16.2701850000000015 	 -7.8778849905748309 
	 16.2795799999999993 	 -7.8778862757612078 
	 16.2889750000000006 	 -7.8778874353324149 
	 16.2983700000000020 	 -7.8778884500980553 
	 16.3077649999999998 	 -7.8778893094370526 
	 16.3171600000000012 	 -7.8778900609364380 
	 16.3265549999999990 	 -7.8778907763938815 
	 16.3359500000000004 	 -7.8778915276863177 
	 16.3453449999999982 	 -7.8778923866906823 
	 16.3547399999999996 	 -7.8778934252839088 
	 16.3641349999999974 	 -7.8778947153429328 
	 16.3735299999999988 	 -7.8778963287446899 
	 16.3829250000000002 	 -7.8778983373661164 
	 16.3923200000000016 	 -7.8779008130841426 
	 16.4017150000000029 	 -7.8779038274311288 
	 16.4111100000000008 	 -7.8779073596392406 
	 16.4205050000000021 	 -7.8779111726389885 
	 16.4299000000000035 	 -7.8779149984165313 
	 16.4392950000000013 	 -7.8779185689580222 
	 16.4486900000000027 	 -7.8779216162496164 
	 16.4580850000000005 	 -7.8779238722774734 
	 16.4674800000000019 	 -7.8779250690277456 
	 16.4768749999999997 	 -7.8779249384865881 
	 16.4862699999999975 	 -7.8779232126401579 
	 16.4956649999999989 	 -7.8779196234746118 
	 16.5050599999999967 	 -7.8779139165207486 
	 16.5144549999999981 	 -7.8779060989003904 
	 16.5238499999999959 	 -7.8778964142675312 
	 16.5332449999999973 	 -7.8778851147930933 
	 16.5426399999999987 	 -7.8778724526480035 
	 16.5520349999999965 	 -7.8778586800031869 
	 16.5614300000000014 	 -7.8778440490295649 
	 16.5708250000000028 	 -7.8778288118980671 
	 16.5802200000000006 	 -7.8778132207796210 
	 16.5896150000000020 	 -7.8777975278451420 
	 16.5990099999999998 	 -7.8777819852655631 
	 16.6084050000000012 	 -7.8777668452118075 
	 16.6177999999999990 	 -7.8777523598548003 
	 16.6271950000000004 	 -7.8777387813654656 
	 16.6365899999999982 	 -7.8777263619147320 
	 16.6459849999999996 	 -7.8777153536735200 
	 16.6553799999999974 	 -7.8777060088127557 
	 16.6647749999999988 	 -7.8776985795033649 
	 16.6741700000000002 	 -7.8776933179162745 
	 16.6835649999999980 	 -7.8776904762224076 
	 16.6929599999999994 	 -7.8776903065926893 
	 16.7023550000000007 	 -7.8776930611980474 
	 16.7117499999999986 	 -7.8776989922094032 
	 16.7211449999999999 	 -7.8777083517976809 
	 16.7305400000000013 	 -7.8777213921338110 
	 16.7399350000000027 	 -7.8777383653887147 
	 16.7493300000000005 	 -7.8777595237333191 
	 16.7587250000000019 	 -7.8777851193385473 
	 16.7681199999999997 	 -7.8778154043753235 
	 16.7775150000000011 	 -7.8778506310145797 
	 16.7869099999999989 	 -7.8778910514272305 
	 16.7963050000000003 	 -7.8779369177842096 
	 16.8056999999999981 	 -7.8779884189775666 
	 16.8150949999999995 	 -7.8780448217560828 
	 16.8244899999999973 	 -7.8781046954232909 
	 16.8338849999999987 	 -7.8781665920451038 
	 16.8432800000000000 	 -7.8782290636874333 
	 16.8526749999999979 	 -7.8782906624161946 
	 16.8620699999999992 	 -7.8783499402972925 
	 16.8714650000000006 	 -7.8784054493966407 
	 16.8808599999999984 	 -7.8784557417801526 
	 16.8902549999999998 	 -7.8784993695137393 
	 16.8996499999999976 	 -7.8785348846633090 
	 16.9090450000000025 	 -7.8785612249333017 
	 16.9184400000000004 	 -7.8785790531384388 
	 16.9278350000000017 	 -7.8785895142851636 
	 16.9372299999999996 	 -7.8785937534022503 
	 16.9466250000000009 	 -7.8785929155184835 
	 16.9560199999999988 	 -7.8785881456626399 
	 16.9654150000000001 	 -7.8785805888635005 
	 16.9748100000000015 	 -7.8785713901498449 
	 16.9842049999999993 	 -7.8785616945504540 
	 16.9936000000000007 	 -7.8785526470941063 
	 17.0029950000000021 	 -7.8785453849705895 
	 17.0123899999999999 	 -7.8785405217374471 
	 17.0217850000000013 	 -7.8785378270988033 
	 17.0311799999999991 	 -7.8785369942678845 
	 17.0405750000000005 	 -7.8785377164579158 
	 17.0499699999999983 	 -7.8785396868821236 
	 17.0593649999999997 	 -7.8785425987537296 
	 17.0687599999999975 	 -7.8785461452859566 
	 17.0781549999999989 	 -7.8785500196920362 
	 17.0875500000000002 	 -7.8785539151851900 
	 17.0969450000000016 	 -7.8785575249786390 
	 17.1063399999999994 	 -7.8785605622110886 
	 17.1157350000000008 	 -7.8785629649272320 
	 17.1251299999999986 	 -7.8785648131404464 
	 17.1345250000000000 	 -7.8785661890934451 
	 17.1439200000000014 	 -7.8785671750289312 
	 17.1533149999999992 	 -7.8785678531896197 
	 17.1627100000000006 	 -7.8785683058182210 
	 17.1721050000000020 	 -7.8785686151574419 
	 17.1814999999999998 	 -7.8785688634499937 
	 17.1908950000000011 	 -7.8785691329385870 
	 17.2002899999999990 	 -7.8785695058654159 
	 17.2096850000000003 	 -7.8785700454410144 
	 17.2190799999999982 	 -7.8785707454752636 
	 17.2284749999999995 	 -7.8785715839632244 
	 17.2378699999999974 	 -7.8785725388999479 
	 17.2472649999999987 	 -7.8785735882804966 
	 17.2566599999999966 	 -7.8785747100999233 
	 17.2660550000000015 	 -7.8785758823532825 
	 17.2754500000000029 	 -7.8785770830356352 
	 17.2848450000000007 	 -7.8785782901420340 
	 17.2942400000000021 	 -7.8785794816675363 
	 17.3036350000000034 	 -7.8785806358757213 
	 17.3130300000000013 	 -7.8785817423240765 
	 17.3224250000000026 	 -7.8785828057560954 
	 17.3318200000000004 	 -7.8785838319836747 
	 17.3412150000000018 	 -7.8785848268187078 
	 17.3506099999999996 	 -7.8785857960730876 
	 17.3600050000000010 	 -7.8785867455587093 
	 17.3693999999999988 	 -7.8785876810874633 
	 17.3787950000000002 	 -7.8785886084712473 
	 17.3881899999999980 	 -7.8785895335219536 
	 17.3975849999999994 	 -7.8785904620514779 
	 17.4069799999999972 	 -7.8785913993844519 
	 17.4163749999999986 	 -7.8785923465032486 
	 17.4257699999999964 	 -7.8785933021107883 
	 17.4351649999999978 	 -7.8785942648898057 
	 17.4445600000000027 	 -7.8785952335230336 
	 17.4539550000000006 	 -7.8785962066932065 
	 17.4633500000000019 	 -7.8785971830830608 
	 17.4727450000000033 	 -7.8785981613753284 
	 17.4821400000000011 	 -7.8785991402527493 
	 17.4915350000000025 	 -7.8786001183980492 
	 17.5009300000000003 	 -7.8786010944942051 
	 17.5103250000000017 	 -7.8786020675453630 
	 17.5197199999999995 	 -7.8786030375128275 
	 17.5291150000000009 	 -7.8786040045354211 
	 17.5385099999999987 	 -7.8786049687519579 
	 17.5479050000000001 	 -7.8786059303012603 
	 17.5572999999999979 	 -7.8786068893221479 
	 17.5666949999999993 	 -7.8786078459534350 
	 17.5760900000000007 	 -7.8786088003339438 
	 17.5854849999999985 	 -7.8786097526024932 
	 17.5948799999999999 	 -7.8786107028978991 
	 17.6042750000000012 	 -7.8786116513571782 
	 17.6136700000000026 	 -7.8786125980655966 
	 17.6230650000000040 	 -7.8786135430502231 
	 17.6324600000000018 	 -7.8786144863350236 
	 17.6418550000000032 	 -7.8786154279439691 
	 17.6512500000000010 	 -7.8786163679010306 
	 17.6606449999999988 	 -7.8786173062301783 
	 17.6700400000000002 	 -7.8786182429553824 
	 17.6794349999999980 	 -7.8786191781006103 
	 17.6888299999999994 	 -7.8786201116898331 
	 17.6982249999999972 	 -7.8786210437470219 
	 17.7076199999999986 	 -7.8786219742961450 
	 17.7170150000000000 	 -7.8786229033611725 
	 17.7264099999999978 	 -7.8786238309660730 
	 17.7358049999999992 	 -7.8786247571348209 
	 17.7452000000000005 	 -7.8786256818913802 
	 17.7545949999999984 	 -7.8786266052597247 
	 17.7639899999999997 	 -7.8786275272638218 
	 17.7733849999999975 	 -7.8786284479276425 
	 17.7827799999999989 	 -7.8786293672751579 
	 17.7921750000000003 	 -7.8786302853303347 
	 17.8015700000000017 	 -7.8786312021171163 
	 17.8109649999999995 	 -7.8786321176491567 
	 17.8203600000000009 	 -7.8786330319149327 
	 17.8297549999999987 	 -7.8786339448991489 
	 17.8391500000000001 	 -7.8786348565864985 
	 17.8485450000000014 	 -7.8786357669616844 
	 17.8579399999999993 	 -7.8786366760093998 
	 17.8673350000000006 	 -7.8786375837143465 
	 17.8767300000000020 	 -7.8786384900612196 
	 17.8861249999999998 	 -7.8786393950347229 
	 17.8955200000000012 	 -7.8786402986195512 
	 17.9049149999999990 	 -7.8786412008006277 
	 17.9143100000000004 	 -7.8786421015675110 
	 17.9237049999999982 	 -7.8786430009141268 
	 17.9330999999999996 	 -7.8786438988345715 
	 17.9424949999999974 	 -7.8786447953229404 
	 17.9518899999999988 	 -7.8786456903733262 
	 17.9612849999999966 	 -7.8786465839798243 
	 17.9706800000000015 	 -7.8786474761365310 
	 17.9800749999999994 	 -7.8786483668375400 
	 17.9894700000000007 	 -7.8786492560769483 
	 17.9988649999999986 	 -7.8786501438488505 
	 18.0082599999999999 	 -7.8786510301479078 
	 18.0176550000000013 	 -7.8786519149720666 
	 18.0270499999999991 	 -7.8786527983204389 
	 18.0364450000000005 	 -7.8786536801921478 
	 18.0458400000000019 	 -7.8786545605863028 
	 18.0552349999999997 	 -7.8786554395020252 
	 18.0646300000000011 	 -7.8786563169384358 
	 18.0740249999999989 	 -7.8786571928946447 
	 18.0834200000000003 	 -7.8786580673697753 
	 18.0928149999999981 	 -7.8786589403629392 
	 18.1022099999999995 	 -7.8786598118732583 
	 18.1116049999999973 	 -7.8786606818999605 
	 18.1209999999999987 	 -7.8786615504425059 
	 18.1303949999999965 	 -7.8786624175003768 
	 18.1397899999999979 	 -7.8786632830730605 
	 18.1491850000000028 	 -7.8786641471600438 
	 18.1585800000000006 	 -7.8786650097608071 
	 18.1679750000000020 	 -7.8786658708748423 
	 18.1773700000000034 	 -7.8786667305016289 
	 18.1867650000000012 	 -7.8786675886406519 
	 18.1961600000000026 	 -7.8786684452913995 
	 18.2055550000000004 	 -7.8786693004531330 
	 18.2149500000000018 	 -7.8786701541216457 
	 18.2243449999999996 	 -7.8786710062900038 
	 18.2337400000000009 	 -7.8786718569511986 
	 18.2431349999999988 	 -7.8786727060982198 
	 18.2525300000000001 	 -7.8786735537240578 
	 18.2619249999999980 	 -7.8786743998217048 
	 18.2713199999999993 	 -7.8786752443841523 
	 18.2807149999999972 	 -7.8786760874043882 
	 18.2901099999999985 	 -7.8786769288754046 
	 18.2995049999999964 	 -7.8786777687901957 
	 18.3088999999999977 	 -7.8786786071431498 
	 18.3182949999999991 	 -7.8786794439352184 
	 18.3276900000000005 	 -7.8786802791692834 
	 18.3370850000000019 	 -7.8786811128482164 
	 18.3464800000000032 	 -7.8786819449748950 
	 18.3558750000000011 	 -7.8786827755521935 
	 18.3652700000000024 	 -7.8786836045829896 
	 18.3746650000000002 	 -7.8786844320701563 
	 18.3840600000000016 	 -7.8786852580165698 
	 18.3934549999999994 	 -7.8786860824251050 
	 18.4028500000000008 	 -7.8786869052986406 
	 18.4122449999999986 	 -7.8786877266400497 
	 18.4216400000000000 	 -7.8786885464522118 
	 18.4310349999999978 	 -7.8786893647379976 
	 18.4404299999999992 	 -7.8786901815002839 
	 18.4498250000000006 	 -7.8786909967419501 
	 18.4592199999999984 	 -7.8786918104658668 
	 18.4686149999999998 	 -7.8786926226749134 
	 18.4780100000000012 	 -7.8786934333719643 
	 18.4874049999999990 	 -7.8786942425598934 
	 18.4968000000000004 	 -7.8786950502415767 
	 18.5061950000000017 	 -7.8786958564189566 
	 18.5155900000000031 	 -7.8786966610827562 
	 18.5249850000000009 	 -7.8786974642163354 
	 18.5343800000000023 	 -7.8786982658029228 
	 18.5437750000000001 	 -7.8786990658257423 
	 18.5531700000000015 	 -7.8786998642680262 
	 18.5625649999999993 	 -7.8787006611130028 
	 18.5719600000000007 	 -7.8787014563438964 
	 18.5813549999999985 	 -7.8787022499439363 
	 18.5907499999999999 	 -7.8787030418963528 
	 18.6001449999999977 	 -7.8787038321843710 
	 18.6095399999999991 	 -7.8787046207985458 
	 18.6189350000000005 	 -7.8787054077574030 
	 18.6283299999999983 	 -7.8787061930861526 
	 18.6377249999999997 	 -7.8787069768099993 
	 18.6471200000000010 	 -7.8787077589541497 
	 18.6565149999999988 	 -7.8787085395438048 
	 18.6659100000000002 	 -7.8787093186041766 
	 18.6753050000000016 	 -7.8787100961604697 
	 18.6847000000000030 	 -7.8787108722378889 
	 18.6940950000000008 	 -7.8787116468616398 
	 18.7034900000000022 	 -7.8787124200565497 
	 18.7128850000000000 	 -7.8787131918298003 
	 18.7222800000000014 	 -7.8787139621638698 
	 18.7316749999999992 	 -7.8787147310393841 
	 18.7410700000000006 	 -7.8787154984369732 
	 18.7504650000000019 	 -7.8787162643372692 
	 18.7598599999999998 	 -7.8787170287209030 
	 18.7692550000000011 	 -7.8787177915685058 
	 18.7786500000000025 	 -7.8787185528607058 
	 18.7880450000000003 	 -7.8787193125781307 
	 18.7974400000000017 	 -7.8787200707014158 
	 18.8068349999999995 	 -7.8787208272131268 
	 18.8162300000000009 	 -7.8787215821140251 
	 18.8256249999999987 	 -7.8787223354148432 
	 18.8350199999999965 	 -7.8787230871264038 
	 18.8444149999999979 	 -7.8787238372595416 
	 18.8538099999999993 	 -7.8787245858250792 
	 18.8632050000000007 	 -7.8787253328338505 
	 18.8725999999999985 	 -7.8787260782966815 
	 18.8819949999999999 	 -7.8787268222244009 
	 18.8913900000000012 	 -7.8787275646278347 
	 18.9007849999999991 	 -7.8787283055178179 
	 18.9101800000000004 	 -7.8787290449051763 
	 18.9195750000000018 	 -7.8787297828007352 
	 18.9289699999999996 	 -7.8787305192153294 
	 18.9383650000000010 	 -7.8787312541597805 
	 18.9477599999999988 	 -7.8787319876449233 
	 18.9571550000000002 	 -7.8787327196815848 
	 18.9665499999999980 	 -7.8787334502805919 
	 18.9759449999999994 	 -7.8787341794527741 
	 18.9853399999999972 	 -7.8787349072089619 
	 18.9947349999999986 	 -7.8787356335599803 
	 19.0041299999999964 	 -7.8787363585160239 
	 19.0135249999999978 	 -7.8787370820674489 
	 19.0229199999999992 	 -7.8787378041813900 
	 19.0323150000000005 	 -7.8787385248236612 
	 19.0417100000000019 	 -7.8787392439600783 
	 19.0511050000000033 	 -7.8787399615564535 
	 19.0605000000000011 	 -7.8787406775786035 
	 19.0698950000000025 	 -7.8787413919923388 
	 19.0792900000000003 	 -7.8787421047634743 
	 19.0886850000000017 	 -7.8787428158578274 
	 19.0980799999999995 	 -7.8787435252412124 
	 19.1074750000000009 	 -7.8787442328905115 
	 19.1168699999999987 	 -7.8787449388655890 
	 19.1262650000000001 	 -7.8787456432639607 
	 19.1356599999999979 	 -7.8787463461833287 
	 19.1450549999999993 	 -7.8787470477213901 
	 19.1544499999999971 	 -7.8787477479758508 
	 19.1638449999999985 	 -7.8787484470444067 
	 19.1732399999999963 	 -7.8787491450247646 
	 19.1826349999999977 	 -7.8787498420146198 
	 19.1920299999999990 	 -7.8787505381116762 
	 19.2014249999999969 	 -7.8787512334134000 
	 19.2108200000000018 	 -7.8787519279151992 
	 19.2202150000000032 	 -7.8787526213513752 
	 19.2296100000000010 	 -7.8787533134150687 
	 19.2390050000000024 	 -7.8787540037994113 
	 19.2484000000000002 	 -7.8787546921975453 
	 19.2577950000000016 	 -7.8787553783026008 
	 19.2671899999999994 	 -7.8787560618077217 
	 19.2765850000000007 	 -7.8787567424060425 
	 19.2859799999999986 	 -7.8787574197907002 
	 19.2953749999999999 	 -7.8787580936548318 
	 19.3047699999999978 	 -7.8787587637294205 
	 19.3141649999999991 	 -7.8787594305852240 
	 19.3235600000000005 	 -7.8787600956160233 
	 19.3329549999999983 	 -7.8787607602501009 
	 19.3423499999999997 	 -7.8787614259157444 
	 19.3517450000000011 	 -7.8787620940412317 
	 19.3611399999999989 	 -7.8787627660548525 
	 19.3705350000000003 	 -7.8787634433848881 
	 19.3799300000000017 	 -7.8787641274596227 
	 19.3893250000000030 	 -7.8787648197073423 
	 19.3987200000000009 	 -7.8787655215563284 
	 19.4081150000000022 	 -7.8787662341240443 
	 19.4175100000000000 	 -7.8787669566487351 
	 19.4269050000000014 	 -7.8787676876659880 
	 19.4362999999999992 	 -7.8787684257101667 
	 19.4456950000000006 	 -7.8787691693156408 
	 19.4550899999999984 	 -7.8787699170167764 
	 19.4644849999999998 	 -7.8787706673479443 
	 19.4738799999999976 	 -7.8787714188435052 
	 19.4832749999999990 	 -7.8787721700378324 
	 19.4926700000000004 	 -7.8787729194652885 
	 19.5020649999999982 	 -7.8787736656635277 
	 19.5114599999999996 	 -7.8787744077181117 
	 19.5208550000000010 	 -7.8787751458713506 
	 19.5302499999999988 	 -7.8787758805123671 
	 19.5396450000000002 	 -7.8787766120302836 
	 19.5490399999999980 	 -7.8787773408142137 
	 19.5584349999999993 	 -7.8787780672532843 
	 19.5678300000000007 	 -7.8787787917366137 
	 19.5772250000000021 	 -7.8787795146533206 
	 19.5866199999999999 	 -7.8787802363925294 
	 19.5960150000000013 	 -7.8787809573433574 
	 19.6054099999999991 	 -7.8787816778791786 
	 19.6148050000000005 	 -7.8787823981135841 
	 19.6242000000000019 	 -7.8787831179470968 
	 19.6335949999999997 	 -7.8787838372739341 
	 19.6429900000000011 	 -7.8787845559883278 
	 19.6523850000000024 	 -7.8787852739845006 
	 19.6617800000000003 	 -7.8787859911566755 
	 19.6711750000000016 	 -7.8787867073990769 
	 19.6805699999999995 	 -7.8787874226059280 
	 19.6899650000000008 	 -7.8787881366714538 
	 19.6993599999999986 	 -7.8787888494898786 
	 19.7087550000000000 	 -7.8787895609736056 
	 19.7181499999999978 	 -7.8787902711242896 
	 19.7275449999999992 	 -7.8787909799709261 
	 19.7369400000000006 	 -7.8787916875425283 
	 19.7463350000000020 	 -7.8787923938680997 
	 19.7557299999999998 	 -7.8787930989766464 
	 19.7651250000000012 	 -7.8787938028971780 
	 19.7745199999999990 	 -7.8787945056586999 
	 19.7839150000000004 	 -7.8787952072902216 
	 19.7933100000000017 	 -7.8787959078207450 
	 19.8027049999999996 	 -7.8787966072790852 
	 19.8121000000000009 	 -7.8787973056773124 
	 19.8214950000000023 	 -7.8787980029981881 
	 19.8308900000000001 	 -7.8787986992215089 
	 19.8402850000000015 	 -7.8787993943270687 
	 19.8496799999999993 	 -7.8788000882946658 
	 19.8590750000000007 	 -7.8788007811040952 
	 19.8684699999999985 	 -7.8788014727351552 
	 19.8778649999999999 	 -7.8788021631676441 
	 19.8872599999999977 	 -7.8788028523813578 
	 19.8966549999999991 	 -7.8788035403560901 
	 19.9060499999999969 	 -7.8788042270730738 
	 19.9154450000000018 	 -7.8788049125316526 
	 19.9248400000000032 	 -7.8788055967435868 
	 19.9342350000000010 	 -7.8788062797208758 
	 19.9436300000000024 	 -7.8788069614755232 
	 19.9530250000000038 	 -7.8788076420195301 
	 19.9624200000000016 	 -7.8788083213648958 
	 19.9718150000000030 	 -7.8788089995236250 
	 19.9812100000000008 	 -7.8788096765077178 
	 19.9906050000000022 	 -7.8788103523291761 
	 20.0000000000000000 	 -7.8788110270000002 
