	 1.2100000000000000 	 -4.9705158559999996 
	 1.2193950000000000 	 -4.8788795572415484 
	 1.2287900000000000 	 -4.7883294476144300 
	 1.2381850000000001 	 -4.6990012837593076 
	 1.2475799999999999 	 -4.6109862705781959 
	 1.2569750000000002 	 -4.5243629963550100 
	 1.2663700000000000 	 -4.4392356405889455 
	 1.2757650000000000 	 -4.3556458716734010 
	 1.2851600000000001 	 -4.2736092871431639 
	 1.2945550000000001 	 -4.1931814758753516 
	 1.3039499999999999 	 -4.1144361254171686 
	 1.3133450000000000 	 -4.0373514162019246 
	 1.3227400000000000 	 -3.9618542304384450 
	 1.3321350000000001 	 -3.8879644361252330 
	 1.3415300000000001 	 -3.8157097074152135 
	 1.3509249999999999 	 -3.7450686055666438 
	 1.3603200000000000 	 -3.6759715181252672 
	 1.3697150000000000 	 -3.6085042304063260 
	 1.3791099999999998 	 -3.5426274630901431 
	 1.3885049999999999 	 -3.4782713704476000 
	 1.3978999999999999 	 -3.4154027225524355 
	 1.4072950000000000 	 -3.3540004236227037 
	 1.4166900000000000 	 -3.2940423916677335 
	 1.4260850000000000 	 -3.2354965117412404 
	 1.4354799999999999 	 -3.1783226519825147 
	 1.4448749999999999 	 -3.1224797667670776 
	 1.4542700000000000 	 -3.0679432086697433 
	 1.4636650000000000 	 -3.0147029609242799 
	 1.4730600000000000 	 -2.9627086232241782 
	 1.4824550000000001 	 -2.9118916159624870 
	 1.4918499999999999 	 -2.8622384416373023 
	 1.5012450000000002 	 -2.8137329691541644 
	 1.5106400000000000 	 -2.7663414048925219 
	 1.5200350000000000 	 -2.7200273769361871 
	 1.5294300000000001 	 -2.6747539759352050 
	 1.5388250000000001 	 -2.6304841830751964 
	 1.5482200000000002 	 -2.5871828221761826 
	 1.5576150000000002 	 -2.5448254796042122 
	 1.5670099999999998 	 -2.5033916380555863 
	 1.5764049999999998 	 -2.4628603220055112 
	 1.5857999999999999 	 -2.4232054511286441 
	 1.5951949999999999 	 -2.3843976530524591 
	 1.6045900000000000 	 -2.3464051683089511 
	 1.6139850000000000 	 -2.3091943471009184 
	 1.6233799999999998 	 -2.2727364635746508 
	 1.6327749999999999 	 -2.2370088780316637 
	 1.6421699999999999 	 -2.2019893197584661 
	 1.6515649999999999 	 -2.1676555055127049 
	 1.6609600000000000 	 -2.1339809054838019 
	 1.6703550000000000 	 -2.1009368202342462 
	 1.6797499999999999 	 -2.0685132617572695 
	 1.6891450000000001 	 -2.0366900606043377 
	 1.6985399999999999 	 -2.0054445307695987 
	 1.7079350000000000 	 -1.9747579612091226 
	 1.7173300000000000 	 -1.9446129438217945 
	 1.7267250000000001 	 -1.9149914373900085 
	 1.7361199999999999 	 -1.8858692060479738 
	 1.7455150000000001 	 -1.8572194818320682 
	 1.7549100000000000 	 -1.8290307361032923 
	 1.7643049999999998 	 -1.8013029759629671 
	 1.7736999999999998 	 -1.7740189359879877 
	 1.7830949999999999 	 -1.7471534111644456 
	 1.7924899999999999 	 -1.7206935073906287 
	 1.8018850000000000 	 -1.6946241417951966 
	 1.8112800000000000 	 -1.6689313271002315 
	 1.8206750000000000 	 -1.6436014083618493 
	 1.8300700000000001 	 -1.6186211960224806 
	 1.8394650000000001 	 -1.5939777623806075 
	 1.8488600000000002 	 -1.5696589029159442 
	 1.8582550000000002 	 -1.5456525899070224 
	 1.8676499999999998 	 -1.5219469050583669 
	 1.8770449999999999 	 -1.4985306511267547 
	 1.8864399999999999 	 -1.4753926001720632 
	 1.8958349999999999 	 -1.4525222310981203 
	 1.9052300000000000 	 -1.4299095958112089 
	 1.9146250000000000 	 -1.4075447334883764 
	 1.9240199999999998 	 -1.3854171808820344 
	 1.9334150000000001 	 -1.3635160341748500 
	 1.9428099999999999 	 -1.3418338821609821 
	 1.9522050000000000 	 -1.3203682782529507 
	 1.9616000000000000 	 -1.2991080159244979 
	 1.9709950000000001 	 -1.2780233810168853 
	 1.9803900000000001 	 -1.2571071852622311 
	 1.9897850000000001 	 -1.2363975526694955 
	 1.9991800000000000 	 -1.2158602330867534 
	 2.0085750000000000 	 -1.1954824993198694 
	 2.0179700000000000 	 -1.1752624083769330 
	 2.0273649999999996 	 -1.1551940906013776 
	 2.0367600000000001 	 -1.1352701415118862 
	 2.0461549999999997 	 -1.1154832488235646 
	 2.0555499999999998 	 -1.0958272610621371 
	 2.0649449999999998 	 -1.0762967868046704 
	 2.0743399999999999 	 -1.0568862098778435 
	 2.0837349999999999 	 -1.0375899839918756 
	 2.0931299999999999 	 -1.0184028904838152 
	 2.1025250000000000 	 -0.9993198468338695 
	 2.1119199999999996 	 -0.9803360152829123 
	 2.1213150000000001 	 -0.9614467209149310 
	 2.1307099999999997 	 -0.9426473762761431 
	 2.1401050000000001 	 -0.9239335670649874 
	 2.1494999999999997 	 -0.9053013997493244 
	 2.1588950000000002 	 -0.8867470845019205 
	 2.1682899999999998 	 -0.8682668314955478 
	 2.1776850000000003 	 -0.8498568509029724 
	 2.1870799999999999 	 -0.8315133024033106 
	 2.1964750000000000 	 -0.8132319475511741 
	 2.2058700000000000 	 -0.7950088031090163 
	 2.2152650000000000 	 -0.7768413308704245 
	 2.2246600000000001 	 -0.7587278694977683 
	 2.2340550000000001 	 -0.7406667203040247 
	 2.2434500000000002 	 -0.7226543811566518 
	 2.2528449999999998 	 -0.7046869287043598 
	 2.2622400000000003 	 -0.6867623908610222 
	 2.2716349999999998 	 -0.6688782362541117 
	 2.2810300000000003 	 -0.6510329803890443 
	 2.2904249999999999 	 -0.6332265615916283 
	 2.2998200000000000 	 -0.6154556530029121 
	 2.3092150000000000 	 -0.5977162706280864 
	 2.3186100000000001 	 -0.5800044304723408 
	 2.3280050000000001 	 -0.5623226173444155 
	 2.3373999999999997 	 -0.5447062920404810 
	 2.3467950000000002 	 -0.5271482849305823 
	 2.3561899999999998 	 -0.5096144053905737 
	 2.3655850000000003 	 -0.4920725012016540 
	 2.3749799999999999 	 -0.4745238720287308 
	 2.3843749999999999 	 -0.4569953201839410 
	 2.3937700000000000 	 -0.4394973204375390 
	 2.4031650000000000 	 -0.4220218200735902 
	 2.4125600000000000 	 -0.4045650353052569 
	 2.4219550000000001 	 -0.3871290533138477 
	 2.4313500000000001 	 -0.3697130790347007 
	 2.4407449999999997 	 -0.3523167722785508 
	 2.4501400000000002 	 -0.3349399085280491 
	 2.4595349999999998 	 -0.3175824808703244 
	 2.4689300000000003 	 -0.3002449712542046 
	 2.4783249999999999 	 -0.2829264662942690 
	 2.4877199999999999 	 -0.2656270178024144 
	 2.4971150000000000 	 -0.2483550315477506 
	 2.5065100000000005 	 -0.2311104087155030 
	 2.5159050000000001 	 -0.2138866789929660 
	 2.5253000000000001 	 -0.1966776985109005 
	 2.5346950000000001 	 -0.1794838245312079 
	 2.5440899999999997 	 -0.1623110014412231 
	 2.5534850000000002 	 -0.1451678411168624 
	 2.5628799999999998 	 -0.1280513308173210 
	 2.5722749999999999 	 -0.1109526297742547 
	 2.5816699999999999 	 -0.0938812082479288 
	 2.5910650000000000 	 -0.0768378738422921 
	 2.6004600000000000 	 -0.0598224711599065 
	 2.6098550000000000 	 -0.0428358254366901 
	 2.6192500000000001 	 -0.0258789359531813 
	 2.6286449999999997 	 -0.0089530392859840 
	 2.6380400000000002 	 0.0079394208926196 
	 2.6474349999999998 	 0.0247956180421964 
	 2.6568300000000002 	 0.0416131176445679 
	 2.6662249999999998 	 0.0583931739129569 
	 2.6756200000000003 	 0.0751386322865441 
	 2.6850149999999999 	 0.0918460841073802 
	 2.6944100000000004 	 0.1085115282472916 
	 2.7038050000000000 	 0.1251335163482948 
	 2.7132000000000001 	 0.1417092809591591 
	 2.7225950000000001 	 0.1582402707424946 
	 2.7319900000000001 	 0.1747312666282489 
	 2.7413850000000002 	 0.1911785943826679 
	 2.7507800000000002 	 0.2075725515380210 
	 2.7601750000000003 	 0.2239094103221844 
	 2.7695699999999999 	 0.2401876465120320 
	 2.7789650000000004 	 0.2563846767448560 
	 2.7883599999999999 	 0.2725085746731177 
	 2.7977550000000004 	 0.2885783232216830 
	 2.8071500000000000 	 0.3046083747191558 
	 2.8165450000000001 	 0.3205780174062207 
	 2.8259399999999997 	 0.3364773889003726 
	 2.8353349999999997 	 0.3523137656240497 
	 2.8447299999999998 	 0.3680863956422332 
	 2.8541249999999998 	 0.3837876051418643 
	 2.8635199999999998 	 0.3994095736500877 
	 2.8729149999999999 	 0.4149475216797014 
	 2.8823099999999995 	 0.4304008930411896 
	 2.8917050000000000 	 0.4457694415508451 
	 2.9010999999999996 	 0.4610525197601910 
	 2.9104950000000001 	 0.4762485370311745 
	 2.9198899999999997 	 0.4913556855300656 
	 2.9292850000000001 	 0.5063718779085826 
	 2.9386799999999997 	 0.5212949671714603 
	 2.9480750000000002 	 0.5361227699172426 
	 2.9574699999999998 	 0.5508529389848736 
	 2.9668650000000003 	 0.5654834514851281 
	 2.9762599999999999 	 0.5800121490466448 
	 2.9856549999999999 	 0.5944366995015600 
	 2.9950500000000000 	 0.6087548937613182 
	 3.0044450000000000 	 0.6229646184009173 
	 3.0138400000000001 	 0.6370637624283840 
	 3.0232350000000001 	 0.6510502045481315 
	 3.0326300000000002 	 0.6649212515148972 
	 3.0420250000000002 	 0.6786733600102652 
	 3.0514200000000002 	 0.6923048132637422 
	 3.0608149999999998 	 0.7058179421853702 
	 3.0702099999999999 	 0.7192030310821886 
	 3.0796049999999999 	 0.7324291743463784 
	 3.0890000000000000 	 0.7455239649050094 
	 3.0983950000000000 	 0.7585181463070156 
	 3.1077900000000001 	 0.7713816358793245 
	 3.1171850000000001 	 0.7841062175994046 
	 3.1265800000000001 	 0.7966927754926902 
	 3.1359749999999997 	 0.8091374280460755 
	 3.1453699999999998 	 0.8214376749792004 
	 3.1547649999999998 	 0.8335914009740424 
	 3.1641599999999999 	 0.8455960425748489 
	 3.1735549999999995 	 0.8574490774398980 
	 3.1829499999999999 	 0.8691479852925995 
	 3.1923449999999995 	 0.8806902227972971 
	 3.2017400000000000 	 0.8920732088312017 
	 3.2111349999999996 	 0.9032943211884170 
	 3.2205300000000001 	 0.9143508501794999 
	 3.2299249999999997 	 0.9252400737048810 
	 3.2393200000000002 	 0.9359592696649948 
	 3.2487149999999998 	 0.9465057042677818 
	 3.2581100000000003 	 0.9568765855706836 
	 3.2675049999999999 	 0.9670691035882690 
	 3.2769000000000004 	 0.9770804393280705 
	 3.2862950000000000 	 0.9869076950673136 
	 3.2956900000000005 	 0.9965479726131031 
	 3.3050850000000001 	 1.0059984014068666 
	 3.3144800000000001 	 1.0152560937646697 
	 3.3238750000000001 	 1.0243177368978877 
	 3.3332700000000002 	 1.0331805097718136 
	 3.3426650000000002 	 1.0418427316162153 
	 3.3520600000000003 	 1.0502976611202641 
	 3.3614549999999999 	 1.0585356060759776 
	 3.3708500000000003 	 1.0665590809586019 
	 3.3802449999999999 	 1.0743722716344242 
	 3.3896400000000000 	 1.0819776170185860 
	 3.3990350000000000 	 1.0893644556940296 
	 3.4084300000000001 	 1.0964989191440864 
	 3.4178249999999997 	 1.1033828322193868 
	 3.4272200000000002 	 1.1100329611431323 
	 3.4366149999999998 	 1.1164660842531913 
	 3.4460099999999998 	 1.1226989798874358 
	 3.4554049999999998 	 1.1287458237940113 
	 3.4647999999999999 	 1.1345777697931045 
	 3.4741949999999999 	 1.1401319277642756 
	 3.4835900000000000 	 1.1453831585281038 
	 3.4929850000000000 	 1.1503509352348249 
	 3.5023799999999996 	 1.1550571943496144 
	 3.5117750000000001 	 1.1595238723376471 
	 3.5211699999999997 	 1.1637728471981157 
	 3.5305649999999997 	 1.1677831923521218 
	 3.5399599999999998 	 1.1714685051390237 
	 3.5493550000000003 	 1.1748789477188781 
	 3.5587499999999999 	 1.1780200125534470 
	 3.5681449999999999 	 1.1808786672504392 
	 3.5775399999999999 	 1.1834537920263537 
	 3.5869350000000004 	 1.1857428613536956 
	 3.5963300000000000 	 1.1877435990535818 
	 3.6057249999999996 	 1.1894522145662436 
	 3.6151200000000001 	 1.1908628254245786 
	 3.6245150000000002 	 1.1919696487501277 
	 3.6339100000000002 	 1.1927702579889907 
	 3.6433049999999998 	 1.1932657573944865 
	 3.6527000000000003 	 1.1934573645939039 
	 3.6620950000000003 	 1.1933416363859808 
	 3.6714900000000004 	 1.1929104135826865 
	 3.6808850000000000 	 1.1921613169695966 
	 3.6902800000000000 	 1.1910912230245565 
	 3.6996750000000000 	 1.1896970841567804 
	 3.7090700000000001 	 1.1879759106003041 
	 3.7184650000000001 	 1.1859247376664639 
	 3.7278600000000002 	 1.1835408645353105 
	 3.7372550000000002 	 1.1808213618410479 
	 3.7466499999999998 	 1.1777633890683821 
	 3.7560450000000003 	 1.1743642204262141 
	 3.7654399999999999 	 1.1706211308779431 
	 3.7748350000000004 	 1.1665313953869665 
	 3.7842300000000000 	 1.1620923400470795 
	 3.7936250000000000 	 1.1573027399752316 
	 3.8030200000000001 	 1.1521607478394047 
	 3.8124150000000006 	 1.1466614733811489 
	 3.8218100000000002 	 1.1408012605400055 
	 3.8312049999999997 	 1.1345792281048408 
	 3.8406000000000002 	 1.1279948062420042 
	 3.8499950000000003 	 1.1210474251178464 
	 3.8593899999999999 	 1.1137356361079940 
	 3.8687849999999999 	 1.1060544698084067 
	 3.8781799999999995 	 1.0979988727459309 
	 3.8875749999999996 	 1.0895685112793625 
	 3.8969699999999996 	 1.0807643513570153 
	 3.9063649999999996 	 1.0715840080414583 
	 3.9157599999999997 	 1.0620276020714279 
	 3.9251549999999997 	 1.0520857786850191 
	 3.9345499999999998 	 1.0417620231699156 
	 3.9439449999999998 	 1.0310649942985415 
	 3.9533399999999999 	 1.0199877668379007 
	 3.9627349999999995 	 1.0085256752761123 
	 3.9721299999999999 	 0.9966784737380741 
	 3.9815249999999995 	 0.9844462666451920 
	 3.9909200000000000 	 0.9718291176840902 
	 4.0003149999999996 	 0.9588269894412114 
	 4.0097100000000001 	 0.9454397510677848 
	 4.0191049999999997 	 0.9316669894666827 
	 4.0285000000000002 	 0.9175083606420822 
	 4.0378949999999998 	 0.9029641580798150 
	 4.0472900000000003 	 0.8880345544879322 
	 4.0566849999999999 	 0.8727203869218362 
	 4.0660799999999995 	 0.8570228233746862 
	 4.0754750000000000 	 0.8409420912994230 
	 4.0848700000000004 	 0.8244777772309838 
	 4.0942650000000000 	 0.8076295226351475 
	 4.1036599999999996 	 0.7903989071636286 
	 4.1130550000000001 	 0.7727896961275531 
	 4.1224499999999997 	 0.7548057586634289 
	 4.1318450000000002 	 0.7364495397855058 
	 4.1412399999999998 	 0.7177208008078383 
	 4.1506349999999994 	 0.6986200424319540 
	 4.1600299999999999 	 0.6791502947001952 
	 4.1694250000000004 	 0.6593141479640595 
	 4.1788200000000000 	 0.6391140624763804 
	 4.1882149999999996 	 0.6185527658217099 
	 4.1976100000000001 	 0.5976332242367558 
	 4.2070049999999997 	 0.5763593653370788 
	 4.2164000000000001 	 0.5547340875678738 
	 4.2257949999999997 	 0.5327594975893813 
	 4.2351900000000002 	 0.5104378062361513 
	 4.2445849999999998 	 0.4877732442087416 
	 4.2539800000000003 	 0.4647718037168737 
	 4.2633749999999999 	 0.4414395360192960 
	 4.2727700000000004 	 0.4177824923747486 
	 4.2821650000000000 	 0.3938067140745065 
	 4.2915600000000005 	 0.3695167649327760 
	 4.3009550000000001 	 0.3449141803040115 
	 4.3103499999999997 	 0.3200001243960494 
	 4.3197450000000002 	 0.2947772514785039 
	 4.3291400000000007 	 0.2692535467317104 
	 4.3385350000000003 	 0.2434383961942917 
	 4.3479299999999999 	 0.2173405404416325 
	 4.3573250000000003 	 0.1909578460141930 
	 4.3667199999999999 	 0.1642871532688734 
	 4.3761150000000004 	 0.1373555176136551 
	 4.3855100000000000 	 0.1101699061497411 
	 4.3949049999999996 	 0.0827260783094223 
	 4.4043000000000001 	 0.0550316597856148 
	 4.4136950000000006 	 0.0270946111514055 
	 4.4230900000000002 	 -0.0010774803954781 
	 4.4324849999999998 	 -0.0294775266964828 
	 4.4418799999999994 	 -0.0580990389737172 
	 4.4512749999999999 	 -0.0869365751095229 
	 4.4606700000000004 	 -0.1159796510669984 
	 4.4700650000000000 	 -0.1452109138237603 
	 4.4794599999999996 	 -0.1746331937963242 
	 4.4888550000000000 	 -0.2042505664548331 
	 4.4982499999999996 	 -0.2340514738813247 
	 4.5076450000000001 	 -0.2640206989332620 
	 4.5170399999999997 	 -0.2941499689347515 
	 4.5264349999999993 	 -0.3244337696113226 
	 4.5358299999999998 	 -0.3548641195851097 
	 4.5452250000000003 	 -0.3854327673004219 
	 4.5546199999999999 	 -0.4161319942317120 
	 4.5640149999999995 	 -0.4469537454643755 
	 4.5734100000000000 	 -0.4778900315667245 
	 4.5828049999999996 	 -0.5089329557863784 
	 4.5922000000000001 	 -0.5400745623711098 
	 4.6015949999999997 	 -0.5713068262204750 
	 4.6109900000000001 	 -0.6026217947869136 
	 4.6203849999999997 	 -0.6340115256094169 
	 4.6297799999999993 	 -0.6654680783282585 
	 4.6391749999999998 	 -0.6969835200181723 
	 4.6485700000000003 	 -0.7285499376076821 
	 4.6579649999999999 	 -0.7601595129321458 
	 4.6673599999999995 	 -0.7918045461312715 
	 4.6767550000000000 	 -0.8234778284884938 
	 4.6861499999999996 	 -0.8551706247279025 
	 4.6955450000000001 	 -0.8868735136080209 
	 4.7049399999999997 	 -0.9185824631729574 
	 4.7143350000000002 	 -0.9502974362090159 
	 4.7237299999999998 	 -0.9820109814236537 
	 4.7331250000000002 	 -1.0137073194855113 
	 4.7425199999999998 	 -1.0453703216231034 
	 4.7519150000000003 	 -1.0769921516283718 
	 4.7613099999999999 	 -1.1085756095104691 
	 4.7707049999999995 	 -1.1401147180249480 
	 4.7801000000000000 	 -1.1716021049416108 
	 4.7894950000000005 	 -1.2030303980302524 
	 4.7988900000000001 	 -1.2343925155596913 
	 4.8082849999999997 	 -1.2656825653542301 
	 4.8176800000000002 	 -1.2968941283778839 
	 4.8270749999999998 	 -1.3280209826756395 
	 4.8364700000000003 	 -1.3590571471732227 
	 4.8458649999999999 	 -1.3899966922321518 
	 4.8552599999999995 	 -1.4208337152135562 
	 4.8646550000000000 	 -1.4515623258820627 
	 4.8740500000000004 	 -1.4821769816649970 
	 4.8834450000000000 	 -1.5126724918430319 
	 4.8928399999999996 	 -1.5430436813217800 
	 4.9022350000000001 	 -1.5732853750068538 
	 4.9116300000000006 	 -1.6033923981180385 
	 4.9210250000000002 	 -1.6333596718374330 
	 4.9304199999999998 	 -1.6631823480633632 
	 4.9398150000000003 	 -1.6928556126597989 
	 4.9492100000000008 	 -1.7223750242822349 
	 4.9586050000000004 	 -1.7517377235163383 
	 4.9680000000000000 	 -1.7809390195789208 
	 4.9773949999999996 	 -1.8099628210769241 
	 4.9867900000000001 	 -1.8388086371526287 
	 4.9961850000000005 	 -1.8674851501539675 
	 5.0055800000000001 	 -1.8959938191245362 
	 5.0149750000000006 	 -1.9243313023863107 
	 5.0243700000000002 	 -1.9524923281285813 
	 5.0337649999999989 	 -1.9804240489583953 
	 5.0431600000000003 	 -2.0081225384573647 
	 5.0525549999999999 	 -2.0356608330290507 
	 5.0619499999999995 	 -2.0630344610668070 
	 5.0713449999999991 	 -2.0902315848299939 
	 5.0807400000000005 	 -2.1172403665779767 
	 5.0901350000000001 	 -2.1440489685701052 
	 5.0995299999999997 	 -2.1706455530657438 
	 5.1089249999999993 	 -2.1970058672401152 
	 5.1183200000000006 	 -2.2230944715921792 
	 5.1277150000000002 	 -2.2490642840398625 
	 5.1371099999999998 	 -2.2747955310470429 
	 5.1465049999999994 	 -2.3002856299298857 
	 5.1558999999999999 	 -2.3255644138215272 
	 5.1652949999999995 	 -2.3506193121387078 
	 5.1746900000000000 	 -2.3754521950376319 
	 5.1840849999999996 	 -2.4000611454253153 
	 5.1934800000000001 	 -2.4244444117768196 
	 5.2028749999999997 	 -2.4486007387096929 
	 5.2122700000000002 	 -2.4725290945471796 
	 5.2216649999999998 	 -2.4962284621396824 
	 5.2310600000000003 	 -2.5196976184698663 
	 5.2404549999999999 	 -2.5429353129501551 
	 5.2498499999999995 	 -2.5659415497321891 
	 5.2592449999999999 	 -2.5887158662633136 
	 5.2686400000000004 	 -2.6112548522745529 
	 5.2780350000000000 	 -2.6335552513532501 
	 5.2874299999999996 	 -2.6556195613344000 
	 5.2968249999999992 	 -2.6774524849782879 
	 5.3062200000000006 	 -2.6990587295399582 
	 5.3156150000000002 	 -2.7204424108259082 
	 5.3250099999999998 	 -2.7415987122238499 
	 5.3344049999999994 	 -2.7625158984377651 
	 5.3437999999999999 	 -2.7831823279141119 
	 5.3531950000000004 	 -2.8035967418753232 
	 5.3625900000000000 	 -2.8237711403434660 
	 5.3719849999999996 	 -2.8437116474233752 
	 5.3813800000000001 	 -2.8634144165908642 
	 5.3907749999999997 	 -2.8828792285792226 
	 5.4001700000000001 	 -2.9021065057123394 
	 5.4095649999999997 	 -2.9210965813797527 
	 5.4189600000000002 	 -2.9398494520227070 
	 5.4283549999999998 	 -2.9583650901821006 
	 5.4377500000000003 	 -2.9766437807187507 
	 5.4471449999999999 	 -2.9946858713146840 
	 5.4565400000000004 	 -3.0124913689325314 
	 5.4659350000000000 	 -3.0300605350226060 
	 5.4753299999999996 	 -3.0473938755518466 
	 5.4847250000000001 	 -3.0644915759036317 
	 5.4941200000000006 	 -3.0813539744674610 
	 5.5035150000000002 	 -3.0979816283694026 
	 5.5129099999999998 	 -3.1143748586648554 
	 5.5223049999999994 	 -3.1305339725943231 
	 5.5317000000000007 	 -3.1464593734542459 
	 5.5410950000000003 	 -3.1621516533373080 
	 5.5504899999999999 	 -3.1776112845141964 
	 5.5598849999999995 	 -3.1928384609506186 
	 5.5692800000000009 	 -3.2078337935802526 
	 5.5786750000000005 	 -3.2225982541758165 
	 5.5880700000000001 	 -3.2371321655262295 
	 5.5974649999999997 	 -3.2514323686192204 
	 5.6068600000000011 	 -3.2655010351365634 
	 5.6162549999999998 	 -3.2793431497036964 
	 5.6256499999999994 	 -3.2929593859977513 
	 5.6350449999999999 	 -3.3063477101456344 
	 5.6444399999999995 	 -3.3195078055325724 
	 5.6538349999999999 	 -3.3324409454726842 
	 5.6632300000000004 	 -3.3451480192573575 
	 5.6726250000000000 	 -3.3576293587477788 
	 5.6820199999999996 	 -3.3698856905743075 
	 5.6914149999999992 	 -3.3819179590342223 
	 5.7008099999999997 	 -3.3937259898998220 
	 5.7102050000000002 	 -3.4053098303409297 
	 5.7195999999999998 	 -3.4166706910222215 
	 5.7289949999999994 	 -3.4278098216936423 
	 5.7383899999999999 	 -3.4387276300454745 
	 5.7477850000000004 	 -3.4494246109154121 
	 5.7571800000000000 	 -3.4599027411318213 
	 5.7665749999999996 	 -3.4701589343358883 
	 5.7759699999999992 	 -3.4801903141793278 
	 5.7853649999999996 	 -3.4900315667312323 
	 5.7947600000000001 	 -3.4996839594085078 
	 5.8041549999999997 	 -3.5090987404275693 
	 5.8135500000000002 	 -3.5182618850500345 
	 5.8229449999999998 	 -3.5272013754644820 
	 5.8323400000000003 	 -3.5359337547286080 
	 5.8417349999999999 	 -3.5444530026875243 
	 5.8511299999999995 	 -3.5527550903874903 
	 5.8605250000000000 	 -3.5608428359483906 
	 5.8699199999999996 	 -3.5687167165245399 
	 5.8793150000000001 	 -3.5763852489405381 
	 5.8887100000000006 	 -3.5838458024928563 
	 5.8981050000000002 	 -3.5910921988674636 
	 5.9074999999999998 	 -3.5981193039949764 
	 5.9168950000000002 	 -3.6049297437845258 
	 5.9262899999999998 	 -3.6115293091712961 
	 5.9356850000000003 	 -3.6179200148762587 
	 5.9450799999999999 	 -3.6241014469754549 
	 5.9544749999999995 	 -3.6300731749830959 
	 5.9638700000000000 	 -3.6358353636316831 
	 5.9732650000000005 	 -3.6413888080199448 
	 5.9826600000000001 	 -3.6467341823681290 
	 5.9920549999999997 	 -3.6518719346877750 
	 6.0014499999999993 	 -3.6568024945165103 
	 6.0108449999999998 	 -3.6615262911900919 
	 6.0202400000000003 	 -3.6660433956272978 
	 6.0296349999999999 	 -3.6703545118988221 
	 6.0390300000000003 	 -3.6744649322502263 
	 6.0484249999999999 	 -3.6783741832046535 
	 6.0578200000000004 	 -3.6820797551243061 
	 6.0672150000000000 	 -3.6855796166654180 
	 6.0766099999999996 	 -3.6888752911174523 
	 6.0860050000000001 	 -3.6919667529867519 
	 6.0953999999999997 	 -3.6948555085782711 
	 6.1047950000000002 	 -3.6975452428400910 
	 6.1141900000000007 	 -3.7000315186646633 
	 6.1235850000000003 	 -3.7023029276231916 
	 6.1329799999999999 	 -3.7043896679899215 
	 6.1423750000000004 	 -3.7063229844700500 
	 6.1517700000000000 	 -3.7080457039749395 
	 6.1611650000000004 	 -3.7095220542912775 
	 6.1705600000000000 	 -3.7107850770218942 
	 6.1799549999999996 	 -3.7118635939683635 
	 6.1893500000000010 	 -3.7127399570378410 
	 6.1987450000000006 	 -3.7133934963833348 
	 6.2081400000000002 	 -3.7138364931458616 
	 6.2175349999999998 	 -3.7140893590382600 
	 6.2269299999999994 	 -3.7141578427667832 
	 6.2363250000000008 	 -3.7140400664324846 
	 6.2457200000000004 	 -3.7137230290234902 
	 6.2551150000000000 	 -3.7132042382561763 
	 6.2645100000000005 	 -3.7124904420082543 
	 6.2739050000000010 	 -3.7115846098982250 
	 6.2833000000000006 	 -3.7104893950183997 
	 6.2926950000000001 	 -3.7091983159468218 
	 6.3020899999999997 	 -3.7076915776649626 
	 6.3114850000000002 	 -3.7059781641587168 
	 6.3208800000000007 	 -3.7041045037808540 
	 6.3302750000000003 	 -3.7020614088301471 
	 6.3396700000000008 	 -3.6998298772404814 
	 6.3490650000000004 	 -3.6973909069457456 
	 6.3584600000000000 	 -3.6947329686445092 
	 6.3678550000000005 	 -3.6918796679552099 
	 6.3772500000000001 	 -3.6888349010389461 
	 6.3866450000000006 	 -3.6855977596593612 
	 6.3960400000000002 	 -3.6821691170630140 
	 6.4054350000000007 	 -3.6785494586235670 
	 6.4148300000000011 	 -3.6747399509613050 
	 6.4242250000000007 	 -3.6707388548921687 
	 6.4336200000000003 	 -3.6665439827032733 
	 6.4430149999999999 	 -3.6621576756684524 
	 6.4524100000000004 	 -3.6575834085396437 
	 6.4618050000000009 	 -3.6528222349794417 
	 6.4712000000000005 	 -3.6478749742293415 
	 6.4805950000000001 	 -3.6427424455071740 
	 6.4899900000000006 	 -3.6374253561357897 
	 6.4993849999999993 	 -3.6319240430182727 
	 6.5087799999999998 	 -3.6262388239382419 
	 6.5181749999999994 	 -3.6203702963713251 
	 6.5275699999999990 	 -3.6143192535658719 
	 6.5369650000000004 	 -3.6080870604941575 
	 6.5463600000000000 	 -3.6016733591415853 
	 6.5557549999999996 	 -3.5950770976928395 
	 6.5651499999999992 	 -3.5883029110271965 
	 6.5745449999999988 	 -3.5813593487348387 
	 6.5839400000000001 	 -3.5742469152084744 
	 6.5933349999999997 	 -3.5669576160559870 
	 6.6027299999999993 	 -3.5594831759312506 
	 6.6121249999999998 	 -3.5518250842278465 
	 6.6215199999999994 	 -3.5439945918141182 
	 6.6309149999999999 	 -3.5359912006996503 
	 6.6403099999999995 	 -3.5278163640836042 
	 6.6497049999999991 	 -3.5194711401918095 
	 6.6590999999999996 	 -3.5109566473255223 
	 6.6684950000000001 	 -3.5022740843025821 
	 6.6778899999999997 	 -3.4934247567708230 
	 6.6872850000000001 	 -3.4844100049840412 
	 6.6966799999999997 	 -3.4752311415402328 
	 6.7060749999999993 	 -3.4658892078284484 
	 6.7154699999999998 	 -3.4563853013070247 
	 6.7248649999999994 	 -3.4467236400536274 
	 6.7342599999999999 	 -3.4369053739251143 
	 6.7436549999999995 	 -3.4269261868638354 
	 6.7530500000000000 	 -3.4167816409360379 
	 6.7624450000000005 	 -3.4064739634876502 
	 6.7718400000000001 	 -3.3960486694490859 
	 6.7812349999999997 	 -3.3855537621523646 
	 6.7906299999999993 	 -3.3749051825478409 
	 6.8000249999999998 	 -3.3640326008236889 
	 6.8094200000000003 	 -3.3529730797122883 
	 6.8188149999999998 	 -3.3417781774634912 
	 6.8282099999999994 	 -3.3304635807517808 
	 6.8376049999999999 	 -3.3190304805783453 
	 6.8469999999999995 	 -3.3074534588787556 
	 6.8563950000000000 	 -3.2956954854232086 
	 6.8657899999999996 	 -3.2837386537964215 
	 6.8751849999999992 	 -3.2718050100439000 
	 6.8845799999999997 	 -3.2597972796545380 
	 6.8939750000000002 	 -3.2475163187545952 
	 6.9033699999999998 	 -3.2351140365910234 
	 6.9127650000000003 	 -3.2225738148650884 
	 6.9221599999999999 	 -3.2098500067243054 
	 6.9315549999999995 	 -3.1971104641259576 
	 6.9409500000000000 	 -3.1842437957244845 
	 6.9503449999999996 	 -3.1712503110219159 
	 6.9597400000000000 	 -3.1581491687465069 
	 6.9691349999999996 	 -3.1449410255778214 
	 6.9785299999999992 	 -3.1316228851440280 
	 6.9879250000000006 	 -3.1181954175482032 
	 6.9973200000000002 	 -3.1046671067374900 
	 7.0067149999999998 	 -3.0910467494501868 
	 7.0161099999999994 	 -3.0773191461169720 
	 7.0255049999999990 	 -3.0634582050495047 
	 7.0349000000000004 	 -3.0494806532204244 
	 7.0442950000000000 	 -3.0354362540568713 
	 7.0536899999999996 	 -3.0213391251208250 
	 7.0630850000000001 	 -3.0071626860605827 
	 7.0724800000000005 	 -2.9928929148537193 
	 7.0818750000000001 	 -2.9785388919915556 
	 7.0912699999999997 	 -2.9641086366699918 
	 7.1006649999999993 	 -2.9496032749586032 
	 7.1100599999999998 	 -2.9350236576025175 
	 7.1194550000000003 	 -2.9203727682026099 
	 7.1288499999999999 	 -2.9056539060098814 
	 7.1382450000000004 	 -2.8908698212833253 
	 7.1476400000000000 	 -2.8760231010435802 
	 7.1570350000000005 	 -2.8611163322843551 
	 7.1664300000000001 	 -2.8461521019993645 
	 7.1758249999999997 	 -2.8311330032097972 
	 7.1852200000000002 	 -2.8160617123475644 
	 7.1946149999999998 	 -2.8009409667551086 
	 7.2040100000000002 	 -2.7857735046484193 
	 7.2134050000000007 	 -2.7705620470978052 
	 7.2228000000000003 	 -2.7553092937164658 
	 7.2321949999999999 	 -2.7400178879221837 
	 7.2415900000000004 	 -2.7246903797471922 
	 7.2509850000000000 	 -2.7093293934516893 
	 7.2603800000000005 	 -2.6939377561505125 
	 7.2697750000000001 	 -2.6785182883046730 
	 7.2791699999999997 	 -2.6630733116735219 
	 7.2885650000000002 	 -2.6476043990260534 
	 7.2979600000000007 	 -2.6321171933491181 
	 7.3073550000000003 	 -2.6166145916075312 
	 7.3167499999999999 	 -2.6010740257963785 
	 7.3261449999999995 	 -2.5855249254601160 
	 7.3355399999999999 	 -2.5699852458808250 
	 7.3449350000000004 	 -2.5544395109091438 
	 7.3543300000000000 	 -2.5388831286053741 
	 7.3637250000000005 	 -2.5233222487611240 
	 7.3731200000000001 	 -2.5077620462851287 
	 7.3825150000000006 	 -2.4922058740358790 
	 7.3919100000000002 	 -2.4766569190925232 
	 7.4013049999999998 	 -2.4611097901404446 
	 7.4107000000000003 	 -2.4455537239579099 
	 7.4200949999999999 	 -2.4300116297381740 
	 7.4294900000000004 	 -2.4145020085990878 
	 7.4388850000000009 	 -2.3990086464460112 
	 7.4482800000000005 	 -2.3835312310133654 
	 7.4576750000000001 	 -2.3680769905266015 
	 7.4670700000000005 	 -2.3526525352551775 
	 7.4764650000000001 	 -2.3372591331954786 
	 7.4858600000000006 	 -2.3218953206826316 
	 7.4952550000000002 	 -2.3065596120381526 
	 7.5046499999999998 	 -2.2912505215835539 
	 7.5140450000000012 	 -2.2759666890966517 
	 7.5234400000000008 	 -2.2607108544039347 
	 7.5328350000000004 	 -2.2454906158852195 
	 7.5422300000000000 	 -2.2303095461487850 
	 7.5516249999999996 	 -2.2151695680091255 
	 7.5610200000000010 	 -2.2000753155064507 
	 7.5704150000000006 	 -2.1850132998718657 
	 7.5798100000000002 	 -2.1699732260928242 
	 7.5892050000000006 	 -2.1549660711135954 
	 7.5986000000000002 	 -2.1400074691430380 
	 7.6079950000000007 	 -2.1251130543900092 
	 7.6173900000000003 	 -2.1102954801516378 
	 7.6267849999999999 	 -2.0955443948798136 
	 7.6361800000000004 	 -2.0808387423113581 
	 7.6455750000000009 	 -2.0661600564802636 
	 7.6549700000000005 	 -2.0515305758187186 
	 7.6643650000000010 	 -2.0370044216282324 
	 7.6737599999999988 	 -2.0226345576622768 
	 7.6831549999999993 	 -2.0083959068384347 
	 7.6925499999999998 	 -1.9941628258876545 
	 7.7019449999999994 	 -1.9798774752016020 
	 7.7113399999999999 	 -1.9656185414235807 
	 7.7207349999999995 	 -1.9514504688711578 
	 7.7301299999999991 	 -1.9373619688068420 
	 7.7395249999999995 	 -1.9233348126799923 
	 7.7489199999999991 	 -1.9093712663213971 
	 7.7583149999999996 	 -1.8954776539558740 
	 7.7677099999999992 	 -1.8816554483169847 
	 7.7771049999999997 	 -1.8679044165689831 
	 7.7865000000000002 	 -1.8542244394346621 
	 7.7958949999999998 	 -1.8406165715470815 
	 7.8052899999999994 	 -1.8270819024867129 
	 7.8146849999999990 	 -1.8136210275700138 
	 7.8240799999999995 	 -1.8002345311493280 
	 7.8334750000000000 	 -1.7869229975770016 
	 7.8428699999999996 	 -1.7736870112053793 
	 7.8522649999999992 	 -1.7605271561233304 
	 7.8616600000000005 	 -1.7474439815294398 
	 7.8710550000000001 	 -1.7344379671360148 
	 7.8804499999999997 	 -1.7215095440583219 
	 7.8898449999999993 	 -1.7086590276624398 
	 7.8992399999999989 	 -1.6958870048296082 
	 7.9086350000000003 	 -1.6831948167689172 
	 7.9180299999999999 	 -1.6705817109163159 
	 7.9274249999999995 	 -1.6580461658971419 
	 7.9368200000000000 	 -1.6455870591151076 
	 7.9462149999999996 	 -1.6332070354701704 
	 7.9556100000000001 	 -1.6209104227183175 
	 7.9650049999999997 	 -1.6086958794001920 
	 7.9743999999999993 	 -1.5965613750659988 
	 7.9837949999999998 	 -1.5845076299703489 
	 7.9931900000000002 	 -1.5725347217671177 
	 8.0025849999999998 	 -1.5606427247489678 
	 8.0119799999999994 	 -1.5488317673187095 
	 8.0213749999999990 	 -1.5371019455043404 
	 8.0307700000000004 	 -1.5254532753524745 
	 8.0401650000000000 	 -1.5138857624562547 
	 8.0495599999999996 	 -1.5023994124088165 
	 8.0589549999999992 	 -1.4909942009977220 
	 8.0683500000000006 	 -1.4796699667791444 
	 8.0777450000000002 	 -1.4684265634628653 
	 8.0871399999999998 	 -1.4572642182979780 
	 8.0965349999999994 	 -1.4461831912168379 
	 8.1059300000000007 	 -1.4351824464987217 
	 8.1153250000000003 	 -1.4242604047999161 
	 8.1247199999999999 	 -1.4134194184908311 
	 8.1341149999999995 	 -1.4026649242273712 
	 8.1435099999999991 	 -1.3919953457425587 
	 8.1529050000000005 	 -1.3814008499560098 
	 8.1623000000000001 	 -1.3708789925435509 
	 8.1716949999999997 	 -1.3604385234379486 
	 8.1810899999999993 	 -1.3500825006790018 
	 8.1904849999999989 	 -1.3398057463604747 
	 8.1998800000000003 	 -1.3296032274031344 
	 8.2092749999999999 	 -1.3194742654260390 
	 8.2186699999999995 	 -1.3094206448968249 
	 8.2280649999999991 	 -1.2994518736517982 
	 8.2374600000000004 	 -1.2895673987677594 
	 8.2468550000000000 	 -1.2796967449305898 
	 8.2562499999999996 	 -1.2699334578763017 
	 8.2656449999999992 	 -1.2602830144505694 
	 8.2750399999999988 	 -1.2506957921865580 
	 8.2844350000000002 	 -1.2411836686555375 
	 8.2938299999999998 	 -1.2317496490593378 
	 8.3032249999999994 	 -1.2223896108286518 
	 8.3126200000000008 	 -1.2131043449849879 
	 8.3220150000000004 	 -1.2038942809922624 
	 8.3314100000000000 	 -1.1947585610416909 
	 8.3408049999999996 	 -1.1856961931737520 
	 8.3501999999999992 	 -1.1767061854305074 
	 8.3595950000000006 	 -1.1677877204620011 
	 8.3689900000000002 	 -1.1589406361623038 
	 8.3783849999999997 	 -1.1501649240993739 
	 8.3877800000000011 	 -1.1414605233443338 
	 8.3971750000000007 	 -1.1328270181687961 
	 8.4065700000000003 	 -1.1242638531260705 
	 8.4159649999999999 	 -1.1157705460214480 
	 8.4253599999999995 	 -1.1073466500163471 
	 8.4347550000000009 	 -1.0989917128020148 
	 8.4441500000000005 	 -1.0907052822181746 
	 8.4535450000000001 	 -1.0824869145236073 
	 8.4629399999999997 	 -1.0743361749801379 
	 8.4723350000000011 	 -1.0662525738699509 
	 8.4817300000000007 	 -1.0582355713353966 
	 8.4911250000000003 	 -1.0502846997051316 
	 8.5005199999999999 	 -1.0423995632888183 
	 8.5099149999999995 	 -1.0345798555243757 
	 8.5193100000000008 	 -1.0268250064524378 
	 8.5287050000000004 	 -1.0191344149107462 
	 8.5381000000000000 	 -1.0115076345796519 
	 8.5474949999999996 	 -1.0039442673353081 
	 8.5568900000000010 	 -0.9964438993238576 
	 8.5662850000000006 	 -0.9890059811031555 
	 8.5756800000000002 	 -0.9816299927288491 
	 8.5850749999999998 	 -0.9743154824883395 
	 8.5944700000000012 	 -0.9670619997208103 
	 8.6038650000000008 	 -0.9598690917234289 
	 8.6132600000000004 	 -0.9527363036181598 
	 8.6226550000000000 	 -0.9456631802155462 
	 8.6320499999999996 	 -0.9386492478692979 
	 8.6414450000000009 	 -0.9316939924778760 
	 8.6508400000000005 	 -0.9247968688539511 
	 8.6602350000000001 	 -0.9179573910425005 
	 8.6696299999999997 	 -0.9111752781980031 
	 8.6790249999999993 	 -0.9044500528242218 
	 8.6884200000000007 	 -0.8977811887969301 
	 8.6978150000000003 	 -0.8911682105563257 
	 8.7072099999999999 	 -0.8846106607103127 
	 8.7166049999999995 	 -0.8781080897794080 
	 8.7259999999999991 	 -0.8716600477610934 
	 8.7353950000000005 	 -0.8652660279660130 
	 8.7447900000000001 	 -0.8589254937955456 
	 8.7541850000000014 	 -0.8526381107659838 
	 8.7635800000000010 	 -0.8464035637964634 
	 8.7729750000000006 	 -0.8402213337848867 
	 8.7823700000000002 	 -0.8340908940658038 
	 8.7917649999999998 	 -0.8280117635613974 
	 8.8011599999999994 	 -0.8219835375811285 
	 8.8105549999999990 	 -0.8160058200764753 
	 8.8199500000000022 	 -0.8100781998172559 
	 8.8293450000000018 	 -0.8042002146765497 
	 8.8387400000000014 	 -0.7983713918735342 
	 8.8481349999999992 	 -0.7925912677441409 
	 8.8575299999999988 	 -0.7868594359730751 
	 8.8669249999999984 	 -0.7811755419975192 
	 8.8763199999999998 	 -0.7755393073815138 
	 8.8857149999999994 	 -0.7699500478176442 
	 8.8951099999999990 	 -0.7644073468765743 
	 8.9045050000000003 	 -0.7589109415628560 
	 8.9138999999999999 	 -0.7534603187277663 
	 8.9232949999999995 	 -0.7480550899974926 
	 8.9326899999999991 	 -0.7426949617140016 
	 8.9420850000000005 	 -0.7373794877867389 
	 8.9514800000000001 	 -0.7321081346125372 
	 8.9608749999999997 	 -0.7268804932431195 
	 8.9702699999999993 	 -0.7216964122065614 
	 8.9796649999999989 	 -0.7165554477546274 
	 8.9890599999999985 	 -0.7114564843066845 
	 8.9984549999999999 	 -0.7064005520495849 
	 9.0078499999999995 	 -0.7013872460696672 
	 9.0172449999999991 	 -0.6964099909660777 
	 9.0266400000000004 	 -0.6915079989277524 
	 9.0360350000000000 	 -0.6866413227977154 
	 9.0454299999999996 	 -0.6817845825280149 
	 9.0548249999999992 	 -0.6769668025850069 
	 9.0642199999999988 	 -0.6721972513936157 
	 9.0736149999999984 	 -0.6674652385431277 
	 9.0830099999999980 	 -0.6627669097472276 
	 9.0924050000000012 	 -0.6581087204558771 
	 9.1018000000000008 	 -0.6534928601647330 
	 9.1111950000000004 	 -0.6489144352427714 
	 9.1205900000000000 	 -0.6443731629306034 
	 9.1299849999999996 	 -0.6398693250056271 
	 9.1393799999999992 	 -0.6354024531315339 
	 9.1487749999999988 	 -0.6309719526153497 
	 9.1581699999999984 	 -0.6265774006315948 
	 9.1675649999999997 	 -0.6222186005790535 
	 9.1769600000000011 	 -0.6178953935491337 
	 9.1863550000000007 	 -0.6136073541207104 
	 9.1957500000000003 	 -0.6093539375203685 
	 9.2051449999999999 	 -0.6051349035108534 
	 9.2145399999999995 	 -0.6009502399253577 
	 9.2239349999999991 	 -0.5967998611142956 
	 9.2333299999999987 	 -0.5926811793105662 
	 9.2427250000000001 	 -0.5886009947684420 
	 9.2521200000000015 	 -0.5845679511965695 
	 9.2615150000000011 	 -0.5805626651346538 
	 9.2709100000000007 	 -0.5765747896767859 
	 9.2803050000000002 	 -0.5726183204891185 
	 9.2896999999999998 	 -0.5686951964558633 
	 9.2990949999999994 	 -0.5648042523142590 
	 9.3084899999999990 	 -0.5609443228015452 
	 9.3178849999999986 	 -0.5571144514854122 
	 9.3272800000000000 	 -0.5533150445725760 
	 9.3366749999999996 	 -0.5495467024750305 
	 9.3460700000000010 	 -0.5458068625616989 
	 9.3554650000000006 	 -0.5420952472763185 
	 9.3648600000000002 	 -0.5384143203833534 
	 9.3742549999999998 	 -0.5347632164013530 
	 9.3836499999999994 	 -0.5311398542965676 
	 9.3930450000000008 	 -0.5275443835666556 
	 9.4024400000000004 	 -0.5239770780881717 
	 9.4118350000000000 	 -0.5204379292962542 
	 9.4212299999999995 	 -0.5169264466367087 
	 9.4306249999999991 	 -0.5134423006146608 
	 9.4400200000000005 	 -0.5099854287342216 
	 9.4494150000000001 	 -0.5065557287659344 
	 9.4588099999999997 	 -0.5031530808142917 
	 9.4682049999999993 	 -0.4997774488058311 
	 9.4776000000000007 	 -0.4964291095086771 
	 9.4869950000000003 	 -0.4931073609490517 
	 9.4963899999999999 	 -0.4898120832536057 
	 9.5057849999999995 	 -0.4865436947538556 
	 9.5151799999999991 	 -0.4833018365269608 
	 9.5245749999999987 	 -0.4800860357761784 
	 9.5339700000000001 	 -0.4768962228945625 
	 9.5433650000000014 	 -0.4737321502312686 
	 9.5527600000000010 	 -0.4705934270397491 
	 9.5621550000000006 	 -0.4674797364053915 
	 9.5715500000000002 	 -0.4643907312401034 
	 9.5809449999999998 	 -0.4613261493108776 
	 9.5903399999999994 	 -0.4582857161851803 
	 9.5997349999999990 	 -0.4552690871527426 
	 9.6091299999999986 	 -0.4522759045332187 
	 9.6185250000000000 	 -0.4493058305100185 
	 9.6279200000000014 	 -0.4463586323097685 
	 9.6373150000000010 	 -0.4434341117527280 
	 9.6467100000000006 	 -0.4405320537421915 
	 9.6561050000000002 	 -0.4376520767381752 
	 9.6654999999999998 	 -0.4347937428599343 
	 9.6748949999999994 	 -0.4319571848146430 
	 9.6842899999999990 	 -0.4291423288193680 
	 9.6936850000000003 	 -0.4263486967041346 
	 9.7030800000000017 	 -0.4235760573769764 
	 9.7124750000000013 	 -0.4208241949681689 
	 9.7218700000000009 	 -0.4180929766604463 
	 9.7312650000000005 	 -0.4153823560136926 
	 9.7406600000000001 	 -0.4126921477867767 
	 9.7500549999999997 	 -0.4100221030370733 
	 9.7594499999999993 	 -0.4073719433066796 
	 9.7688449999999989 	 -0.4047417884546423 
	 9.7782400000000003 	 -0.4021314433846384 
	 9.7876350000000016 	 -0.3995388670673198 
	 9.7970300000000012 	 -0.3969653241376179 
	 9.8064250000000008 	 -0.3944138868252550 
	 9.8158200000000004 	 -0.3918872086196471 
	 9.8252150000000000 	 -0.3893820363364330 
	 9.8346099999999996 	 -0.3868910468798782 
	 9.8440050000000010 	 -0.3844128157416518 
	 9.8534000000000006 	 -0.3819520106234254 
	 9.8627950000000002 	 -0.3795109852741334 
	 9.8721899999999998 	 -0.3770883727134895 
	 9.8815850000000012 	 -0.3746831239506172 
	 9.8909800000000008 	 -0.3722954236165667 
	 9.9003750000000004 	 -0.3699254713497297 
	 9.9097700000000000 	 -0.3675730709666101 
	 9.9191649999999996 	 -0.3652379540594997 
	 9.9285600000000009 	 -0.3629198687985316 
	 9.9379550000000005 	 -0.3606186671068995 
	 9.9473500000000001 	 -0.3583343379883427 
	 9.9567449999999997 	 -0.3560668638200729 
	 9.9661400000000011 	 -0.3538157937446647 
	 9.9755350000000007 	 -0.3515809653104076 
	 9.9849300000000003 	 -0.3493625634260207 
	 9.9943250000000017 	 -0.3471603381520430 
	 10.0037200000000013 	 -0.3449740172802737 
	 10.0131150000000009 	 -0.3428036134962600 
	 10.0225099999999987 	 -0.3406489627811916 
	 10.0319049999999983 	 -0.3385098876366289 
	 10.0412999999999979 	 -0.3363862358379842 
	 10.0506950000000010 	 -0.3342778921835697 
	 10.0600900000000006 	 -0.3321846984633111 
	 10.0694850000000002 	 -0.3301065171284971 
	 10.0788799999999998 	 -0.3280433000282266 
	 10.0882749999999994 	 -0.3259949170714049 
	 10.0976699999999990 	 -0.3239612016032338 
	 10.1070649999999986 	 -0.3219419727982326 
	 10.1164600000000000 	 -0.3199371795488276 
	 10.1258549999999996 	 -0.3179468212443921 
	 10.1352499999999992 	 -0.3159706103279069 
	 10.1446450000000006 	 -0.3140084073555461 
	 10.1540400000000002 	 -0.3120602002897613 
	 10.1634349999999998 	 -0.3101257912575280 
	 10.1728299999999994 	 -0.3082049761404667 
	 10.1822249999999990 	 -0.3062977420283697 
	 10.1916199999999986 	 -0.3044041517125254 
	 10.2010149999999999 	 -0.3025238958963726 
	 10.2104099999999995 	 -0.3006568491939832 
	 10.2198049999999991 	 -0.2988029223378214 
	 10.2291999999999987 	 -0.2969620260603516 
	 10.2385950000000001 	 -0.2951340710940379 
	 10.2479899999999997 	 -0.2933189681713455 
	 10.2573849999999993 	 -0.2915166280247385 
	 10.2667800000000007 	 -0.2897269613866809 
	 10.2761750000000003 	 -0.2879498789896381 
	 10.2855699999999999 	 -0.2861852915660739 
	 10.2949649999999995 	 -0.2844331098484530 
	 10.3043599999999991 	 -0.2826932445692397 
	 10.3137550000000005 	 -0.2809656064608981 
	 10.3231500000000000 	 -0.2792501062558936 
	 10.3325449999999996 	 -0.2775466546866900 
	 10.3419399999999992 	 -0.2758551624857519 
	 10.3513350000000006 	 -0.2741755403855436 
	 10.3607300000000002 	 -0.2725076991185298 
	 10.3701249999999998 	 -0.2708515494171750 
	 10.3795199999999994 	 -0.2692070020139435 
	 10.3889149999999990 	 -0.2675739676412997 
	 10.3983099999999986 	 -0.2659523570317082 
	 10.4077050000000000 	 -0.2643420809176331 
	 10.4171000000000014 	 -0.2627430500315390 
	 10.4264950000000010 	 -0.2611551751058909 
	 10.4358900000000006 	 -0.2595783668731529 
	 10.4452850000000002 	 -0.2580125360657893 
	 10.4546799999999998 	 -0.2564575934162648 
	 10.4640749999999993 	 -0.2549134496570437 
	 10.4734699999999989 	 -0.2533800155205904 
	 10.4828649999999985 	 -0.2518572017393695 
	 10.4922599999999981 	 -0.2503449190458453 
	 10.5016550000000013 	 -0.2488430781414803 
	 10.5110500000000009 	 -0.2473515806243846 
	 10.5204450000000005 	 -0.2458703063704757 
	 10.5298400000000001 	 -0.2443991320845459 
	 10.5392349999999997 	 -0.2429379344713870 
	 10.5486299999999993 	 -0.2414865902357909 
	 10.5580249999999989 	 -0.2400449760825497 
	 10.5674200000000003 	 -0.2386129687164552 
	 10.5768149999999999 	 -0.2371904448422996 
	 10.5862100000000012 	 -0.2357772811648747 
	 10.5956050000000008 	 -0.2343733543889729 
	 10.6050000000000004 	 -0.2329785430869810 
	 10.6143949999999982 	 -0.2315927629273242 
	 10.6237899999999996 	 -0.2302159636850054 
	 10.6331849999999992 	 -0.2288480964034089 
	 10.6425799999999988 	 -0.2274891121259180 
	 10.6519749999999984 	 -0.2261389618959164 
	 10.6613699999999998 	 -0.2247975967567872 
	 10.6707649999999994 	 -0.2234649677519147 
	 10.6801600000000008 	 -0.2221410259246819 
	 10.6895550000000004 	 -0.2208257223184729 
	 10.6989500000000000 	 -0.2195190079766709 
	 10.7083449999999996 	 -0.2182208326623524 
	 10.7177400000000009 	 -0.2169311389600791 
	 10.7271349999999988 	 -0.2156498669541136 
	 10.7365300000000001 	 -0.2143769567261663 
	 10.7459249999999980 	 -0.2131123483579498 
	 10.7553199999999993 	 -0.2118559819311745 
	 10.7647149999999989 	 -0.2106077975275525 
	 10.7741100000000003 	 -0.2093677352287948 
	 10.7835049999999999 	 -0.2081357351166135 
	 10.7928999999999995 	 -0.2069117372727194 
	 10.8022949999999991 	 -0.2056956817788244 
	 10.8116900000000005 	 -0.2044875087166395 
	 10.8210849999999983 	 -0.2032871581678768 
	 10.8304799999999997 	 -0.2020945702142468 
	 10.8398749999999993 	 -0.2009096849374618 
	 10.8492700000000006 	 -0.1997324424192327 
	 10.8586650000000002 	 -0.1985627827412714 
	 10.8680600000000016 	 -0.1974006459852889 
	 10.8774549999999994 	 -0.1962459722329973 
	 10.8868500000000008 	 -0.1950987015661072 
	 10.8962449999999986 	 -0.1939587740663309 
	 10.9056400000000000 	 -0.1928261298153790 
	 10.9150349999999978 	 -0.1917007088949638 
	 10.9244299999999992 	 -0.1905824513867959 
	 10.9338249999999988 	 -0.1894712973725873 
	 10.9432200000000002 	 -0.1883671869340491 
	 10.9526149999999998 	 -0.1872700601528932 
	 10.9620100000000011 	 -0.1861798571108305 
	 10.9714049999999990 	 -0.1850965178895732 
	 10.9808000000000003 	 -0.1840199825708320 
	 10.9901949999999999 	 -0.1829501912363187 
	 10.9995899999999995 	 -0.1818870839677447 
	 11.0089849999999991 	 -0.1808306044268614 
	 11.0183800000000005 	 -0.1797807126010020 
	 11.0277750000000001 	 -0.1787373731285334 
	 11.0371700000000015 	 -0.1777005506481617 
	 11.0465649999999993 	 -0.1766702097985936 
	 11.0559600000000007 	 -0.1756463152185349 
	 11.0653549999999985 	 -0.1746288315466928 
	 11.0747499999999999 	 -0.1736177234217729 
	 11.0841449999999995 	 -0.1726129554824822 
	 11.0935399999999991 	 -0.1716144923675269 
	 11.1029349999999987 	 -0.1706222986877683 
	 11.1123300000000000 	 -0.1696363371009504 
	 11.1217249999999996 	 -0.1686565670628629 
	 11.1311200000000010 	 -0.1676829477323859 
	 11.1405150000000006 	 -0.1667154382684006 
	 11.1499100000000002 	 -0.1657539978297873 
	 11.1593049999999998 	 -0.1647985855754267 
	 11.1687000000000012 	 -0.1638491606641993 
	 11.1780949999999990 	 -0.1629056822549862 
	 11.1874900000000004 	 -0.1619681095066673 
	 11.1968849999999982 	 -0.1610364015781241 
	 11.2062799999999996 	 -0.1601105176282365 
	 11.2156749999999992 	 -0.1591904168158856 
	 11.2250700000000005 	 -0.1582760582999516 
	 11.2344650000000001 	 -0.1573674012393156 
	 11.2438599999999997 	 -0.1564644047928582 
	 11.2532549999999993 	 -0.1555670281194597 
	 11.2626500000000007 	 -0.1546752303780009 
	 11.2720449999999985 	 -0.1537889707273628 
	 11.2814399999999999 	 -0.1529082083264254 
	 11.2908350000000013 	 -0.1520329023340697 
	 11.3002300000000009 	 -0.1511630119091764 
	 11.3096250000000005 	 -0.1502984962106261 
	 11.3190200000000019 	 -0.1494393143972991 
	 11.3284149999999997 	 -0.1485854256280768 
	 11.3378100000000011 	 -0.1477367890618390 
	 11.3472049999999989 	 -0.1468933638574670 
	 11.3566000000000003 	 -0.1460551091738408 
	 11.3659949999999981 	 -0.1452219841698418 
	 11.3753899999999994 	 -0.1443939480043498 
	 11.3847850000000008 	 -0.1435709598362459 
	 11.3941800000000004 	 -0.1427529788244109 
	 11.4035750000000000 	 -0.1419399642362277 
	 11.4129700000000014 	 -0.1411318800862789 
	 11.4223649999999992 	 -0.1403286968808206 
	 11.4317600000000006 	 -0.1395303855942526 
	 11.4411550000000002 	 -0.1387369172009755 
	 11.4505499999999998 	 -0.1379482626753895 
	 11.4599449999999994 	 -0.1371643929918949 
	 11.4693400000000025 	 -0.1363852791248917 
	 11.4787350000000004 	 -0.1356108920487810 
	 11.4881300000000017 	 -0.1348412027379623 
	 11.4975249999999996 	 -0.1340761821668366 
	 11.5069200000000009 	 -0.1333158010828478 
	 11.5163149999999987 	 -0.1325600281669701 
	 11.5257100000000001 	 -0.1318088309962641 
	 11.5351049999999997 	 -0.1310621771374081 
	 11.5444999999999993 	 -0.1303200341570799 
	 11.5538950000000007 	 -0.1295823696219570 
	 11.5632900000000021 	 -0.1288491510987173 
	 11.5726849999999999 	 -0.1281203461540390 
	 11.5820800000000013 	 -0.1273959223545992 
	 11.5914750000000009 	 -0.1266758472670761 
	 11.6008700000000005 	 -0.1259600884590900 
	 11.6102650000000001 	 -0.1252486150426235 
	 11.6196600000000014 	 -0.1245414008191002 
	 11.6290549999999993 	 -0.1238384204767211 
	 11.6384500000000006 	 -0.1231396487036862 
	 11.6478450000000002 	 -0.1224450601881967 
	 11.6572400000000016 	 -0.1217546296184530 
	 11.6666349999999994 	 -0.1210683316826559 
	 11.6760300000000008 	 -0.1203861410690058 
	 11.6854250000000004 	 -0.1197080324657035 
	 11.6948200000000000 	 -0.1190339805609497 
	 11.7042149999999996 	 -0.1183639600170670 
	 11.7136100000000010 	 -0.1176979447287040 
	 11.7230049999999988 	 -0.1170359077126889 
	 11.7324000000000002 	 -0.1163778219378178 
	 11.7417950000000015 	 -0.1157236603728874 
	 11.7511900000000011 	 -0.1150733959866942 
	 11.7605850000000007 	 -0.1144270017480347 
	 11.7699800000000021 	 -0.1137844506257052 
	 11.7793749999999999 	 -0.1131457155885025 
	 11.7887699999999978 	 -0.1125107696052229 
	 11.7981649999999991 	 -0.1118795856446626 
	 11.8075599999999987 	 -0.1112521366756185 
	 11.8169549999999983 	 -0.1106283956668869 
	 11.8263499999999997 	 -0.1100083355872641 
	 11.8357450000000011 	 -0.1093919294055468 
	 11.8451399999999989 	 -0.1087791500905317 
	 11.8545350000000003 	 -0.1081699706110148 
	 11.8639299999999999 	 -0.1075643639357930 
	 11.8733249999999995 	 -0.1069623030336625 
	 11.8827199999999991 	 -0.1063637608734198 
	 11.8921150000000004 	 -0.1057687104238615 
	 11.9015099999999983 	 -0.1051771246609675 
	 11.9109049999999996 	 -0.1045889792376486 
	 11.9202999999999992 	 -0.1040042564808600 
	 11.9296950000000006 	 -0.1034229397403831 
	 11.9390899999999984 	 -0.1028450123659997 
	 11.9484849999999998 	 -0.1022704577074911 
	 11.9578799999999994 	 -0.1016992591146392 
	 11.9672749999999990 	 -0.1011313999372255 
	 11.9766699999999986 	 -0.1005668635250316 
	 11.9860650000000000 	 -0.1000056332278390 
	 11.9954599999999978 	 -0.0994476923954296 
	 12.0048550000000009 	 -0.0988930243775845 
	 12.0142500000000005 	 -0.0983416125240858 
	 12.0236450000000001 	 -0.0977934401847149 
	 12.0330399999999997 	 -0.0972484907092534 
	 12.0424350000000011 	 -0.0967067474474829 
	 12.0518299999999989 	 -0.0961681937491851 
	 12.0612250000000003 	 -0.0956328129641414 
	 12.0706199999999981 	 -0.0951005884421336 
	 12.0800149999999995 	 -0.0945715035329432 
	 12.0894099999999991 	 -0.0940455415863518 
	 12.0988050000000005 	 -0.0935226859521409 
	 12.1082000000000001 	 -0.0930029184745803 
	 12.1175949999999997 	 -0.0924862121465783 
	 12.1269899999999993 	 -0.0919725367368042 
	 12.1363850000000006 	 -0.0914618620092673 
	 12.1457799999999985 	 -0.0909541577279775 
	 12.1551749999999998 	 -0.0904493936569438 
	 12.1645699999999994 	 -0.0899475395601761 
	 12.1739649999999990 	 -0.0894485652016838 
	 12.1833600000000004 	 -0.0889524403454763 
	 12.1927550000000018 	 -0.0884591347555633 
	 12.2021499999999996 	 -0.0879686182319364 
	 12.2115450000000010 	 -0.0874808660019149 
	 12.2209399999999988 	 -0.0869958644667744 
	 12.2303350000000002 	 -0.0865136014046391 
	 12.2397299999999980 	 -0.0860340645936343 
	 12.2491249999999994 	 -0.0855572418118843 
	 12.2585199999999990 	 -0.0850831208375142 
	 12.2679150000000003 	 -0.0846116894486485 
	 12.2773099999999999 	 -0.0841429354234121 
	 12.2867050000000013 	 -0.0836768465399297 
	 12.2960999999999991 	 -0.0832134105763262 
	 12.3054950000000005 	 -0.0827526153107261 
	 12.3148900000000001 	 -0.0822944485212544 
	 12.3242849999999997 	 -0.0818388979860357 
	 12.3336799999999993 	 -0.0813859514831948 
	 12.3430750000000007 	 -0.0809355967908564 
	 12.3524700000000003 	 -0.0804878216871454 
	 12.3618650000000017 	 -0.0800426139501864 
	 12.3712599999999995 	 -0.0795999613581043 
	 12.3806550000000009 	 -0.0791598516890237 
	 12.3900499999999987 	 -0.0787222727210696 
	 12.3994450000000001 	 -0.0782872122323664 
	 12.4088399999999996 	 -0.0778546567169186 
	 12.4182349999999992 	 -0.0774245865341121 
	 12.4276299999999988 	 -0.0769969802134782 
	 12.4370250000000002 	 -0.0765718162842302 
	 12.4464199999999998 	 -0.0761490732755814 
	 12.4558150000000012 	 -0.0757287297167453 
	 12.4652100000000008 	 -0.0753107641369352 
	 12.4746050000000004 	 -0.0748951550653645 
	 12.4840000000000000 	 -0.0744818810312465 
	 12.4933950000000014 	 -0.0740709205637946 
	 12.5027899999999992 	 -0.0736622522131222 
	 12.5121850000000006 	 -0.0732558561867802 
	 12.5215799999999984 	 -0.0728517155248919 
	 12.5309750000000015 	 -0.0724498135448798 
	 12.5403699999999994 	 -0.0720501335641674 
	 12.5497650000000007 	 -0.0716526589001772 
	 12.5591600000000003 	 -0.0712573728703323 
	 12.5685549999999999 	 -0.0708642587920558 
	 12.5779499999999995 	 -0.0704732999827705 
	 12.5873450000000009 	 -0.0700844797598994 
	 12.5967399999999987 	 -0.0696977814408655 
	 12.6061350000000001 	 -0.0693131883430916 
	 12.6155299999999997 	 -0.0689306837840009 
	 12.6249250000000011 	 -0.0685502510810162 
	 12.6343200000000007 	 -0.0681718735515605 
	 12.6437150000000020 	 -0.0677955345130566 
	 12.6531099999999999 	 -0.0674212172829279 
	 12.6625050000000012 	 -0.0670489051785969 
	 12.6718999999999991 	 -0.0666785815174868 
	 12.6812950000000004 	 -0.0663102296170203 
	 12.6906899999999982 	 -0.0659438327946208 
	 12.7000849999999996 	 -0.0655793743677108 
	 12.7094800000000010 	 -0.0652168376537135 
	 12.7188750000000006 	 -0.0648562059700519 
	 12.7282700000000002 	 -0.0644974626341488 
	 12.7376650000000016 	 -0.0641405909634272 
	 12.7470599999999994 	 -0.0637855742753103 
	 12.7564550000000008 	 -0.0634323958872206 
	 12.7658500000000004 	 -0.0630810391165814 
	 12.7752450000000000 	 -0.0627314872808156 
	 12.7846399999999996 	 -0.0623837236973462 
	 12.7940350000000009 	 -0.0620377316835959 
	 12.8034300000000005 	 -0.0616934947496703 
	 12.8128250000000019 	 -0.0613510057073193 
	 12.8222199999999997 	 -0.0610102706180746 
	 12.8316150000000011 	 -0.0606712965568915 
	 12.8410099999999989 	 -0.0603340905987257 
	 12.8504050000000003 	 -0.0599986598185324 
	 12.8597999999999999 	 -0.0596650112912674 
	 12.8691949999999995 	 -0.0593331520918860 
	 12.8785899999999991 	 -0.0590030892953437 
	 12.8879850000000022 	 -0.0586748299765958 
	 12.8973800000000001 	 -0.0583483812105981 
	 12.9067750000000014 	 -0.0580237500723058 
	 12.9161700000000010 	 -0.0577009436366746 
	 12.9255650000000006 	 -0.0573799689786598 
	 12.9349600000000002 	 -0.0570608331732169 
	 12.9443550000000016 	 -0.0567435432953014 
	 12.9537499999999994 	 -0.0564281064198688 
	 12.9631449999999973 	 -0.0561145296218747 
	 12.9725400000000004 	 -0.0558028199762741 
	 12.9819350000000000 	 -0.0554929845580229 
	 12.9913299999999996 	 -0.0551850304420766 
	 13.0007249999999992 	 -0.0548789647017951 
	 13.0101200000000006 	 -0.0545747900781711 
	 13.0195149999999984 	 -0.0542724955455701 
	 13.0289099999999998 	 -0.0539720673501319 
	 13.0383049999999994 	 -0.0536734917379967 
	 13.0476999999999990 	 -0.0533767549553043 
	 13.0570950000000003 	 -0.0530818432481947 
	 13.0664900000000017 	 -0.0527887428628079 
	 13.0758849999999995 	 -0.0524974400452840 
	 13.0852800000000009 	 -0.0522079210417628 
	 13.0946749999999987 	 -0.0519201720983845 
	 13.1040700000000001 	 -0.0516341794612888 
	 13.1134649999999979 	 -0.0513499293766159 
	 13.1228599999999993 	 -0.0510674080905056 
	 13.1322549999999989 	 -0.0507866018490980 
	 13.1416499999999985 	 -0.0505074968985331 
	 13.1510449999999999 	 -0.0502300794849507 
	 13.1604400000000012 	 -0.0499543358544909 
	 13.1698349999999991 	 -0.0496802522532939 
	 13.1792300000000004 	 -0.0494078149274992 
	 13.1886250000000000 	 -0.0491370101232472 
	 13.1980199999999996 	 -0.0488678240866777 
	 13.2074149999999992 	 -0.0486002430639306 
	 13.2168100000000006 	 -0.0483342533011460 
	 13.2262049999999984 	 -0.0480698410444640 
	 13.2356000000000016 	 -0.0478069925400242 
	 13.2449949999999994 	 -0.0475456940339670 
	 13.2543900000000008 	 -0.0472859317724321 
	 13.2637849999999986 	 -0.0470276920015596 
	 13.2731800000000000 	 -0.0467709609674894 
	 13.2825749999999996 	 -0.0465157249163615 
	 13.2919699999999992 	 -0.0462619700943159 
	 13.3013649999999988 	 -0.0460096827474167 
	 13.3107600000000001 	 -0.0457588490848267 
	 13.3201549999999980 	 -0.0455094552195545 
	 13.3295500000000011 	 -0.0452614872491448 
	 13.3389450000000007 	 -0.0450149312711426 
	 13.3483400000000003 	 -0.0447697733830928 
	 13.3577349999999999 	 -0.0445259996825401 
	 13.3671300000000013 	 -0.0442835962670294 
	 13.3765249999999991 	 -0.0440425492341057 
	 13.3859200000000005 	 -0.0438028446813137 
	 13.3953149999999983 	 -0.0435644687061985 
	 13.4047099999999997 	 -0.0433274075472475 
	 13.4141049999999993 	 -0.0430916506644705 
	 13.4235000000000007 	 -0.0428571907282369 
	 13.4328950000000003 	 -0.0426240205476269 
	 13.4422899999999998 	 -0.0423921329317202 
	 13.4516849999999994 	 -0.0421615206895969 
	 13.4610800000000008 	 -0.0419321766303369 
	 13.4704749999999986 	 -0.0417040935630201 
	 13.4798700000000000 	 -0.0414772642967263 
	 13.4892649999999996 	 -0.0412516816405358 
	 13.4986599999999992 	 -0.0410273384035282 
	 13.5080550000000006 	 -0.0408042273947836 
	 13.5174500000000020 	 -0.0405823414233819 
	 13.5268449999999998 	 -0.0403616732984031 
	 13.5362400000000012 	 -0.0401422158289271 
	 13.5456349999999990 	 -0.0399239618240339 
	 13.5550300000000004 	 -0.0397069040928032 
	 13.5644249999999982 	 -0.0394910354443153 
	 13.5738199999999996 	 -0.0392763486876498 
	 13.5832149999999992 	 -0.0390628366318869 
	 13.5926100000000005 	 -0.0388504920861064 
	 13.6020050000000001 	 -0.0386393078593883 
	 13.6114000000000015 	 -0.0384292767608125 
	 13.6207949999999993 	 -0.0382203915994590 
	 13.6301900000000007 	 -0.0380126451844076 
	 13.6395850000000003 	 -0.0378060303247384 
	 13.6489799999999999 	 -0.0376005398295314 
	 13.6583749999999995 	 -0.0373961665078663 
	 13.6677700000000009 	 -0.0371929031688231 
	 13.6771649999999987 	 -0.0369907426214820 
	 13.6865600000000018 	 -0.0367896776749225 
	 13.6959549999999997 	 -0.0365897011382250 
	 13.7053500000000010 	 -0.0363908059030411 
	 13.7147449999999989 	 -0.0361929862593801 
	 13.7241400000000002 	 -0.0359962376635866 
	 13.7335349999999998 	 -0.0358005556076940 
	 13.7429299999999994 	 -0.0356059355837356 
	 13.7523249999999990 	 -0.0354123730837445 
	 13.7617200000000004 	 -0.0352198635997541 
	 13.7711150000000000 	 -0.0350284026237976 
	 13.7805100000000014 	 -0.0348379856479083 
	 13.7899050000000010 	 -0.0346486081641194 
	 13.7993000000000006 	 -0.0344602656644642 
	 13.8086950000000002 	 -0.0342729534294990 
	 13.8180900000000015 	 -0.0340866656812364 
	 13.8274849999999994 	 -0.0339013963111719 
	 13.8368800000000007 	 -0.0337171392106910 
	 13.8462749999999986 	 -0.0335338882711789 
	 13.8556699999999999 	 -0.0333516373840208 
	 13.8650649999999995 	 -0.0331703804406023 
	 13.8744600000000009 	 -0.0329901113323084 
	 13.8838550000000005 	 -0.0328108239505246 
	 13.8932500000000001 	 -0.0326325121866362 
	 13.9026449999999997 	 -0.0324551699320285 
	 13.9120400000000011 	 -0.0322787910780867 
	 13.9214349999999989 	 -0.0321033695161962 
	 13.9308300000000003 	 -0.0319288991377424 
	 13.9402249999999999 	 -0.0317553738341104 
	 13.9496200000000012 	 -0.0315827874966857 
	 13.9590150000000008 	 -0.0314111340168535 
	 13.9684100000000022 	 -0.0312404072859991 
	 13.9778050000000000 	 -0.0310706011955080 
	 13.9872000000000014 	 -0.0309017096367653 
	 13.9965949999999992 	 -0.0307337265011564 
	 14.0059900000000006 	 -0.0305666457734838 
	 14.0153849999999984 	 -0.0304004626477299 
	 14.0247799999999998 	 -0.0302351731607819 
	 14.0341750000000012 	 -0.0300707733666867 
	 14.0435700000000008 	 -0.0299072593194909 
	 14.0529650000000004 	 -0.0297446270732413 
	 14.0623600000000017 	 -0.0295828726819846 
	 14.0717549999999996 	 -0.0294219921997675 
	 14.0811500000000009 	 -0.0292619816806367 
	 14.0905450000000005 	 -0.0291028371786390 
	 14.0999400000000001 	 -0.0289445547478210 
	 14.1093349999999997 	 -0.0287871304422294 
	 14.1187300000000011 	 -0.0286305603159110 
	 14.1281250000000007 	 -0.0284748404229126 
	 14.1375199999999985 	 -0.0283199668172807 
	 14.1469149999999999 	 -0.0281659355530622 
	 14.1563099999999995 	 -0.0280127426843037 
	 14.1657049999999991 	 -0.0278603842650520 
	 14.1750999999999987 	 -0.0277088563493538 
	 14.1844950000000001 	 -0.0275581549912557 
	 14.1938899999999979 	 -0.0274082762448046 
	 14.2032849999999993 	 -0.0272592161640470 
	 14.2126800000000006 	 -0.0271109708030298 
	 14.2220750000000002 	 -0.0269635362157997 
	 14.2314699999999998 	 -0.0268169084564034 
	 14.2408650000000012 	 -0.0266710835788875 
	 14.2502599999999990 	 -0.0265260576372989 
	 14.2596550000000004 	 -0.0263818266856842 
	 14.2690499999999982 	 -0.0262383867780902 
	 14.2784449999999996 	 -0.0260957339685634 
	 14.2878399999999974 	 -0.0259538643111508 
	 14.2972350000000006 	 -0.0258127738598989 
	 14.3066300000000002 	 -0.0256724585942856 
	 14.3160249999999998 	 -0.0255329137391055 
	 14.3254199999999994 	 -0.0253941340807246 
	 14.3348150000000008 	 -0.0252561144001001 
	 14.3442099999999986 	 -0.0251188494781894 
	 14.3536049999999999 	 -0.0249823340959497 
	 14.3629999999999995 	 -0.0248465630343382 
	 14.3723949999999991 	 -0.0247115310743122 
	 14.3817899999999987 	 -0.0245772329968290 
	 14.3911850000000019 	 -0.0244436635828458 
	 14.4005799999999997 	 -0.0243108176133930 
	 14.4099750000000011 	 -0.0241786902413599 
	 14.4193699999999989 	 -0.0240472778564905 
	 14.4287650000000003 	 -0.0239165771053599 
	 14.4381599999999981 	 -0.0237865846345435 
	 14.4475549999999995 	 -0.0236572970906162 
	 14.4569499999999991 	 -0.0235287111201536 
	 14.4663449999999987 	 -0.0234008233697306 
	 14.4757400000000001 	 -0.0232736304859227 
	 14.4851350000000014 	 -0.0231471291153050 
	 14.4945299999999992 	 -0.0230213159044528 
	 14.5039250000000006 	 -0.0228961874971853 
	 14.5133200000000002 	 -0.0227717404406362 
	 14.5227149999999998 	 -0.0226479711620720 
	 14.5321099999999994 	 -0.0225248760812996 
	 14.5415050000000008 	 -0.0224024516181262 
	 14.5508999999999986 	 -0.0222806941923588 
	 14.5602950000000000 	 -0.0221596002238044 
	 14.5696899999999996 	 -0.0220391661322702 
	 14.5790850000000010 	 -0.0219193883375632 
	 14.5884799999999988 	 -0.0218002632594905 
	 14.5978750000000002 	 -0.0216817873178591 
	 14.6072699999999998 	 -0.0215639569324761 
	 14.6166649999999994 	 -0.0214467685231485 
	 14.6260599999999990 	 -0.0213302185096835 
	 14.6354550000000003 	 -0.0212143033118881 
	 14.6448499999999981 	 -0.0210990193495694 
	 14.6542450000000013 	 -0.0209843630425343 
	 14.6636400000000009 	 -0.0208703308105900 
	 14.6730350000000005 	 -0.0207569190735437 
	 14.6824300000000001 	 -0.0206441242512022 
	 14.6918250000000015 	 -0.0205319427633727 
	 14.7012199999999993 	 -0.0204203710297644 
	 14.7106150000000007 	 -0.0203094054060094 
	 14.7200099999999985 	 -0.0201990420731805 
	 14.7294049999999999 	 -0.0200892771829027 
	 14.7387999999999995 	 -0.0199801068868012 
	 14.7481950000000008 	 -0.0198715273365010 
	 14.7575900000000004 	 -0.0197635346836273 
	 14.7669850000000000 	 -0.0196561250798050 
	 14.7763799999999996 	 -0.0195492946766594 
	 14.7857750000000010 	 -0.0194430396258155 
	 14.7951699999999988 	 -0.0193373560788984 
	 14.8045650000000002 	 -0.0192322402403547 
	 14.8139599999999998 	 -0.0191276896139300 
	 14.8233549999999994 	 -0.0190237030513646 
	 14.8327500000000008 	 -0.0189202794669633 
	 14.8421450000000021 	 -0.0188174177750312 
	 14.8515400000000000 	 -0.0187151168898734 
	 14.8609350000000013 	 -0.0186133757257948 
	 14.8703299999999992 	 -0.0185121931971005 
	 14.8797250000000005 	 -0.0184115682180955 
	 14.8891199999999984 	 -0.0183114997030849 
	 14.8985149999999997 	 -0.0182119865663735 
	 14.9079099999999993 	 -0.0181130274678597 
	 14.9173049999999989 	 -0.0180146194211932 
	 14.9267000000000003 	 -0.0179167587847145 
	 14.9360950000000017 	 -0.0178194419150808 
	 14.9454899999999995 	 -0.0177226651689494 
	 14.9548850000000009 	 -0.0176264249029776 
	 14.9642800000000005 	 -0.0175307174738226 
	 14.9736750000000001 	 -0.0174355392381417 
	 14.9830699999999997 	 -0.0173408865525920 
	 14.9924650000000010 	 -0.0172467557738309 
	 15.0018600000000006 	 -0.0171531432585155 
	 15.0112550000000020 	 -0.0170600453633032 
	 15.0206499999999998 	 -0.0169674584448513 
	 15.0300450000000012 	 -0.0168753788598168 
	 15.0394399999999990 	 -0.0167838029648571 
	 15.0488350000000004 	 -0.0166927271166295 
	 15.0582300000000000 	 -0.0166021476717911 
	 15.0676249999999996 	 -0.0165120609869993 
	 15.0770199999999992 	 -0.0164224634189113 
	 15.0864150000000006 	 -0.0163333513241842 
	 15.0958100000000002 	 -0.0162447210594755 
	 15.1052050000000015 	 -0.0161565689814422 
	 15.1146000000000011 	 -0.0160688914467418 
	 15.1239950000000007 	 -0.0159816848120314 
	 15.1333900000000003 	 -0.0158949454339682 
	 15.1427850000000017 	 -0.0158086696692095 
	 15.1521799999999995 	 -0.0157228538744126 
	 15.1615750000000009 	 -0.0156374944062347 
	 15.1709699999999987 	 -0.0155525876213331 
	 15.1803650000000001 	 -0.0154681298763650 
	 15.1897599999999997 	 -0.0153841175279876 
	 15.1991550000000011 	 -0.0153005469328582 
	 15.2085500000000007 	 -0.0152174147994772 
	 15.2179450000000003 	 -0.0151347196819501 
	 15.2273399999999999 	 -0.0150524607374604 
	 15.2367350000000012 	 -0.0149706371235311 
	 15.2461299999999991 	 -0.0148892479976852 
	 15.2555250000000004 	 -0.0148082925174457 
	 15.2649200000000000 	 -0.0147277698403356 
	 15.2743150000000014 	 -0.0146476791238781 
	 15.2837100000000010 	 -0.0145680195255960 
	 15.2931050000000024 	 -0.0144887902030125 
	 15.3025000000000002 	 -0.0144099903092554 
	 15.3118949999999980 	 -0.0143316185416095 
	 15.3212899999999994 	 -0.0142536727502221 
	 15.3306849999999990 	 -0.0141761506930345 
	 15.3400799999999986 	 -0.0140990501279879 
	 15.3494749999999982 	 -0.0140223688130235 
	 15.3588699999999996 	 -0.0139461045060826 
	 15.3682649999999992 	 -0.0138702549651064 
	 15.3776600000000006 	 -0.0137948179480362 
	 15.3870550000000001 	 -0.0137197912128131 
	 15.3964499999999997 	 -0.0136451725173785 
	 15.4058449999999993 	 -0.0135709596196734 
	 15.4152400000000007 	 -0.0134971502776393 
	 15.4246349999999985 	 -0.0134237422492173 
	 15.4340299999999999 	 -0.0133507332923487 
	 15.4434249999999977 	 -0.0132781211649747 
	 15.4528200000000009 	 -0.0132059036250364 
	 15.4622149999999987 	 -0.0131340784304753 
	 15.4716100000000001 	 -0.0130626433392325 
	 15.4810049999999997 	 -0.0129915961092492 
	 15.4903999999999993 	 -0.0129209344984666 
	 15.4997949999999989 	 -0.0128506562648261 
	 15.5091900000000003 	 -0.0127807591662689 
	 15.5185849999999981 	 -0.0127112409607361 
	 15.5279799999999994 	 -0.0126420994061690 
	 15.5373750000000008 	 -0.0125733322605089 
	 15.5467700000000004 	 -0.0125049372816970 
	 15.5561650000000000 	 -0.0124369122276745 
	 15.5655600000000014 	 -0.0123692548563827 
	 15.5749549999999992 	 -0.0123019629257628 
	 15.5843500000000006 	 -0.0122350341937560 
	 15.5937449999999984 	 -0.0121684664183035 
	 15.6031399999999998 	 -0.0121022573599692 
	 15.6125349999999976 	 -0.0120364049356635 
	 15.6219299999999990 	 -0.0119709073040616 
	 15.6313250000000004 	 -0.0119057626445686 
	 15.6407200000000000 	 -0.0118409691365895 
	 15.6501149999999996 	 -0.0117765249595296 
	 15.6595100000000009 	 -0.0117124282927938 
	 15.6689049999999988 	 -0.0116486773157873 
	 15.6783000000000001 	 -0.0115852702079153 
	 15.6876949999999997 	 -0.0115222051485828 
	 15.6970899999999993 	 -0.0114594803171949 
	 15.7064849999999989 	 -0.0113970938931568 
	 15.7158800000000021 	 -0.0113350440558736 
	 15.7252749999999999 	 -0.0112733289847503 
	 15.7346700000000013 	 -0.0112119468591922 
	 15.7440649999999991 	 -0.0111508958586042 
	 15.7534600000000005 	 -0.0110901741623916 
	 15.7628549999999983 	 -0.0110297799499594 
	 15.7722499999999997 	 -0.0109697114007128 
	 15.7816449999999993 	 -0.0109099666940568 
	 15.7910399999999989 	 -0.0108505440093965 
	 15.8004350000000002 	 -0.0107914415261402 
	 15.8098300000000016 	 -0.0107326574584092 
	 15.8192249999999994 	 -0.0106741901412095 
	 15.8286200000000008 	 -0.0106160379358444 
	 15.8380150000000004 	 -0.0105581992036170 
	 15.8474100000000000 	 -0.0105006723058306 
	 15.8568049999999996 	 -0.0104434556037884 
	 15.8662000000000010 	 -0.0103865474587936 
	 15.8755949999999988 	 -0.0103299462321495 
	 15.8849900000000002 	 -0.0102736502851591 
	 15.8943849999999998 	 -0.0102176579791259 
	 15.9037800000000011 	 -0.0101619676820476 
	 15.9131749999999990 	 -0.0101065780186114 
	 15.9225700000000003 	 -0.0100514879449049 
	 15.9319649999999999 	 -0.0099966964389592 
	 15.9413599999999995 	 -0.0099422024788050 
	 15.9507549999999991 	 -0.0098880050424735 
	 15.9601500000000005 	 -0.0098341031079956 
	 15.9695449999999983 	 -0.0097804956534023 
	 15.9789400000000015 	 -0.0097271816567244 
	 15.9883350000000011 	 -0.0096741600959930 
	 15.9977300000000007 	 -0.0096214299492390 
	 16.0071249999999985 	 -0.0095689900282318 
	 16.0165199999999999 	 -0.0095168377374162 
	 16.0259150000000012 	 -0.0094649697731325 
	 16.0353100000000026 	 -0.0094133828263442 
	 16.0447050000000004 	 -0.0093620735880149 
	 16.0541000000000018 	 -0.0093110387491081 
	 16.0634949999999996 	 -0.0092602750005875 
	 16.0728900000000010 	 -0.0092097790334165 
	 16.0822849999999988 	 -0.0091595475385588 
	 16.0916800000000002 	 -0.0091095772069778 
	 16.1010749999999980 	 -0.0090598647306483 
	 16.1104699999999994 	 -0.0090104077316709 
	 16.1198650000000008 	 -0.0089612064819883 
	 16.1292600000000022 	 -0.0089122617223092 
	 16.1386550000000000 	 -0.0088635741933425 
	 16.1480500000000013 	 -0.0088151446357968 
	 16.1574449999999992 	 -0.0087669737903808 
	 16.1668400000000005 	 -0.0087190623978033 
	 16.1762349999999984 	 -0.0086714111987730 
	 16.1856299999999997 	 -0.0086240209339985 
	 16.1950249999999976 	 -0.0085768923441887 
	 16.2044200000000025 	 -0.0085300261700522 
	 16.2138150000000003 	 -0.0084834231522977 
	 16.2232100000000017 	 -0.0084370840316341 
	 16.2326049999999995 	 -0.0083910095487700 
	 16.2420000000000009 	 -0.0083452004444141 
	 16.2513949999999987 	 -0.0082996574592752 
	 16.2607900000000001 	 -0.0082543813340619 
	 16.2701850000000015 	 -0.0082093728094830 
	 16.2795799999999993 	 -0.0081646326262473 
	 16.2889750000000006 	 -0.0081201615250634 
	 16.2983700000000020 	 -0.0080759602466400 
	 16.3077649999999998 	 -0.0080320287173839 
	 16.3171600000000012 	 -0.0079883613324450 
	 16.3265549999999990 	 -0.0079449501863455 
	 16.3359500000000004 	 -0.0079017873660752 
	 16.3453449999999982 	 -0.0078588649586242 
	 16.3547399999999996 	 -0.0078161750509824 
	 16.3641349999999974 	 -0.0077737097301395 
	 16.3735299999999988 	 -0.0077314610830856 
	 16.3829250000000002 	 -0.0076894211968106 
	 16.3923200000000016 	 -0.0076475821583044 
	 16.4017150000000029 	 -0.0076059360545568 
	 16.4111100000000008 	 -0.0075644749725578 
	 16.4205050000000021 	 -0.0075231909992974 
	 16.4299000000000035 	 -0.0074820762217653 
	 16.4392950000000013 	 -0.0074411227269517 
	 16.4486900000000027 	 -0.0074003226018462 
	 16.4580850000000005 	 -0.0073596679334389 
	 16.4674800000000019 	 -0.0073191508087197 
	 16.4768749999999997 	 -0.0072787633146785 
	 16.4862699999999975 	 -0.0072384975383052 
	 16.4956649999999989 	 -0.0071983455665897 
	 16.5050599999999967 	 -0.0071583000380559 
	 16.5144549999999981 	 -0.0071183642431391 
	 16.5238499999999959 	 -0.0070785511037966 
	 16.5332449999999973 	 -0.0070388738887926 
	 16.5426399999999987 	 -0.0069993458668913 
	 16.5520349999999965 	 -0.0069599803068572 
	 16.5614300000000014 	 -0.0069207904774545 
	 16.5708250000000028 	 -0.0068817896474475 
	 16.5802200000000006 	 -0.0068429910856005 
	 16.5896150000000020 	 -0.0068044080606779 
	 16.5990099999999998 	 -0.0067660538414439 
	 16.6084050000000012 	 -0.0067279416966629 
	 16.6177999999999990 	 -0.0066900848950991 
	 16.6271950000000004 	 -0.0066524967055168 
	 16.6365899999999982 	 -0.0066151903966804 
	 16.6459849999999996 	 -0.0065781792373541 
	 16.6553799999999974 	 -0.0065414764963023 
	 16.6647749999999988 	 -0.0065050954422892 
	 16.6741700000000002 	 -0.0064690493440792 
	 16.6835649999999980 	 -0.0064333514704366 
	 16.6929599999999994 	 -0.0063980150901257 
	 16.7023550000000007 	 -0.0063630534719107 
	 16.7117499999999986 	 -0.0063284798845560 
	 16.7211449999999999 	 -0.0062943075968259 
	 16.7305400000000013 	 -0.0062605498774846 
	 16.7399350000000027 	 -0.0062272199952966 
	 16.7493300000000005 	 -0.0061943312190260 
	 16.7587250000000019 	 -0.0061618968174373 
	 16.7681199999999997 	 -0.0061299300592946 
	 16.7775150000000011 	 -0.0060984442133624 
	 16.7869099999999989 	 -0.0060674525484049 
	 16.7963050000000003 	 -0.0060369683331863 
	 16.8056999999999981 	 -0.0060070010281192 
	 16.8150949999999995 	 -0.0059775045956876 
	 16.8244899999999973 	 -0.0059483910235910 
	 16.8338849999999987 	 -0.0059195712621060 
	 16.8432800000000000 	 -0.0058909562615091 
	 16.8526749999999979 	 -0.0058624569720769 
	 16.8620699999999992 	 -0.0058339843440859 
	 16.8714650000000006 	 -0.0058054493278127 
	 16.8808599999999984 	 -0.0057767628735339 
	 16.8902549999999998 	 -0.0057478359315260 
	 16.8996499999999976 	 -0.0057185794520657 
	 16.9090450000000025 	 -0.0056889280985563 
	 16.9184400000000004 	 -0.0056589226123935 
	 16.9278350000000017 	 -0.0056286333852084 
	 16.9372299999999996 	 -0.0055981308100065 
	 16.9466250000000009 	 -0.0055674852797930 
	 16.9560199999999988 	 -0.0055367671875732 
	 16.9654150000000001 	 -0.0055060469263524 
	 16.9748100000000015 	 -0.0054753948891360 
	 16.9842049999999993 	 -0.0054448814689292 
	 16.9936000000000007 	 -0.0054145770587373 
	 17.0029950000000021 	 -0.0053845515577455 
	 17.0123899999999999 	 -0.0053548418787352 
	 17.0217850000000013 	 -0.0053254317756345 
	 17.0311799999999991 	 -0.0052963001837996 
	 17.0405750000000005 	 -0.0052674260385866 
	 17.0499699999999983 	 -0.0052387882753515 
	 17.0593649999999997 	 -0.0052103658294504 
	 17.0687599999999975 	 -0.0051821376362395 
	 17.0781549999999989 	 -0.0051540826310748 
	 17.0875500000000002 	 -0.0051261797493123 
	 17.0969450000000016 	 -0.0050984079263083 
	 17.1063399999999994 	 -0.0050707474282867 
	 17.1157350000000008 	 -0.0050431935434547 
	 17.1251299999999986 	 -0.0050157510424311 
	 17.1345250000000000 	 -0.0049884248447369 
	 17.1439200000000014 	 -0.0049612198698931 
	 17.1533149999999992 	 -0.0049341410374206 
	 17.1627100000000006 	 -0.0049071932668403 
	 17.1721050000000020 	 -0.0048803814776732 
	 17.1814999999999998 	 -0.0048537105894401 
	 17.1908950000000011 	 -0.0048271855216621 
	 17.2002899999999990 	 -0.0048008111938221 
	 17.2096850000000003 	 -0.0047745911101392 
	 17.2190799999999982 	 -0.0047485236139501 
	 17.2284749999999995 	 -0.0047226058725437 
	 17.2378699999999974 	 -0.0046968350532087 
	 17.2472649999999987 	 -0.0046712083232340 
	 17.2566599999999966 	 -0.0046457228499083 
	 17.2660550000000015 	 -0.0046203758005205 
	 17.2754500000000029 	 -0.0045951643423595 
	 17.2848450000000007 	 -0.0045700856427139 
	 17.2942400000000021 	 -0.0045451368688726 
	 17.3036350000000034 	 -0.0045203152223646 
	 17.3130300000000013 	 -0.0044956193448455 
	 17.3224250000000026 	 -0.0044710498143923 
	 17.3318200000000004 	 -0.0044466073453174 
	 17.3412150000000018 	 -0.0044222926519331 
	 17.3506099999999996 	 -0.0043981064485519 
	 17.3600050000000010 	 -0.0043740494494862 
	 17.3693999999999988 	 -0.0043501223690483 
	 17.3787950000000002 	 -0.0043263259215507 
	 17.3881899999999980 	 -0.0043026608213058 
	 17.3975849999999994 	 -0.0042791277826259 
	 17.4069799999999972 	 -0.0042557273988495 
	 17.4163749999999986 	 -0.0042324591852518 
	 17.4257699999999964 	 -0.0042093220911797 
	 17.4351649999999978 	 -0.0041863150609697 
	 17.4445600000000027 	 -0.0041634370389583 
	 17.4539550000000006 	 -0.0041406869694821 
	 17.4633500000000019 	 -0.0041180637968775 
	 17.4727450000000033 	 -0.0040955664654810 
	 17.4821400000000011 	 -0.0040731939196292 
	 17.4915350000000025 	 -0.0040509451036584 
	 17.5009300000000003 	 -0.0040288189619053 
	 17.5103250000000017 	 -0.0040068144387063 
	 17.5197199999999995 	 -0.0039849304783980 
	 17.5291150000000009 	 -0.0039631660253167 
	 17.5385099999999987 	 -0.0039415200237990 
	 17.5479050000000001 	 -0.0039199914181815 
	 17.5572999999999979 	 -0.0038985791528006 
	 17.5666949999999993 	 -0.0038772821719928 
	 17.5760900000000007 	 -0.0038560994200945 
	 17.5854849999999985 	 -0.0038350298414425 
	 17.5948799999999999 	 -0.0038140723803730 
	 17.6042750000000012 	 -0.0037932259910782 
	 17.6136700000000026 	 -0.0037724899105693 
	 17.6230650000000040 	 -0.0037518636939017 
	 17.6324600000000018 	 -0.0037313469130619 
	 17.6418550000000032 	 -0.0037109391400365 
	 17.6512500000000010 	 -0.0036906399468119 
	 17.6606449999999988 	 -0.0036704489053748 
	 17.6700400000000002 	 -0.0036503655877117 
	 17.6794349999999980 	 -0.0036303895658091 
	 17.6888299999999994 	 -0.0036105204116535 
	 17.6982249999999972 	 -0.0035907576972315 
	 17.7076199999999986 	 -0.0035711009945296 
	 17.7170150000000000 	 -0.0035515498755344 
	 17.7264099999999978 	 -0.0035321039122324 
	 17.7358049999999992 	 -0.0035127626766102 
	 17.7452000000000005 	 -0.0034935257406542 
	 17.7545949999999984 	 -0.0034743926763510 
	 17.7639899999999997 	 -0.0034553630556872 
	 17.7733849999999975 	 -0.0034364364506493 
	 17.7827799999999989 	 -0.0034176124332238 
	 17.7921750000000003 	 -0.0033988905753972 
	 17.8015700000000017 	 -0.0033802704493793 
	 17.8109649999999995 	 -0.0033617517025075 
	 17.8203600000000009 	 -0.0033433341660494 
	 17.8297549999999987 	 -0.0033250176989013 
	 17.8391500000000001 	 -0.0033068021599593 
	 17.8485450000000014 	 -0.0032886874081197 
	 17.8579399999999993 	 -0.0032706733022786 
	 17.8673350000000006 	 -0.0032527597013324 
	 17.8767300000000020 	 -0.0032349464641770 
	 17.8861249999999998 	 -0.0032172334497089 
	 17.8955200000000012 	 -0.0031996205168241 
	 17.9049149999999990 	 -0.0031821075077234 
	 17.9143100000000004 	 -0.0031646939193435 
	 17.9237049999999982 	 -0.0031473789235940 
	 17.9330999999999996 	 -0.0031301616797413 
	 17.9424949999999974 	 -0.0031130413470519 
	 17.9518899999999988 	 -0.0030960170847922 
	 17.9612849999999966 	 -0.0030790880522285 
	 17.9706800000000015 	 -0.0030622534086274 
	 17.9800749999999994 	 -0.0030455123132553 
	 17.9894700000000007 	 -0.0030288639253785 
	 17.9988649999999986 	 -0.0030123074042634 
	 18.0082599999999999 	 -0.0029958419091766 
	 18.0176550000000013 	 -0.0029794665993843 
	 18.0270499999999991 	 -0.0029631806341531 
	 18.0364450000000005 	 -0.0029469831727494 
	 18.0458400000000019 	 -0.0029308733744395 
	 18.0552349999999997 	 -0.0029148503984899 
	 18.0646300000000011 	 -0.0028989134041670 
	 18.0740249999999989 	 -0.0028830615507372 
	 18.0834200000000003 	 -0.0028672939974669 
	 18.0928149999999981 	 -0.0028516099036226 
	 18.1022099999999995 	 -0.0028360084298882 
	 18.1116049999999973 	 -0.0028204889365293 
	 18.1209999999999987 	 -0.0028050511875214 
	 18.1303949999999965 	 -0.0027896949955519 
	 18.1397899999999979 	 -0.0027744201733079 
	 18.1491850000000028 	 -0.0027592265334765 
	 18.1585800000000006 	 -0.0027441138887450 
	 18.1679750000000020 	 -0.0027290820518004 
	 18.1773700000000034 	 -0.0027141308353301 
	 18.1867650000000012 	 -0.0026992600520212 
	 18.1961600000000026 	 -0.0026844695145609 
	 18.2055550000000004 	 -0.0026697590356363 
	 18.2149500000000018 	 -0.0026551284279347 
	 18.2243449999999996 	 -0.0026405775041431 
	 18.2337400000000009 	 -0.0026261060769489 
	 18.2431349999999988 	 -0.0026117139590391 
	 18.2525300000000001 	 -0.0025974009631010 
	 18.2619249999999980 	 -0.0025831669018217 
	 18.2713199999999993 	 -0.0025690115878885 
	 18.2807149999999972 	 -0.0025549348339884 
	 18.2901099999999985 	 -0.0025409364528087 
	 18.2995049999999964 	 -0.0025270162570366 
	 18.3088999999999977 	 -0.0025131740081298 
	 18.3182949999999991 	 -0.0024994092274768 
	 18.3276900000000005 	 -0.0024857213662045 
	 18.3370850000000019 	 -0.0024721098754305 
	 18.3464800000000032 	 -0.0024585742062726 
	 18.3558750000000011 	 -0.0024451138098487 
	 18.3652700000000024 	 -0.0024317281372765 
	 18.3746650000000002 	 -0.0024184166396739 
	 18.3840600000000016 	 -0.0024051787681586 
	 18.3934549999999994 	 -0.0023920139738484 
	 18.4028500000000008 	 -0.0023789217078611 
	 18.4122449999999986 	 -0.0023659014213146 
	 18.4216400000000000 	 -0.0023529525653266 
	 18.4310349999999978 	 -0.0023400745910149 
	 18.4404299999999992 	 -0.0023272669494973 
	 18.4498250000000006 	 -0.0023145290918915 
	 18.4592199999999984 	 -0.0023018604693155 
	 18.4686149999999998 	 -0.0022892605328870 
	 18.4780100000000012 	 -0.0022767287337238 
	 18.4874049999999990 	 -0.0022642645229437 
	 18.4968000000000004 	 -0.0022518673516644 
	 18.5061950000000017 	 -0.0022395366880269 
	 18.5155900000000031 	 -0.0022272722033822 
	 18.5249850000000009 	 -0.0022150737027534 
	 18.5343800000000023 	 -0.0022029409935103 
	 18.5437750000000001 	 -0.0021908738830223 
	 18.5531700000000015 	 -0.0021788721786590 
	 18.5625649999999993 	 -0.0021669356877899 
	 18.5719600000000007 	 -0.0021550642177846 
	 18.5813549999999985 	 -0.0021432575760127 
	 18.5907499999999999 	 -0.0021315155698436 
	 18.6001449999999977 	 -0.0021198380066470 
	 18.6095399999999991 	 -0.0021082246937924 
	 18.6189350000000005 	 -0.0020966754386493 
	 18.6283299999999983 	 -0.0020851900485873 
	 18.6377249999999997 	 -0.0020737683309760 
	 18.6471200000000010 	 -0.0020624100931848 
	 18.6565149999999988 	 -0.0020511151425834 
	 18.6659100000000002 	 -0.0020398832865412 
	 18.6753050000000016 	 -0.0020287143324279 
	 18.6847000000000030 	 -0.0020176080876130 
	 18.6940950000000008 	 -0.0020065643594660 
	 18.7034900000000022 	 -0.0019955829515959 
	 18.7128850000000000 	 -0.0019846634934017 
	 18.7222800000000014 	 -0.0019738053702896 
	 18.7316749999999992 	 -0.0019630079494496 
	 18.7410700000000006 	 -0.0019522705980720 
	 18.7504650000000019 	 -0.0019415926833471 
	 18.7598599999999998 	 -0.0019309735724650 
	 18.7692550000000011 	 -0.0019204126326159 
	 18.7786500000000025 	 -0.0019099092309901 
	 18.7880450000000003 	 -0.0018994627347777 
	 18.7974400000000017 	 -0.0018890725111690 
	 18.8068349999999995 	 -0.0018787379544807 
	 18.8162300000000009 	 -0.0018684587137144 
	 18.8256249999999987 	 -0.0018582345773240 
	 18.8350199999999965 	 -0.0018480653351891 
	 18.8444149999999979 	 -0.0018379507771889 
	 18.8538099999999993 	 -0.0018278906932027 
	 18.8632050000000007 	 -0.0018178848731101 
	 18.8725999999999985 	 -0.0018079331067903 
	 18.8819949999999999 	 -0.0017980351841227 
	 18.8913900000000012 	 -0.0017881908949868 
	 18.9007849999999991 	 -0.0017784000292617 
	 18.9101800000000004 	 -0.0017686623768270 
	 18.9195750000000018 	 -0.0017589777275620 
	 18.9289699999999996 	 -0.0017493458713460 
	 18.9383650000000010 	 -0.0017397665980585 
	 18.9477599999999988 	 -0.0017302396975787 
	 18.9571550000000002 	 -0.0017207649597861 
	 18.9665499999999980 	 -0.0017113421745601 
	 18.9759449999999994 	 -0.0017019711317800 
	 18.9853399999999972 	 -0.0016926516213251 
	 18.9947349999999986 	 -0.0016833834330748 
	 19.0041299999999964 	 -0.0016741663569086 
	 19.0135249999999978 	 -0.0016650001827057 
	 19.0229199999999992 	 -0.0016558847003456 
	 19.0323150000000005 	 -0.0016468196997076 
	 19.0417100000000019 	 -0.0016378049706711 
	 19.0511050000000033 	 -0.0016288403031154 
	 19.0605000000000011 	 -0.0016199254869200 
	 19.0698950000000025 	 -0.0016110603119641 
	 19.0792900000000003 	 -0.0016022445681272 
	 19.0886850000000017 	 -0.0015934780452886 
	 19.0980799999999995 	 -0.0015847605333277 
	 19.1074750000000009 	 -0.0015760918243802 
	 19.1168699999999987 	 -0.0015674717274934 
	 19.1262650000000001 	 -0.0015589000593876 
	 19.1356599999999979 	 -0.0015503766368214 
	 19.1450549999999993 	 -0.0015419012765532 
	 19.1544499999999971 	 -0.0015334737953417 
	 19.1638449999999985 	 -0.0015250940099454 
	 19.1732399999999963 	 -0.0015167617371228 
	 19.1826349999999977 	 -0.0015084767936324 
	 19.1920299999999990 	 -0.0015002389962328 
	 19.2014249999999969 	 -0.0014920481616825 
	 19.2108200000000018 	 -0.0014839041067401 
	 19.2202150000000032 	 -0.0014758066481641 
	 19.2296100000000010 	 -0.0014677556027131 
	 19.2390050000000024 	 -0.0014597507871456 
	 19.2484000000000002 	 -0.0014517920182201 
	 19.2577950000000016 	 -0.0014438791126952 
	 19.2671899999999994 	 -0.0014360118873294 
	 19.2765850000000007 	 -0.0014281901588813 
	 19.2859799999999986 	 -0.0014204137441093 
	 19.2953749999999999 	 -0.0014126824597721 
	 19.3047699999999978 	 -0.0014049961235089 
	 19.3141649999999991 	 -0.0013973545724977 
	 19.3235600000000005 	 -0.0013897576630666 
	 19.3329549999999983 	 -0.0013822052523462 
	 19.3423499999999997 	 -0.0013746971974670 
	 19.3517450000000011 	 -0.0013672333555597 
	 19.3611399999999989 	 -0.0013598135837549 
	 19.3705350000000003 	 -0.0013524377391832 
	 19.3799300000000017 	 -0.0013451056789753 
	 19.3893250000000030 	 -0.0013378172602618 
	 19.3987200000000009 	 -0.0013305723401732 
	 19.4081150000000022 	 -0.0013233707758403 
	 19.4175100000000000 	 -0.0013162124243935 
	 19.4269050000000014 	 -0.0013090971429637 
	 19.4362999999999992 	 -0.0013020247886813 
	 19.4456950000000006 	 -0.0012949952186770 
	 19.4550899999999984 	 -0.0012880082900814 
	 19.4644849999999998 	 -0.0012810638600251 
	 19.4738799999999976 	 -0.0012741617856388 
	 19.4832749999999990 	 -0.0012673019240531 
	 19.4926700000000004 	 -0.0012604841323985 
	 19.5020649999999982 	 -0.0012537082664161 
	 19.5114599999999996 	 -0.0012469739498786 
	 19.5208550000000010 	 -0.0012402803168339 
	 19.5302499999999988 	 -0.0012336264391759 
	 19.5396450000000002 	 -0.0012270113887984 
	 19.5490399999999980 	 -0.0012204342375951 
	 19.5584349999999993 	 -0.0012138940574598 
	 19.5678300000000007 	 -0.0012073899202863 
	 19.5772250000000021 	 -0.0012009208979684 
	 19.5866199999999999 	 -0.0011944860623998 
	 19.5960150000000013 	 -0.0011880844854743 
	 19.6054099999999991 	 -0.0011817152739690 
	 19.6148050000000005 	 -0.0011753781100365 
	 19.6242000000000019 	 -0.0011690731477712 
	 19.6335949999999997 	 -0.0011628005552092 
	 19.6429900000000011 	 -0.0011565605003866 
	 19.6523850000000024 	 -0.0011503531513392 
	 19.6617800000000003 	 -0.0011441786761032 
	 19.6711750000000016 	 -0.0011380372427146 
	 19.6805699999999995 	 -0.0011319290192093 
	 19.6899650000000008 	 -0.0011258541736234 
	 19.6993599999999986 	 -0.0011198128739929 
	 19.7087550000000000 	 -0.0011138052883538 
	 19.7181499999999978 	 -0.0011078315847422 
	 19.7275449999999992 	 -0.0011018919311941 
	 19.7369400000000006 	 -0.0010959864957454 
	 19.7463350000000020 	 -0.0010901154464322 
	 19.7557299999999998 	 -0.0010842789512905 
	 19.7651250000000012 	 -0.0010784771783563 
	 19.7745199999999990 	 -0.0010727102956657 
	 19.7839150000000004 	 -0.0010669784712546 
	 19.7933100000000017 	 -0.0010612818731591 
	 19.8027049999999996 	 -0.0010556206665856 
	 19.8121000000000009 	 -0.0010499947747925 
	 19.8214950000000023 	 -0.0010444036973048 
	 19.8308900000000001 	 -0.0010388468908419 
	 19.8402850000000015 	 -0.0010333238121231 
	 19.8496799999999993 	 -0.0010278339178679 
	 19.8590750000000007 	 -0.0010223766647957 
	 19.8684699999999985 	 -0.0010169515096259 
	 19.8778649999999999 	 -0.0010115579090778 
	 19.8872599999999977 	 -0.0010061953198709 
	 19.8966549999999991 	 -0.0010008631987246 
	 19.9060499999999969 	 -0.0009955610023583 
	 19.9154450000000018 	 -0.0009902881874913 
	 19.9248400000000032 	 -0.0009850442108432 
	 19.9342350000000010 	 -0.0009798285291332 
	 19.9436300000000024 	 -0.0009746405990808 
	 19.9530250000000038 	 -0.0009694798774054 
	 19.9624200000000016 	 -0.0009643458208264 
	 19.9718150000000030 	 -0.0009592378860631 
	 19.9812100000000008 	 -0.0009541555298351 
	 19.9906050000000022 	 -0.0009490982088617 
	 20.0000000000000000 	 -0.0009440653798622 
