	 1.2100000000000000 	 -8.1187033250000002 
	 1.2193950000000000 	 -8.1274131309101314 
	 1.2287900000000000 	 -8.1353385959175881 
	 1.2381850000000001 	 -8.1425805285861941 
	 1.2475799999999999 	 -8.1491598824226692 
	 1.2569750000000002 	 -8.1551197144082579 
	 1.2663700000000000 	 -8.1605096430129915 
	 1.2757650000000000 	 -8.1653711002703204 
	 1.2851600000000001 	 -8.1697433199022456 
	 1.2945550000000001 	 -8.1736612446508143 
	 1.3039499999999999 	 -8.1771584457567137 
	 1.3133450000000000 	 -8.1802621260436901 
	 1.3227400000000000 	 -8.1829979605753191 
	 1.3321350000000001 	 -8.1853954415665378 
	 1.3415300000000001 	 -8.1874736324457498 
	 1.3509249999999999 	 -8.1892527526900061 
	 1.3603200000000000 	 -8.1907546709493779 
	 1.3697150000000000 	 -8.1919951759709253 
	 1.3791099999999998 	 -8.1929983997651785 
	 1.3885049999999999 	 -8.1937668870437008 
	 1.3978999999999999 	 -8.1943231339091493 
	 1.4072950000000000 	 -8.1946412326134261 
	 1.4166900000000000 	 -8.1947881934037792 
	 1.4260850000000000 	 -8.1947696180350587 
	 1.4354799999999999 	 -8.1945762223608742 
	 1.4448749999999999 	 -8.1942236723291746 
	 1.4542700000000000 	 -8.1937191990035796 
	 1.4636650000000000 	 -8.1930717867692024 
	 1.4730600000000000 	 -8.1922892577736874 
	 1.4824550000000001 	 -8.1913792120985267 
	 1.4918499999999999 	 -8.1903486485518879 
	 1.5012450000000002 	 -8.1892043208259562 
	 1.5106400000000000 	 -8.1879525538249265 
	 1.5200350000000000 	 -8.1865994303113094 
	 1.5294300000000001 	 -8.1851504339730639 
	 1.5388250000000001 	 -8.1836109264787567 
	 1.5482200000000002 	 -8.1819862032387807 
	 1.5576150000000002 	 -8.1802811287691704 
	 1.5670099999999998 	 -8.1785002148322548 
	 1.5764049999999998 	 -8.1766483702004713 
	 1.5857999999999999 	 -8.1747280007996448 
	 1.5951949999999999 	 -8.1727499280325322 
	 1.6045900000000000 	 -8.1706913801882539 
	 1.6139850000000000 	 -8.1685739744902612 
	 1.6233799999999998 	 -8.1664295927148594 
	 1.6327749999999999 	 -8.1642320666732484 
	 1.6421699999999999 	 -8.1619917872716865 
	 1.6515649999999999 	 -8.1597104554298028 
	 1.6609600000000000 	 -8.1573918585383005 
	 1.6703550000000000 	 -8.1550380423287248 
	 1.6797499999999999 	 -8.1526529485286794 
	 1.6891450000000001 	 -8.1502928773714451 
	 1.6985399999999999 	 -8.1478639159881343 
	 1.7079350000000000 	 -8.1454053506601429 
	 1.7173300000000000 	 -8.1429305612800160 
	 1.7267250000000001 	 -8.1404374193201612 
	 1.7361199999999999 	 -8.1379296530501986 
	 1.7455150000000001 	 -8.1354083835117148 
	 1.7549100000000000 	 -8.1328765351903378 
	 1.7643049999999998 	 -8.1303358175582385 
	 1.7736999999999998 	 -8.1277929125336499 
	 1.7830949999999999 	 -8.1252301670687981 
	 1.7924899999999999 	 -8.1226491183114273 
	 1.8018850000000000 	 -8.1200942995744771 
	 1.8112800000000000 	 -8.1175367693614255 
	 1.8206750000000000 	 -8.1149828975214771 
	 1.8300700000000001 	 -8.1124342989409914 
	 1.8394650000000001 	 -8.1098918747582811 
	 1.8488600000000002 	 -8.1073635790125742 
	 1.8582550000000002 	 -8.1048401377901218 
	 1.8676499999999998 	 -8.1023579630149101 
	 1.8770449999999999 	 -8.0996296922362951 
	 1.8864399999999999 	 -8.0970446935428750 
	 1.8958349999999999 	 -8.0945941306373772 
	 1.9052300000000000 	 -8.0921245433287243 
	 1.9146250000000000 	 -8.0896816906055378 
	 1.9240199999999998 	 -8.0872538533973568 
	 1.9334150000000001 	 -8.0848440924394840 
	 1.9428099999999999 	 -8.0824570193198841 
	 1.9522050000000000 	 -8.0800946666373523 
	 1.9616000000000000 	 -8.0777459297851451 
	 1.9709950000000001 	 -8.0754203132315290 
	 1.9803900000000001 	 -8.0731179495566749 
	 1.9897850000000001 	 -8.0708384395833690 
	 1.9991800000000000 	 -8.0685796281527455 
	 2.0085750000000000 	 -8.0664079013249719 
	 2.0179700000000000 	 -8.0642111065447111 
	 2.0273649999999996 	 -8.0620256331926452 
	 2.0367600000000001 	 -8.0598740775915907 
	 2.0461549999999997 	 -8.0577323455298320 
	 2.0555499999999998 	 -8.0556231200295638 
	 2.0649449999999998 	 -8.0535489514460679 
	 2.0743399999999999 	 -8.0515006909087905 
	 2.0837349999999999 	 -8.0494827056829354 
	 2.0931299999999999 	 -8.0474902670264790 
	 2.1025250000000000 	 -8.0455276866735055 
	 2.1119199999999996 	 -8.0435955419558471 
	 2.1213150000000001 	 -8.0416883224918951 
	 2.1307099999999997 	 -8.0398095355648458 
	 2.1401050000000001 	 -8.0379593224194839 
	 2.1494999999999997 	 -8.0361376266370002 
	 2.1588950000000002 	 -8.0343444592082811 
	 2.1682899999999998 	 -8.0325797671208594 
	 2.1776850000000003 	 -8.0308442780643574 
	 2.1870799999999999 	 -8.0291365265801815 
	 2.1964750000000000 	 -8.0274574807479908 
	 2.2058700000000000 	 -8.0258070188432793 
	 2.2152650000000000 	 -8.0241843091246885 
	 2.2246600000000001 	 -8.0225893892365487 
	 2.2340550000000001 	 -8.0210222352658231 
	 2.2434500000000002 	 -8.0194825961203993 
	 2.2528449999999998 	 -8.0179706624455989 
	 2.2622400000000003 	 -8.0164863514589211 
	 2.2716349999999998 	 -8.0150284948209602 
	 2.2810300000000003 	 -8.0135976391822243 
	 2.2904249999999999 	 -8.0121941614287380 
	 2.2998200000000000 	 -8.0108169187446112 
	 2.3092150000000000 	 -8.0094656889492253 
	 2.3186100000000001 	 -8.0081348758501782 
	 2.3280050000000001 	 -8.0068214613309578 
	 2.3373999999999997 	 -8.0055436452368358 
	 2.3467950000000002 	 -8.0042944593442265 
	 2.3561899999999998 	 -8.0030697232931729 
	 2.3655850000000003 	 -8.0018698776937782 
	 2.3749799999999999 	 -8.0006945434874090 
	 2.3843749999999999 	 -7.9995427569335602 
	 2.3937700000000000 	 -7.9984155647647652 
	 2.4031650000000000 	 -7.9973092987543746 
	 2.4125600000000000 	 -7.9962400844762280 
	 2.4219550000000001 	 -7.9952047126180510 
	 2.4313500000000001 	 -7.9941343349453673 
	 2.4407449999999997 	 -7.9930811496996625 
	 2.4501400000000002 	 -7.9920881184007087 
	 2.4595349999999998 	 -7.9911220238423954 
	 2.4689300000000003 	 -7.9901720694404519 
	 2.4783249999999999 	 -7.9892492475473373 
	 2.4877199999999999 	 -7.9883454738595123 
	 2.4971150000000000 	 -7.9874591439555083 
	 2.5065100000000005 	 -7.9865918151695308 
	 2.5159050000000001 	 -7.9857436964232482 
	 2.5253000000000001 	 -7.9849203260799859 
	 2.5346950000000001 	 -7.9841127179042024 
	 2.5440899999999997 	 -7.9833203212018189 
	 2.5534850000000002 	 -7.9825500273004719 
	 2.5628799999999998 	 -7.9817951492200550 
	 2.5722749999999999 	 -7.9810556055090105 
	 2.5816699999999999 	 -7.9803326676038395 
	 2.5910650000000000 	 -7.9796249880022465 
	 2.6004600000000000 	 -7.9789329349940381 
	 2.6098550000000000 	 -7.9783036520879351 
	 2.6192500000000001 	 -7.9777283077262293 
	 2.6286449999999997 	 -7.9771697011931497 
	 2.6380400000000002 	 -7.9765494532230470 
	 2.6474349999999998 	 -7.9759270609431097 
	 2.6568300000000002 	 -7.9753242571977179 
	 2.6662249999999998 	 -7.9747319451714782 
	 2.6756200000000003 	 -7.9741504975034818 
	 2.6850149999999999 	 -7.9735801024473938 
	 2.6944100000000004 	 -7.9730206726970474 
	 2.7038050000000000 	 -7.9724715979665843 
	 2.7132000000000001 	 -7.9719317647235641 
	 2.7225950000000001 	 -7.9714011320477693 
	 2.7319900000000001 	 -7.9708792624296834 
	 2.7413850000000002 	 -7.9703642241099146 
	 2.7507800000000002 	 -7.9698574524670978 
	 2.7601750000000003 	 -7.9693581077670448 
	 2.7695699999999999 	 -7.9688647030290234 
	 2.7789650000000004 	 -7.9683785655234676 
	 2.7883599999999999 	 -7.9678974940059941 
	 2.7977550000000004 	 -7.9674211938869046 
	 2.8071500000000000 	 -7.9669494595742929 
	 2.8165450000000001 	 -7.9664835208718827 
	 2.8259399999999997 	 -7.9660206119912385 
	 2.8353349999999997 	 -7.9655599575670841 
	 2.8447299999999998 	 -7.9651024802138046 
	 2.8541249999999998 	 -7.9646473819669863 
	 2.8635199999999998 	 -7.9641937003603100 
	 2.8729149999999999 	 -7.9637405707379765 
	 2.8823099999999995 	 -7.9632874419731987 
	 2.8917050000000000 	 -7.9628337336212693 
	 2.9010999999999996 	 -7.9623795923130327 
	 2.9104950000000001 	 -7.9619252506981688 
	 2.9198899999999997 	 -7.9614677824735764 
	 2.9292850000000001 	 -7.9610092671516410 
	 2.9386799999999997 	 -7.9605488742254735 
	 2.9480750000000002 	 -7.9600814060484932 
	 2.9574699999999998 	 -7.9596261150401943 
	 2.9668650000000003 	 -7.9590659845773679 
	 2.9762599999999999 	 -7.9585506680916378 
	 2.9856549999999999 	 -7.9580806593359510 
	 2.9950500000000000 	 -7.9575912111825353 
	 3.0044450000000000 	 -7.9571017023276047 
	 3.0138400000000001 	 -7.9566047663913926 
	 3.0232350000000001 	 -7.9561024093398292 
	 3.0326300000000002 	 -7.9555944919501362 
	 3.0420250000000002 	 -7.9550803756195743 
	 3.0514200000000002 	 -7.9545598205626176 
	 3.0608149999999998 	 -7.9540331325327323 
	 3.0702099999999999 	 -7.9535005481833272 
	 3.0796049999999999 	 -7.9529610271336386 
	 3.0890000000000000 	 -7.9524145682159126 
	 3.0983950000000000 	 -7.9518615074311594 
	 3.1077900000000001 	 -7.9513021818147624 
	 3.1171850000000001 	 -7.9507363095378629 
	 3.1265800000000001 	 -7.9501633151147164 
	 3.1359749999999997 	 -7.9495838788325228 
	 3.1453699999999998 	 -7.9489981574816007 
	 3.1547649999999998 	 -7.9484064143027444 
	 3.1641599999999999 	 -7.9478089238103253 
	 3.1735549999999995 	 -7.9472050840937705 
	 3.1829499999999999 	 -7.9465942827237166 
	 3.1923449999999995 	 -7.9459778144346958 
	 3.2017400000000000 	 -7.9453600332620393 
	 3.2111349999999996 	 -7.9447316884356933 
	 3.2205300000000001 	 -7.9440729232129703 
	 3.2299249999999997 	 -7.9434201662427899 
	 3.2393200000000002 	 -7.9428204064867884 
	 3.2487149999999998 	 -7.9422784044988406 
	 3.2581100000000003 	 -7.9416409124769523 
	 3.2675049999999999 	 -7.9409814440538486 
	 3.2769000000000004 	 -7.9403252006371856 
	 3.2862950000000000 	 -7.9396622348060921 
	 3.2956900000000005 	 -7.9389968970220153 
	 3.3050850000000001 	 -7.9383286481413666 
	 3.3144800000000001 	 -7.9376569061944791 
	 3.3238750000000001 	 -7.9369820988137656 
	 3.3332700000000002 	 -7.9363048554825113 
	 3.3426650000000002 	 -7.9356247363228736 
	 3.3520600000000003 	 -7.9349416860349660 
	 3.3614549999999999 	 -7.9342561470522757 
	 3.3708500000000003 	 -7.9335679815966857 
	 3.3802449999999999 	 -7.9328776390032782 
	 3.3896400000000000 	 -7.9321873510935257 
	 3.3990350000000000 	 -7.9314984822628540 
	 3.4084300000000001 	 -7.9308108543554985 
	 3.4178249999999997 	 -7.9301232063839873 
	 3.4272200000000002 	 -7.9294341770105783 
	 3.4366149999999998 	 -7.9287436762505834 
	 3.4460099999999998 	 -7.9280522410863794 
	 3.4554049999999998 	 -7.9273604592069313 
	 3.4647999999999999 	 -7.9266686895861902 
	 3.4741949999999999 	 -7.9259766163251877 
	 3.4835900000000000 	 -7.9252843146267811 
	 3.4929850000000000 	 -7.9245924456487504 
	 3.5023799999999996 	 -7.9239011515128475 
	 3.5117750000000001 	 -7.9232104414273143 
	 3.5211699999999997 	 -7.9225201486074361 
	 3.5305649999999997 	 -7.9218304396901518 
	 3.5399599999999998 	 -7.9211419388634710 
	 3.5493550000000003 	 -7.9204541129435153 
	 3.5587499999999999 	 -7.9197675188475509 
	 3.5681449999999999 	 -7.9190821075361200 
	 3.5775399999999999 	 -7.9183979869892376 
	 3.5869350000000004 	 -7.9177153761833514 
	 3.5963300000000000 	 -7.9170342242434852 
	 3.6057249999999996 	 -7.9163546094607060 
	 3.6151200000000001 	 -7.9156767353155368 
	 3.6245150000000002 	 -7.9150006753299120 
	 3.6339100000000002 	 -7.9143263401213906 
	 3.6433049999999998 	 -7.9136538130596712 
	 3.6527000000000003 	 -7.9129834838213071 
	 3.6620950000000003 	 -7.9123154063767931 
	 3.6714900000000004 	 -7.9116492859529641 
	 3.6808850000000000 	 -7.9109853701549424 
	 3.6902800000000000 	 -7.9103240815329920 
	 3.6996750000000000 	 -7.9096653181232330 
	 3.7090700000000001 	 -7.9090086341498873 
	 3.7184650000000001 	 -7.9083547155443714 
	 3.7278600000000002 	 -7.9077034059576716 
	 3.7372550000000002 	 -7.9070549413282958 
	 3.7466499999999998 	 -7.9064093293026767 
	 3.7560450000000003 	 -7.9057665338681087 
	 3.7654399999999999 	 -7.9051266670527722 
	 3.7748350000000004 	 -7.9044898107275028 
	 3.7842300000000000 	 -7.9038560226871679 
	 3.7936250000000000 	 -7.9032254130560471 
	 3.8030200000000001 	 -7.9025979776816868 
	 3.8124150000000006 	 -7.9019737805418577 
	 3.8218100000000002 	 -7.9013530695951362 
	 3.8312049999999997 	 -7.9007356939269453 
	 3.8406000000000002 	 -7.9001217478973231 
	 3.8499950000000003 	 -7.8995113688684153 
	 3.8593899999999999 	 -7.8989046351935031 
	 3.8687849999999999 	 -7.8983014519276917 
	 3.8781799999999995 	 -7.8977019316139829 
	 3.8875749999999996 	 -7.8971060462249190 
	 3.8969699999999996 	 -7.8965137411987136 
	 3.9063649999999996 	 -7.8959252049006956 
	 3.9157599999999997 	 -7.8953403612443696 
	 3.9251549999999997 	 -7.8947591866006892 
	 3.9345499999999998 	 -7.8941818379780306 
	 3.9439449999999998 	 -7.8936083379685247 
	 3.9533399999999999 	 -7.8930387130982202 
	 3.9627349999999995 	 -7.8924730168358570 
	 3.9721299999999999 	 -7.8919112228934249 
	 3.9815249999999995 	 -7.8913534750855296 
	 3.9909200000000000 	 -7.8907999544868987 
	 4.0003149999999996 	 -7.8902506202727913 
	 4.0097100000000001 	 -7.8897056019735556 
	 4.0191049999999997 	 -7.8891652022127952 
	 4.0285000000000002 	 -7.8886296859250695 
	 4.0378949999999998 	 -7.8880989783780242 
	 4.0472900000000003 	 -7.8875730741920878 
	 4.0566849999999999 	 -7.8870520160159368 
	 4.0660799999999995 	 -7.8865358310782128 
	 4.0754750000000000 	 -7.8860245322254556 
	 4.0848700000000004 	 -7.8855181217934902 
	 4.0942650000000000 	 -7.8850165854068512 
	 4.1036599999999996 	 -7.8845199027633566 
	 4.1130550000000001 	 -7.8840280643794873 
	 4.1224499999999997 	 -7.8835410612404049 
	 4.1318450000000002 	 -7.8830588687268595 
	 4.1412399999999998 	 -7.8825814573230248 
	 4.1506349999999994 	 -7.8821088378178175 
	 4.1600299999999999 	 -7.8816410209835626 
	 4.1694250000000004 	 -7.8811780951601351 
	 4.1788200000000000 	 -7.8807202050746863 
	 4.1882149999999996 	 -7.8802676850464408 
	 4.1976100000000001 	 -7.8798209473697094 
	 4.2070049999999997 	 -7.8793804760725017 
	 4.2164000000000001 	 -7.8789460978582184 
	 4.2257949999999997 	 -7.8785170015380652 
	 4.2351900000000002 	 -7.8780922298869172 
	 4.2445849999999998 	 -7.8776714210458794 
	 4.2539800000000003 	 -7.8772547383782419 
	 4.2633749999999999 	 -7.8768423628571860 
	 4.2727700000000004 	 -7.8764344754558948 
	 4.2821650000000000 	 -7.8760312568552671 
	 4.2915600000000005 	 -7.8756328444116539 
	 4.3009550000000001 	 -7.8752392866642991 
	 4.3103499999999997 	 -7.8748506053246921 
	 4.3197450000000002 	 -7.8744667812334521 
	 4.3291400000000007 	 -7.8740878090007715 
	 4.3385350000000003 	 -7.8737136924063487 
	 4.3479299999999999 	 -7.8733444502816452 
	 4.3573250000000003 	 -7.8729800646919061 
	 4.3667199999999999 	 -7.8726205038302046 
	 4.3761150000000004 	 -7.8722657664590310 
	 4.3855100000000000 	 -7.8719158273598522 
	 4.3949049999999996 	 -7.8715706786644981 
	 4.4043000000000001 	 -7.8712303193931072 
	 4.4136950000000006 	 -7.8708947191433776 
	 4.4230900000000002 	 -7.8705638506376738 
	 4.4324849999999998 	 -7.8702376923755741 
	 4.4418799999999994 	 -7.8699162299467744 
	 4.4512749999999999 	 -7.8695994499498356 
	 4.4606700000000004 	 -7.8692873237738556 
	 4.4700650000000000 	 -7.8689798372214206 
	 4.4794599999999996 	 -7.8686769575075388 
	 4.4888550000000000 	 -7.8683786515854779 
	 4.4982499999999996 	 -7.8680849042710559 
	 4.5076450000000001 	 -7.8677956934687945 
	 4.5170399999999997 	 -7.8675110020351715 
	 4.5264349999999993 	 -7.8672307671980883 
	 4.5358299999999998 	 -7.8669549912250574 
	 4.5452250000000003 	 -7.8666836470097206 
	 4.5546199999999999 	 -7.8664166980952928 
	 4.5640149999999995 	 -7.8661541116310918 
	 4.5734100000000000 	 -7.8658958575274456 
	 4.5828049999999996 	 -7.8656419142988403 
	 4.5922000000000001 	 -7.8653922400562024 
	 4.6015949999999997 	 -7.8651468273152210 
	 4.6109900000000001 	 -7.8649056107005357 
	 4.6203849999999997 	 -7.8646685790336877 
	 4.6297799999999993 	 -7.8644356858525439 
	 4.6391749999999998 	 -7.8642069300888355 
	 4.6485700000000003 	 -7.8639822330816465 
	 4.6579649999999999 	 -7.8637616044191230 
	 4.6673599999999995 	 -7.8635449744607806 
	 4.6767550000000000 	 -7.8633323245557456 
	 4.6861499999999996 	 -7.8631236339417230 
	 4.6955450000000001 	 -7.8629188524096056 
	 4.7049399999999997 	 -7.8627179401103486 
	 4.7143350000000002 	 -7.8625208656994872 
	 4.7237299999999998 	 -7.8623275995998405 
	 4.7331250000000002 	 -7.8621381123976404 
	 4.7425199999999998 	 -7.8619523507547839 
	 4.7519150000000003 	 -7.8617703135467600 
	 4.7613099999999999 	 -7.8615918676836740 
	 4.7707049999999995 	 -7.8614166494234272 
	 4.7801000000000000 	 -7.8612452799978332 
	 4.7894950000000005 	 -7.8610780995336782 
	 4.7988900000000001 	 -7.8609140810378548 
	 4.8082849999999997 	 -7.8607535115640417 
	 4.8176800000000002 	 -7.8605964136216926 
	 4.8270749999999998 	 -7.8604427218724870 
	 4.8364700000000003 	 -7.8602924077647938 
	 4.8458649999999999 	 -7.8601454351758813 
	 4.8552599999999995 	 -7.8600017694959892 
	 4.8646550000000000 	 -7.8598613707961462 
	 4.8740500000000004 	 -7.8597242034371222 
	 4.8834450000000000 	 -7.8595902333035825 
	 4.8928399999999996 	 -7.8594594236691426 
	 4.9022350000000001 	 -7.8593317381510452 
	 4.9116300000000006 	 -7.8592071413716100 
	 4.9210250000000002 	 -7.8590855947255944 
	 4.9304199999999998 	 -7.8589670692123601 
	 4.9398150000000003 	 -7.8588515215757839 
	 4.9492100000000008 	 -7.8587389221266806 
	 4.9586050000000004 	 -7.8586292303250467 
	 4.9680000000000000 	 -7.8585224162397243 
	 4.9773949999999996 	 -7.8584184440968308 
	 4.9867900000000001 	 -7.8583172745553806 
	 4.9961850000000005 	 -7.8582188790883505 
	 5.0055800000000001 	 -7.8581232214807644 
	 5.0149750000000006 	 -7.8580302639264463 
	 5.0243700000000002 	 -7.8579399745635428 
	 5.0337649999999989 	 -7.8578523200949517 
	 5.0431600000000003 	 -7.8577672687775513 
	 5.0525549999999999 	 -7.8576847808016197 
	 5.0619499999999995 	 -7.8576048307160535 
	 5.0713449999999991 	 -7.8575273724420880 
	 5.0807400000000005 	 -7.8574524172451730 
	 5.0901350000000001 	 -7.8573802847995529 
	 5.0995299999999997 	 -7.8573105438349184 
	 5.1089249999999993 	 -7.8572427810506973 
	 5.1183200000000006 	 -7.8571773365874842 
	 5.1277150000000002 	 -7.8571142155519782 
	 5.1371099999999998 	 -7.8570533661620239 
	 5.1465049999999994 	 -7.8569947635339163 
	 5.1558999999999999 	 -7.8569383778717450 
	 5.1652949999999995 	 -7.8568841767333897 
	 5.1746900000000000 	 -7.8568321303709450 
	 5.1840849999999996 	 -7.8567822106359362 
	 5.1934800000000001 	 -7.8567343858570569 
	 5.2028749999999997 	 -7.8566886297265990 
	 5.2122700000000002 	 -7.8566449153163873 
	 5.2216649999999998 	 -7.8566031919651174 
	 5.2310600000000003 	 -7.8565634832488120 
	 5.2404549999999999 	 -7.8565256685274063 
	 5.2498499999999995 	 -7.8564898103425147 
	 5.2592449999999999 	 -7.8564562569526029 
	 5.2686400000000004 	 -7.8564147619753228 
	 5.2780350000000000 	 -7.8563786766288617 
	 5.2874299999999996 	 -7.8563511066067759 
	 5.2968249999999992 	 -7.8563273974160115 
	 5.3062200000000006 	 -7.8563033411486352 
	 5.3156150000000002 	 -7.8562799782688657 
	 5.3250099999999998 	 -7.8562586589089705 
	 5.3344049999999994 	 -7.8562389144534084 
	 5.3437999999999999 	 -7.8562208233117525 
	 5.3531950000000004 	 -7.8562043991343335 
	 5.3625900000000000 	 -7.8561895820411252 
	 5.3719849999999996 	 -7.8561763556777073 
	 5.3813800000000001 	 -7.8561646936268987 
	 5.3907749999999997 	 -7.8561545729269611 
	 5.4001700000000001 	 -7.8561459706897745 
	 5.4095649999999997 	 -7.8561388623381907 
	 5.4189600000000002 	 -7.8561332245585254 
	 5.4283549999999998 	 -7.8561290368448420 
	 5.4377500000000003 	 -7.8561262760797526 
	 5.4471449999999999 	 -7.8561249185140474 
	 5.4565400000000004 	 -7.8561249451527946 
	 5.4659350000000000 	 -7.8561263362605764 
	 5.4753299999999996 	 -7.8561290640111165 
	 5.4847250000000001 	 -7.8561331189956949 
	 5.4941200000000006 	 -7.8561384396759779 
	 5.5035150000000002 	 -7.8561449934468310 
	 5.5129099999999998 	 -7.8561528690935427 
	 5.5223049999999994 	 -7.8561621605763978 
	 5.5317000000000007 	 -7.8561727147497740 
	 5.5410950000000003 	 -7.8561838932348564 
	 5.5504899999999999 	 -7.8561957589401930 
	 5.5598849999999995 	 -7.8562096696845449 
	 5.5692800000000009 	 -7.8562247634145397 
	 5.5786750000000005 	 -7.8562408708822993 
	 5.5880700000000001 	 -7.8562581319841236 
	 5.5974649999999997 	 -7.8562765003867971 
	 5.6068600000000011 	 -7.8562959348289469 
	 5.6162549999999998 	 -7.8563164292960455 
	 5.6256499999999994 	 -7.8563379679996395 
	 5.6350449999999999 	 -7.8563605322461161 
	 5.6444399999999995 	 -7.8563841063432074 
	 5.6538349999999999 	 -7.8564086748851647 
	 5.6632300000000004 	 -7.8564342207697662 
	 5.6726250000000000 	 -7.8564607306466847 
	 5.6820199999999996 	 -7.8564881858051470 
	 5.6914149999999992 	 -7.8565165653998559 
	 5.7008099999999997 	 -7.8565458960492069 
	 5.7102050000000002 	 -7.8565761657449675 
	 5.7195999999999998 	 -7.8566072229330963 
	 5.7289949999999994 	 -7.8566391546612184 
	 5.7383899999999999 	 -7.8566727221055688 
	 5.7477850000000004 	 -7.8567065284698447 
	 5.7571800000000000 	 -7.8567409814647986 
	 5.7665749999999996 	 -7.8567763243742315 
	 5.7759699999999992 	 -7.8568124518243785 
	 5.7853649999999996 	 -7.8568493786455580 
	 5.7947600000000001 	 -7.8568870824736816 
	 5.8041549999999997 	 -7.8569255511193461 
	 5.8135500000000002 	 -7.8569647697411913 
	 5.8229449999999998 	 -7.8570047287614786 
	 5.8323400000000003 	 -7.8570454144838946 
	 5.8417349999999999 	 -7.8570868123700945 
	 5.8511299999999995 	 -7.8571289107396138 
	 5.8605250000000000 	 -7.8571716915797092 
	 5.8699199999999996 	 -7.8572151500705285 
	 5.8793150000000001 	 -7.8572592725807056 
	 5.8887100000000006 	 -7.8573040444760789 
	 5.8981050000000002 	 -7.8573494515425537 
	 5.9074999999999998 	 -7.8573954806753648 
	 5.9168950000000002 	 -7.8574421257368137 
	 5.9262899999999998 	 -7.8574893730296633 
	 5.9356850000000003 	 -7.8575372078763612 
	 5.9450799999999999 	 -7.8575856196989831 
	 5.9544749999999995 	 -7.8576345985181817 
	 5.9638700000000000 	 -7.8576841328543523 
	 5.9732650000000005 	 -7.8577342096633664 
	 5.9826600000000001 	 -7.8577848183349301 
	 5.9920549999999997 	 -7.8578359470134673 
	 6.0014499999999993 	 -7.8578875882836448 
	 6.0108449999999998 	 -7.8579397300797451 
	 6.0202400000000003 	 -7.8579923611535305 
	 6.0296349999999999 	 -7.8580455736710766 
	 6.0390300000000003 	 -7.8580991471131298 
	 6.0484249999999999 	 -7.8581531703757044 
	 6.0578200000000004 	 -7.8582076396269507 
	 6.0672150000000000 	 -7.8582625483757740 
	 6.0766099999999996 	 -7.8583178811712058 
	 6.0860050000000001 	 -7.8583736255615637 
	 6.0953999999999997 	 -7.8584297741911859 
	 6.1047950000000002 	 -7.8584863134755132 
	 6.1141900000000007 	 -7.8585432377013511 
	 6.1235850000000003 	 -7.8586005356464899 
	 6.1329799999999999 	 -7.8586581935827384 
	 6.1423750000000004 	 -7.8587162034984521 
	 6.1517700000000000 	 -7.8587745502568165 
	 6.1611650000000004 	 -7.8588332270651096 
	 6.1705600000000000 	 -7.8588922265866579 
	 6.1799549999999996 	 -7.8589515315466727 
	 6.1893500000000010 	 -7.8590111225347741 
	 6.1987450000000006 	 -7.8590711411185623 
	 6.2081400000000002 	 -7.8591306814711208 
	 6.2175349999999998 	 -7.8591939234594257 
	 6.2269299999999994 	 -7.8592345428261021 
	 6.2363250000000008 	 -7.8592822904217554 
	 6.2457200000000004 	 -7.8593672903162011 
	 6.2551150000000000 	 -7.8594503281280268 
	 6.2645100000000005 	 -7.8595087144175046 
	 6.2739050000000010 	 -7.8595658088331888 
	 6.2833000000000006 	 -7.8596293121052794 
	 6.2926950000000001 	 -7.8596917487181797 
	 6.3020899999999997 	 -7.8597539771220752 
	 6.3114850000000002 	 -7.8598168362929473 
	 6.3208800000000007 	 -7.8598797879018791 
	 6.3302750000000003 	 -7.8599428499337716 
	 6.3396700000000008 	 -7.8600061768723224 
	 6.3490650000000004 	 -7.8600696299821342 
	 6.3584600000000000 	 -7.8601323347440992 
	 6.3678550000000005 	 -7.8601957343851936 
	 6.3772500000000001 	 -7.8602594329376174 
	 6.3866450000000006 	 -7.8603231717546285 
	 6.3960400000000002 	 -7.8603870354179577 
	 6.4054350000000007 	 -7.8604509815381594 
	 6.4148300000000011 	 -7.8605150116602651 
	 6.4242250000000007 	 -7.8605791226284447 
	 6.4336200000000003 	 -7.8606433050063789 
	 6.4430149999999999 	 -7.8607075514515685 
	 6.4524100000000004 	 -7.8607718566381752 
	 6.4618050000000009 	 -7.8608362115144619 
	 6.4712000000000005 	 -7.8609006095589349 
	 6.4805950000000001 	 -7.8609650504184980 
	 6.4899900000000006 	 -7.8610295287205556 
	 6.4993849999999993 	 -7.8610940196526675 
	 6.5087799999999998 	 -7.8611585254208780 
	 6.5181749999999994 	 -7.8612230880041540 
	 6.5275699999999990 	 -7.8612874695373272 
	 6.5369650000000004 	 -7.8613530974905332 
	 6.5463600000000000 	 -7.8614178193147666 
	 6.5557549999999996 	 -7.8614774994005554 
	 6.5651499999999992 	 -7.8615345875717804 
	 6.5745449999999988 	 -7.8615961182691878 
	 6.5839400000000001 	 -7.8616610465290817 
	 6.5933349999999997 	 -7.8617251837656923 
	 6.6027299999999993 	 -7.8617894923532132 
	 6.6121249999999998 	 -7.8618537033401088 
	 6.6215199999999994 	 -7.8619178752001559 
	 6.6309149999999999 	 -7.8619820071882511 
	 6.6403099999999995 	 -7.8620460582594180 
	 6.6497049999999991 	 -7.8621100497440226 
	 6.6590999999999996 	 -7.8621742283954124 
	 6.6684950000000001 	 -7.8622366550688847 
	 6.6778899999999997 	 -7.8623072873684956 
	 6.6872850000000001 	 -7.8623151660731025 
	 6.6966799999999997 	 -7.8623420257228567 
	 6.7060749999999993 	 -7.8624179173964368 
	 6.7154699999999998 	 -7.8624882399465728 
	 6.7248649999999994 	 -7.8625519749455623 
	 6.7342599999999999 	 -7.8626062394561504 
	 6.7436549999999995 	 -7.8626561092904730 
	 6.7530500000000000 	 -7.8627641373474022 
	 6.7624450000000005 	 -7.8628885334357559 
	 6.7718400000000001 	 -7.8629426894072285 
	 6.7812349999999997 	 -7.8630071900773055 
	 6.7906299999999993 	 -7.8630692682660950 
	 6.8000249999999998 	 -7.8631316422465600 
	 6.8094200000000003 	 -7.8631938295034027 
	 6.8188149999999998 	 -7.8632558730963238 
	 6.8282099999999994 	 -7.8633177850144085 
	 6.8376049999999999 	 -7.8633795482871447 
	 6.8469999999999995 	 -7.8634411624773799 
	 6.8563950000000000 	 -7.8635026263185219 
	 6.8657899999999996 	 -7.8635639380910600 
	 6.8751849999999992 	 -7.8636250940031731 
	 6.8845799999999997 	 -7.8636860889183939 
	 6.8939750000000002 	 -7.8637469192641749 
	 6.9033699999999998 	 -7.8638075842680584 
	 6.9127650000000003 	 -7.8638680833631858 
	 6.9221599999999999 	 -7.8639284153248763 
	 6.9315549999999995 	 -7.8639885702705845 
	 6.9409500000000000 	 -7.8640485489591017 
	 6.9503449999999996 	 -7.8641083508890173 
	 6.9597400000000000 	 -7.8641679747889501 
	 6.9691349999999996 	 -7.8642274181996843 
	 6.9785299999999992 	 -7.8642866772411715 
	 6.9879250000000006 	 -7.8643457445768910 
	 6.9973200000000002 	 -7.8644046258772891 
	 7.0067149999999998 	 -7.8644633184119739 
	 7.0161099999999994 	 -7.8645218179627721 
	 7.0255049999999990 	 -7.8645801234922548 
	 7.0349000000000004 	 -7.8646382317778034 
	 7.0442950000000000 	 -7.8646961442384891 
	 7.0536899999999996 	 -7.8647538605396088 
	 7.0630850000000001 	 -7.8648113715083525 
	 7.0724800000000005 	 -7.8648686783958057 
	 7.0818750000000001 	 -7.8649257867979783 
	 7.0912699999999997 	 -7.8649826878725477 
	 7.1006649999999993 	 -7.8650393842395117 
	 7.1100599999999998 	 -7.8650958710821284 
	 7.1194550000000003 	 -7.8651521487860645 
	 7.1288499999999999 	 -7.8652082164039356 
	 7.1382450000000004 	 -7.8652640725390572 
	 7.1476400000000000 	 -7.8653197159496395 
	 7.1570350000000005 	 -7.8653751458782937 
	 7.1664300000000001 	 -7.8654303617768235 
	 7.1758249999999997 	 -7.8654853630250239 
	 7.1852200000000002 	 -7.8655401479946612 
	 7.1946149999999998 	 -7.8655947143213973 
	 7.2040100000000002 	 -7.8656490598010658 
	 7.2134050000000007 	 -7.8657031879482426 
	 7.2228000000000003 	 -7.8657571004610345 
	 7.2321949999999999 	 -7.8658107893528966 
	 7.2415900000000004 	 -7.8658642537197059 
	 7.2509850000000000 	 -7.8659174993107461 
	 7.2603800000000005 	 -7.8659705252701722 
	 7.2697750000000001 	 -7.8660233213110455 
	 7.2791699999999997 	 -7.8660758977591572 
	 7.2885650000000002 	 -7.8661282513530217 
	 7.2979600000000007 	 -7.8661803789693217 
	 7.3073550000000003 	 -7.8662322809950531 
	 7.3167499999999999 	 -7.8662839548145280 
	 7.3261449999999995 	 -7.8663354055515082 
	 7.3355399999999999 	 -7.8663866294907230 
	 7.3449350000000004 	 -7.8664376279859942 
	 7.3543300000000000 	 -7.8664884001355642 
	 7.3637250000000005 	 -7.8665389422843051 
	 7.3731200000000001 	 -7.8665892587712696 
	 7.3825150000000006 	 -7.8666393489020559 
	 7.3919100000000002 	 -7.8666892115950064 
	 7.4013049999999998 	 -7.8667388456178955 
	 7.4107000000000003 	 -7.8667882513474749 
	 7.4200949999999999 	 -7.8668374311442193 
	 7.4294900000000004 	 -7.8668863804025309 
	 7.4388850000000009 	 -7.8669351008756889 
	 7.4482800000000005 	 -7.8669835944538642 
	 7.4576750000000001 	 -7.8670318621023778 
	 7.4670700000000005 	 -7.8670799025357923 
	 7.4764650000000001 	 -7.8671277144406480 
	 7.4858600000000006 	 -7.8671752971233664 
	 7.4952550000000002 	 -7.8672226515493824 
	 7.5046499999999998 	 -7.8672697798808420 
	 7.5140450000000012 	 -7.8673166841325406 
	 7.5234400000000008 	 -7.8673633608125959 
	 7.5328350000000004 	 -7.8674098081180217 
	 7.5422300000000000 	 -7.8674560311173272 
	 7.5516249999999996 	 -7.8675020289041688 
	 7.5610200000000010 	 -7.8675478015480618 
	 7.5704150000000006 	 -7.8675933470263093 
	 7.5798100000000002 	 -7.8676386648261367 
	 7.5892050000000006 	 -7.8676837597922553 
	 7.5986000000000002 	 -7.8677286331547975 
	 7.6079950000000007 	 -7.8677732841613821 
	 7.6173900000000003 	 -7.8678177091830674 
	 7.6267849999999999 	 -7.8678619113667967 
	 7.6361800000000004 	 -7.8679058921596017 
	 7.6455750000000009 	 -7.8679496500222932 
	 7.6549700000000005 	 -7.8679931869979782 
	 7.6643650000000010 	 -7.8680365042498863 
	 7.6737599999999988 	 -7.8680795995126962 
	 7.6831549999999993 	 -7.8681224732385928 
	 7.6925499999999998 	 -7.8681651295442192 
	 7.7019449999999994 	 -7.8682075689243431 
	 7.7113399999999999 	 -7.8682497898759580 
	 7.7207349999999995 	 -7.8682917951891360 
	 7.7301299999999991 	 -7.8683335786864683 
	 7.7395249999999995 	 -7.8683751475373445 
	 7.7489199999999991 	 -7.8684165027687571 
	 7.7583149999999996 	 -7.8684576432512818 
	 7.7677099999999992 	 -7.8684985689620826 
	 7.7771049999999997 	 -7.8685392802673544 
	 7.7865000000000002 	 -7.8685797776214441 
	 7.7958949999999998 	 -7.8686200625555731 
	 7.8052899999999994 	 -7.8686601391121682 
	 7.8146849999999990 	 -7.8687000120711854 
	 7.8240799999999995 	 -7.8687396708311264 
	 7.8334750000000000 	 -7.8687790904748791 
	 7.8428699999999996 	 -7.8688182992179794 
	 7.8522649999999992 	 -7.8688573997547042 
	 7.8616600000000005 	 -7.8688963410152697 
	 7.8710550000000001 	 -7.8689347556429556 
	 7.8804499999999997 	 -7.8689732787370907 
	 7.8898449999999993 	 -7.8690114939341527 
	 7.8992399999999989 	 -7.8690419432965673 
	 7.9086350000000003 	 -7.8690771502897547 
	 7.9180299999999999 	 -7.8691166813149751 
	 7.9274249999999995 	 -7.8691546299178707 
	 7.9368200000000000 	 -7.8691916638597119 
	 7.9462149999999996 	 -7.8692288576408664 
	 7.9556100000000001 	 -7.8692658127145414 
	 7.9650049999999997 	 -7.8693024992239611 
	 7.9743999999999993 	 -7.8693390097113660 
	 7.9837949999999998 	 -7.8693753149515846 
	 7.9931900000000002 	 -7.8694114223718952 
	 8.0025849999999998 	 -7.8694473369410218 
	 8.0119799999999994 	 -7.8694830565992469 
	 8.0213749999999990 	 -7.8695185811742911 
	 8.0307700000000004 	 -7.8695539140354533 
	 8.0401650000000000 	 -7.8695890544871094 
	 8.0495599999999996 	 -7.8696240028512454 
	 8.0589549999999992 	 -7.8696587634374957 
	 8.0683500000000006 	 -7.8696933310394757 
	 8.0777450000000002 	 -7.8697277067286260 
	 8.0871399999999998 	 -7.8697618978131079 
	 8.0965349999999994 	 -7.8697959000624689 
	 8.1059300000000007 	 -7.8698297155204253 
	 8.1153250000000003 	 -7.8698633439927370 
	 8.1247199999999999 	 -7.8698967843527745 
	 8.1341149999999995 	 -7.8699300410586615 
	 8.1435099999999991 	 -7.8699631156789680 
	 8.1529050000000005 	 -7.8699960062126566 
	 8.1623000000000001 	 -7.8700287133991731 
	 8.1716949999999997 	 -7.8700612381602593 
	 8.1810899999999993 	 -7.8700935791220124 
	 8.1904849999999989 	 -7.8701257417837649 
	 8.1998800000000003 	 -7.8701577196912229 
	 8.2092749999999999 	 -7.8701895223712750 
	 8.2186699999999995 	 -7.8702211422065531 
	 8.2280649999999991 	 -7.8702525850397338 
	 8.2374600000000004 	 -7.8702838497036476 
	 8.2468550000000000 	 -7.8703149386610676 
	 8.2562499999999996 	 -7.8703458482646509 
	 8.2656449999999992 	 -7.8703765816092304 
	 8.2750399999999988 	 -7.8704071442342709 
	 8.2844350000000002 	 -7.8704375307638132 
	 8.2938299999999998 	 -7.8704677437417043 
	 8.3032249999999994 	 -7.8704977870753625 
	 8.3126200000000008 	 -7.8705276568964084 
	 8.3220150000000004 	 -7.8705573594547413 
	 8.3314100000000000 	 -7.8705868933656236 
	 8.3408049999999996 	 -7.8706162514378022 
	 8.3501999999999992 	 -7.8706454462750433 
	 8.3595950000000006 	 -7.8706744822918244 
	 8.3689900000000002 	 -7.8707033173364929 
	 8.3783849999999997 	 -7.8707321801533263 
	 8.3877800000000011 	 -7.8707599734830227 
	 8.3971750000000007 	 -7.8707914818670570 
	 8.4065700000000003 	 -7.8708072938022555 
	 8.4159649999999999 	 -7.8709114776969233 
	 8.4253599999999995 	 -7.8711207022406100 
	 8.4347550000000009 	 -7.8713254173751848 
	 8.4441500000000005 	 -7.8714181106500822 
	 8.4535450000000001 	 -7.8714327719128026 
	 8.4629399999999997 	 -7.8714631884771586 
	 8.4723350000000011 	 -7.8714892543005774 
	 8.4817300000000007 	 -7.8715162226058712 
	 8.4911250000000003 	 -7.8715427917895813 
	 8.5005199999999999 	 -7.8715692669765387 
	 8.5099149999999995 	 -7.8715955826184665 
	 8.5193100000000008 	 -7.8716217552620948 
	 8.5287050000000004 	 -7.8716477857230123 
	 8.5381000000000000 	 -7.8716736712838964 
	 8.5474949999999996 	 -7.8716994140304877 
	 8.5568900000000010 	 -7.8717250162567316 
	 8.5662850000000006 	 -7.8717504817920085 
	 8.5756800000000002 	 -7.8717758112623439 
	 8.5850749999999998 	 -7.8718010028061398 
	 8.5944700000000012 	 -7.8718260585370610 
	 8.6038650000000008 	 -7.8718509822176639 
	 8.6132600000000004 	 -7.8718757755674389 
	 8.6226550000000000 	 -7.8719004401558132 
	 8.6320499999999996 	 -7.8719249736388539 
	 8.6414450000000009 	 -7.8719493765460040 
	 8.6508400000000005 	 -7.8719736575468922 
	 8.6602350000000001 	 -7.8719978065307261 
	 8.6696299999999997 	 -7.8720218335187004 
	 8.6790249999999993 	 -7.8720457366900414 
	 8.6884200000000007 	 -7.8720695130883573 
	 8.6978150000000003 	 -7.8720931725799845 
	 8.7072099999999999 	 -7.8721167106905003 
	 8.7166049999999995 	 -7.8721401267167392 
	 8.7259999999999991 	 -7.8721634234448228 
	 8.7353950000000005 	 -7.8721866009028849 
	 8.7447900000000001 	 -7.8722096632657923 
	 8.7541850000000014 	 -7.8722326094269901 
	 8.7635800000000010 	 -7.8722554362710051 
	 8.7729750000000006 	 -7.8722781492378227 
	 8.7823700000000002 	 -7.8723007489966657 
	 8.7917649999999998 	 -7.8723232319528051 
	 8.8011599999999994 	 -7.8723456021012295 
	 8.8105549999999990 	 -7.8723678618290638 
	 8.8199500000000022 	 -7.8723900080519007 
	 8.8293450000000018 	 -7.8724120419681931 
	 8.8387400000000014 	 -7.8724339645926031 
	 8.8481349999999992 	 -7.8724557728027680 
	 8.8575299999999988 	 -7.8724774737934480 
	 8.8669249999999984 	 -7.8724990635275782 
	 8.8763199999999998 	 -7.8725205395256923 
	 8.8857149999999994 	 -7.8725419080151955 
	 8.8951099999999990 	 -7.8725631661334097 
	 8.9045050000000003 	 -7.8725843103066167 
	 8.9138999999999999 	 -7.8726053444345183 
	 8.9232949999999995 	 -7.8726262688423336 
	 8.9326899999999991 	 -7.8726470820747521 
	 8.9420850000000005 	 -7.8726677848196678 
	 8.9514800000000001 	 -7.8726883735922497 
	 8.9608749999999997 	 -7.8727088484356429 
	 8.9702699999999993 	 -7.8727292146401640 
	 8.9796649999999989 	 -7.8727494620890628 
	 8.9890599999999985 	 -7.8727695987091799 
	 8.9984549999999999 	 -7.8727896169233231 
	 9.0078499999999995 	 -7.8728095223917487 
	 9.0172449999999991 	 -7.8728293069123740 
	 9.0266400000000004 	 -7.8728489747169466 
	 9.0360350000000000 	 -7.8728685218962200 
	 9.0454299999999996 	 -7.8728879450969096 
	 9.0548249999999992 	 -7.8729072461184382 
	 9.0642199999999988 	 -7.8729264229931424 
	 9.0736149999999984 	 -7.8729454726787029 
	 9.0830099999999980 	 -7.8729643928772246 
	 9.0924050000000012 	 -7.8729831823448935 
	 9.1018000000000008 	 -7.8730018389905245 
	 9.1111950000000004 	 -7.8730203589142818 
	 9.1205900000000000 	 -7.8730387391598216 
	 9.1299849999999996 	 -7.8730569792119987 
	 9.1393799999999992 	 -7.8730750758903900 
	 9.1487749999999988 	 -7.8730930248739686 
	 9.1581699999999984 	 -7.8731108204089022 
	 9.1675649999999997 	 -7.8731284610928665 
	 9.1769600000000011 	 -7.8731459468593066 
	 9.1863550000000007 	 -7.8731632728501690 
	 9.1957500000000003 	 -7.8731804305664115 
	 9.2051449999999999 	 -7.8731974149565538 
	 9.2145399999999995 	 -7.8732142242399306 
	 9.2239349999999991 	 -7.8732308566412881 
	 9.2333299999999987 	 -7.8732473078578913 
	 9.2427250000000001 	 -7.8732635717980948 
	 9.2521200000000015 	 -7.8732796471354884 
	 9.2615150000000011 	 -7.8732955352710325 
	 9.2709100000000007 	 -7.8733112370031915 
	 9.2803050000000002 	 -7.8733267634238002 
	 9.2896999999999998 	 -7.8733421296895729 
	 9.2990949999999994 	 -7.8733573850737777 
	 9.3084899999999990 	 -7.8733726380392177 
	 9.3178849999999986 	 -7.8733879498715460 
	 9.3272800000000000 	 -7.8734036318095946 
	 9.3366749999999996 	 -7.8734150497129241 
	 9.3460700000000010 	 -7.8734239923877416 
	 9.3554650000000006 	 -7.8734354650182405 
	 9.3648600000000002 	 -7.8734484570722723 
	 9.3742549999999998 	 -7.8734615276950990 
	 9.3836499999999994 	 -7.8734745727810189 
	 9.3930450000000008 	 -7.8734865864868491 
	 9.4024400000000004 	 -7.8734981348940769 
	 9.4118350000000000 	 -7.8735095599806391 
	 9.4212299999999995 	 -7.8735207023361307 
	 9.4306249999999991 	 -7.8735316381836729 
	 9.4400200000000005 	 -7.8735424198260988 
	 9.4494150000000001 	 -7.8735531085699613 
	 9.4588099999999997 	 -7.8735637889839651 
	 9.4682049999999993 	 -7.8735745373528934 
	 9.4776000000000007 	 -7.8735854423405147 
	 9.4869950000000003 	 -7.8735965857631838 
	 9.4963899999999999 	 -7.8736080648367466 
	 9.5057849999999995 	 -7.8736199608442066 
	 9.5151799999999991 	 -7.8736323409500102 
	 9.5245749999999987 	 -7.8736452778297314 
	 9.5339700000000001 	 -7.8736588281166098 
	 9.5433650000000014 	 -7.8736730272775173 
	 9.5527600000000010 	 -7.8736878975379279 
	 9.5621550000000006 	 -7.8737034473708025 
	 9.5715500000000002 	 -7.8737196772628435 
	 9.5809449999999998 	 -7.8737365658464391 
	 9.5903399999999994 	 -7.8737540831742052 
	 9.5997349999999990 	 -7.8737721819689348 
	 9.6091299999999986 	 -7.8737908117551108 
	 9.6185250000000000 	 -7.8738099199188341 
	 9.6279200000000014 	 -7.8738294425380833 
	 9.6373150000000010 	 -7.8738493128641993 
	 9.6467100000000006 	 -7.8738694700078637 
	 9.6561050000000002 	 -7.8738898456805817 
	 9.6654999999999998 	 -7.8739103818637073 
	 9.6748949999999994 	 -7.8739310185857381 
	 9.6842899999999990 	 -7.8739517016511202 
	 9.6936850000000003 	 -7.8739723875961891 
	 9.7030800000000017 	 -7.8739930274292664 
	 9.7124750000000013 	 -7.8740135843636683 
	 9.7218700000000009 	 -7.8740340324882174 
	 9.7312650000000005 	 -7.8740543408607824 
	 9.7406600000000001 	 -7.8740744941889229 
	 9.7500549999999997 	 -7.8740944704048612 
	 9.7594499999999993 	 -7.8741142594027274 
	 9.7688449999999989 	 -7.8741338543785488 
	 9.7782400000000003 	 -7.8741532399346701 
	 9.7876350000000016 	 -7.8741724268034288 
	 9.7970300000000012 	 -7.8741914127912036 
	 9.8064250000000008 	 -7.8742101847938235 
	 9.8158200000000004 	 -7.8742287385054848 
	 9.8252150000000000 	 -7.8742471617002581 
	 9.8346099999999996 	 -7.8742651270228654 
	 9.8440050000000010 	 -7.8742828710845432 
	 9.8534000000000006 	 -7.8743007327703447 
	 9.8627950000000002 	 -7.8743183471499867 
	 9.8721899999999998 	 -7.8743358050811691 
	 9.8815850000000012 	 -7.8743530891717946 
	 9.8909800000000008 	 -7.8743702080562432 
	 9.9003750000000004 	 -7.8743871658874633 
	 9.9097700000000000 	 -7.8744039704810884 
	 9.9191649999999996 	 -7.8744206274698669 
	 9.9285600000000009 	 -7.8744371424550916 
	 9.9379550000000005 	 -7.8744535135913569 
	 9.9473500000000001 	 -7.8744697514043001 
	 9.9567449999999997 	 -7.8744858583177475 
	 9.9661400000000011 	 -7.8745018346028699 
	 9.9755350000000007 	 -7.8745176905260408 
	 9.9849300000000003 	 -7.8745334281198094 
	 9.9943250000000017 	 -7.8745490496387935 
	 10.0037200000000013 	 -7.8745645571511069 
	 10.0131150000000009 	 -7.8745799513197969 
	 10.0225099999999987 	 -7.8745952424152748 
	 10.0319049999999983 	 -7.8746104311813925 
	 10.0412999999999979 	 -7.8746255152554570 
	 10.0506950000000010 	 -7.8746405007983293 
	 10.0600900000000006 	 -7.8746553881456611 
	 10.0694850000000002 	 -7.8746701796804519 
	 10.0788799999999998 	 -7.8746848844205886 
	 10.0882749999999994 	 -7.8746994917271973 
	 10.0976699999999990 	 -7.8747140133813662 
	 10.1070649999999986 	 -7.8747284506150779 
	 10.1164600000000000 	 -7.8747428011578871 
	 10.1258549999999996 	 -7.8747570655476551 
	 10.1352499999999992 	 -7.8747712462451949 
	 10.1446450000000006 	 -7.8747853496435356 
	 10.1540400000000002 	 -7.8747993749906300 
	 10.1634349999999998 	 -7.8748133191493519 
	 10.1728299999999994 	 -7.8748271860595942 
	 10.1822249999999990 	 -7.8748409773521342 
	 10.1916199999999986 	 -7.8748546939379072 
	 10.2010149999999999 	 -7.8748683375565252 
	 10.2104099999999995 	 -7.8748819091244595 
	 10.2198049999999991 	 -7.8748954094125434 
	 10.2291999999999987 	 -7.8749088391916127 
	 10.2385950000000001 	 -7.8749221992325049 
	 10.2479899999999997 	 -7.8749354903060569 
	 10.2573849999999993 	 -7.8749487131830991 
	 10.2667800000000007 	 -7.8749618686344753 
	 10.2761750000000003 	 -7.8749749574310135 
	 10.2855699999999999 	 -7.8749879803435539 
	 10.2949649999999995 	 -7.8750009381429313 
	 10.3043599999999991 	 -7.8750138315960738 
	 10.3137550000000005 	 -7.8750266613627717 
	 10.3231500000000000 	 -7.8750394279851772 
	 10.3325449999999996 	 -7.8750521319993982 
	 10.3419399999999992 	 -7.8750647739415642 
	 10.3513350000000006 	 -7.8750773543477850 
	 10.3607300000000002 	 -7.8750898737541899 
	 10.3701249999999998 	 -7.8751023326968923 
	 10.3795199999999994 	 -7.8751147317120145 
	 10.3889149999999990 	 -7.8751270713356734 
	 10.3983099999999986 	 -7.8751393521039894 
	 10.4077050000000000 	 -7.8751515745449812 
	 10.4171000000000014 	 -7.8751637391304969 
	 10.4264950000000010 	 -7.8751758463085970 
	 10.4358900000000006 	 -7.8751878965272599 
	 10.4452850000000002 	 -7.8751998902344624 
	 10.4546799999999998 	 -7.8752118278781786 
	 10.4640749999999993 	 -7.8752237099063898 
	 10.4734699999999989 	 -7.8752355367670690 
	 10.4828649999999985 	 -7.8752473089081931 
	 10.4922599999999981 	 -7.8752590267777407 
	 10.5016550000000013 	 -7.8752706908236787 
	 10.5110500000000009 	 -7.8752823014914064 
	 10.5204450000000005 	 -7.8752938592202053 
	 10.5298400000000001 	 -7.8753053644484554 
	 10.5392349999999997 	 -7.8753168176145394 
	 10.5486299999999993 	 -7.8753282191568399 
	 10.5580249999999989 	 -7.8753395695137431 
	 10.5674200000000003 	 -7.8753508691236291 
	 10.5768149999999999 	 -7.8753621184248823 
	 10.5862100000000012 	 -7.8753733178558853 
	 10.5956050000000008 	 -7.8753844678550173 
	 10.6050000000000004 	 -7.8753955688593464 
	 10.6143949999999982 	 -7.8754066212796801 
	 10.6237899999999996 	 -7.8754176255026964 
	 10.6331849999999992 	 -7.8754285819141803 
	 10.6425799999999988 	 -7.8754394908999075 
	 10.6519749999999984 	 -7.8754503528456601 
	 10.6613699999999998 	 -7.8754611681372166 
	 10.6707649999999994 	 -7.8754719371603610 
	 10.6801600000000008 	 -7.8754826603008699 
	 10.6895550000000004 	 -7.8754933379445298 
	 10.6989500000000000 	 -7.8755039704771139 
	 10.7083449999999996 	 -7.8755145582804653 
	 10.7177400000000009 	 -7.8755251017143211 
	 10.7271349999999988 	 -7.8755356011307152 
	 10.7365300000000001 	 -7.8755460568816869 
	 10.7459249999999980 	 -7.8755564693192550 
	 10.7553199999999993 	 -7.8755668387954607 
	 10.7647149999999989 	 -7.8755771656623326 
	 10.7741100000000003 	 -7.8755874502719010 
	 10.7835049999999999 	 -7.8755976929761973 
	 10.7928999999999995 	 -7.8756078941272509 
	 10.8022949999999991 	 -7.8756180540768828 
	 10.8116900000000005 	 -7.8756281731501252 
	 10.8210849999999983 	 -7.8756382516191410 
	 10.8304799999999997 	 -7.8756482897499076 
	 10.8398749999999993 	 -7.8756582878084016 
	 10.8492700000000006 	 -7.8756682460605960 
	 10.8586650000000002 	 -7.8756781647724701 
	 10.8680600000000016 	 -7.8756880442099968 
	 10.8774549999999994 	 -7.8756978846391563 
	 10.8868500000000008 	 -7.8757076863259208 
	 10.8962449999999986 	 -7.8757174495362694 
	 10.9056400000000000 	 -7.8757271745350916 
	 10.9150349999999978 	 -7.8757368615711023 
	 10.9244299999999992 	 -7.8757465108805738 
	 10.9338249999999988 	 -7.8757561226994532 
	 10.9432200000000002 	 -7.8757656972636916 
	 10.9526149999999998 	 -7.8757752348092360 
	 10.9620100000000011 	 -7.8757847355720410 
	 10.9714049999999990 	 -7.8757941997880510 
	 10.9808000000000003 	 -7.8758036276932195 
	 10.9901949999999999 	 -7.8758130195234939 
	 10.9995899999999995 	 -7.8758223755148258 
	 11.0089849999999991 	 -7.8758316958933232 
	 11.0183800000000005 	 -7.8758409808402288 
	 11.0277750000000001 	 -7.8758502305239917 
	 11.0371700000000015 	 -7.8758594451130683 
	 11.0465649999999993 	 -7.8758686247759124 
	 11.0559600000000007 	 -7.8758777696809794 
	 11.0653549999999985 	 -7.8758868799967203 
	 11.0747499999999999 	 -7.8758959558915924 
	 11.0841449999999995 	 -7.8759049975340494 
	 11.0935399999999991 	 -7.8759140050925378 
	 11.1029349999999987 	 -7.8759229787356562 
	 11.1123300000000000 	 -7.8759319186413812 
	 11.1217249999999996 	 -7.8759408250030898 
	 11.1311200000000010 	 -7.8759496980155932 
	 11.1405150000000006 	 -7.8759585378737000 
	 11.1499100000000002 	 -7.8759673447722136 
	 11.1593049999999998 	 -7.8759761189059478 
	 11.1687000000000012 	 -7.8759848604697078 
	 11.1780949999999990 	 -7.8759935696583012 
	 11.1874900000000004 	 -7.8760022466665394 
	 11.1968849999999982 	 -7.8760108916892273 
	 11.2062799999999996 	 -7.8760195049182951 
	 11.2156749999999992 	 -7.8760280865124264 
	 11.2250700000000005 	 -7.8760366366089567 
	 11.2344650000000001 	 -7.8760451553448751 
	 11.2438599999999997 	 -7.8760536428571601 
	 11.2532549999999993 	 -7.8760620992828061 
	 11.2626500000000007 	 -7.8760705247587879 
	 11.2720449999999985 	 -7.8760789194220981 
	 11.2814399999999999 	 -7.8760872834097242 
	 11.2908350000000013 	 -7.8760956168586391 
	 11.3002300000000009 	 -7.8761039199058391 
	 11.3096250000000005 	 -7.8761121926911493 
	 11.3190200000000019 	 -7.8761204353649656 
	 11.3284149999999997 	 -7.8761286480801411 
	 11.3378100000000011 	 -7.8761368309895250 
	 11.3472049999999989 	 -7.8761449842459719 
	 11.3566000000000003 	 -7.8761531080023275 
	 11.3659949999999981 	 -7.8761612024114491 
	 11.3753899999999994 	 -7.8761692676261852 
	 11.3847850000000008 	 -7.8761773037993885 
	 11.3941800000000004 	 -7.8761853110839102 
	 11.4035750000000000 	 -7.8761932896324094 
	 11.4129700000000014 	 -7.8762012395892880 
	 11.4223649999999992 	 -7.8762091610876448 
	 11.4317600000000006 	 -7.8762170542597607 
	 11.4411550000000002 	 -7.8762249192379157 
	 11.4505499999999998 	 -7.8762327561543959 
	 11.4599449999999994 	 -7.8762405651414831 
	 11.4693400000000025 	 -7.8762483463314599 
	 11.4787350000000004 	 -7.8762560998566071 
	 11.4881300000000017 	 -7.8762638258492101 
	 11.4975249999999996 	 -7.8762715244415507 
	 11.5069200000000009 	 -7.8762791957660232 
	 11.5163149999999987 	 -7.8762868399560801 
	 11.5257100000000001 	 -7.8762944571457156 
	 11.5351049999999997 	 -7.8763020474689425 
	 11.5444999999999993 	 -7.8763096110597770 
	 11.5538950000000007 	 -7.8763171480522205 
	 11.5632900000000021 	 -7.8763246585802866 
	 11.5726849999999999 	 -7.8763321427779847 
	 11.5820800000000013 	 -7.8763396007793203 
	 11.5914750000000009 	 -7.8763470327183063 
	 11.6008700000000005 	 -7.8763544387289546 
	 11.6102650000000001 	 -7.8763618189428311 
	 11.6196600000000014 	 -7.8763691734841323 
	 11.6290549999999993 	 -7.8763765024756518 
	 11.6384500000000006 	 -7.8763838060401774 
	 11.6478450000000002 	 -7.8763910843005034 
	 11.6572400000000016 	 -7.8763983373794266 
	 11.6666349999999994 	 -7.8764055653997351 
	 11.6760300000000008 	 -7.8764127684842249 
	 11.6854250000000004 	 -7.8764199467556892 
	 11.6948200000000000 	 -7.8764271003369180 
	 11.7042149999999996 	 -7.8764342293504566 
	 11.7136100000000010 	 -7.8764413339114530 
	 11.7230049999999988 	 -7.8764484141265898 
	 11.7324000000000002 	 -7.8764554701021030 
	 11.7417950000000015 	 -7.8764625019442089 
	 11.7511900000000011 	 -7.8764695097591391 
	 11.7605850000000007 	 -7.8764764936531160 
	 11.7699800000000021 	 -7.8764834537323667 
	 11.7793749999999999 	 -7.8764903901031165 
	 11.7887699999999978 	 -7.8764973028715906 
	 11.7981649999999991 	 -7.8765041921440186 
	 11.8075599999999987 	 -7.8765110580273010 
	 11.8169549999999983 	 -7.8765179006332939 
	 11.8263499999999997 	 -7.8765247200760404 
	 11.8357450000000011 	 -7.8765315164695933 
	 11.8451399999999989 	 -7.8765382899280079 
	 11.8545350000000003 	 -7.8765450405653317 
	 11.8639299999999999 	 -7.8765517684956263 
	 11.8733249999999995 	 -7.8765584738329357 
	 11.8827199999999991 	 -7.8765651566913188 
	 11.8921150000000004 	 -7.8765718171848267 
	 11.9015099999999983 	 -7.8765784554274951 
	 11.9109049999999996 	 -7.8765850715269918 
	 11.9202999999999992 	 -7.8765916655751100 
	 11.9296950000000006 	 -7.8765982376612120 
	 11.9390899999999984 	 -7.8766047878746566 
	 11.9484849999999998 	 -7.8766113163048006 
	 11.9578799999999994 	 -7.8766178230410109 
	 11.9672749999999990 	 -7.8766243081726426 
	 11.9766699999999986 	 -7.8766307717890554 
	 11.9860650000000000 	 -7.8766372139796133 
	 11.9954599999999978 	 -7.8766436348336715 
	 12.0048550000000009 	 -7.8766500344409707 
	 12.0142500000000005 	 -7.8766564128992274 
	 12.0236450000000001 	 -7.8766627703138097 
	 12.0330399999999997 	 -7.8766691067903825 
	 12.0424350000000011 	 -7.8766754224346220 
	 12.0518299999999989 	 -7.8766817173522004 
	 12.0612250000000003 	 -7.8766879916487840 
	 12.0706199999999981 	 -7.8766942454300448 
	 12.0800149999999995 	 -7.8767004788016548 
	 12.0894099999999991 	 -7.8767066918692867 
	 12.0988050000000005 	 -7.8767128847386099 
	 12.1082000000000001 	 -7.8767190575108001 
	 12.1175949999999997 	 -7.8767252102606191 
	 12.1269899999999993 	 -7.8767313430531987 
	 12.1363850000000006 	 -7.8767374559536592 
	 12.1457799999999985 	 -7.8767435490271209 
	 12.1551749999999998 	 -7.8767496223387052 
	 12.1645699999999994 	 -7.8767556759535289 
	 12.1739649999999990 	 -7.8767617099367166 
	 12.1833600000000004 	 -7.8767677243533845 
	 12.1927550000000018 	 -7.8767737192686580 
	 12.2021499999999996 	 -7.8767796947476958 
	 12.2115450000000010 	 -7.8767856508621419 
	 12.2209399999999988 	 -7.8767915876969736 
	 12.2303350000000002 	 -7.8767975053388177 
	 12.2397299999999980 	 -7.8768034038742964 
	 12.2491249999999994 	 -7.8768092833900321 
	 12.2585199999999990 	 -7.8768151439726513 
	 12.2679150000000003 	 -7.8768209857087754 
	 12.2773099999999999 	 -7.8768268086850286 
	 12.2867050000000013 	 -7.8768326129880339 
	 12.2960999999999991 	 -7.8768383987044146 
	 12.3054950000000005 	 -7.8768441659197768 
	 12.3148900000000001 	 -7.8768499147035378 
	 12.3242849999999997 	 -7.8768556451121521 
	 12.3336799999999993 	 -7.8768613572017019 
	 12.3430750000000007 	 -7.8768670510282792 
	 12.3524700000000003 	 -7.8768727266479734 
	 12.3618650000000017 	 -7.8768783841168659 
	 12.3712599999999995 	 -7.8768840234910513 
	 12.3806550000000009 	 -7.8768896448266119 
	 12.3900499999999987 	 -7.8768952481796379 
	 12.3994450000000001 	 -7.8769008336062178 
	 12.4088399999999996 	 -7.8769064011619019 
	 12.4182349999999992 	 -7.8769119508996992 
	 12.4276299999999988 	 -7.8769174828718427 
	 12.4370250000000002 	 -7.8769229971305785 
	 12.4464199999999998 	 -7.8769284937281467 
	 12.4558150000000012 	 -7.8769339727167873 
	 12.4652100000000008 	 -7.8769394341487411 
	 12.4746050000000004 	 -7.8769448780762508 
	 12.4840000000000000 	 -7.8769503045515572 
	 12.4933950000000014 	 -7.8769557136268977 
	 12.5027899999999992 	 -7.8769611053545230 
	 12.5121850000000006 	 -7.8769664797870727 
	 12.5215799999999984 	 -7.8769718369778650 
	 12.5309750000000015 	 -7.8769771769802803 
	 12.5403699999999994 	 -7.8769824998477089 
	 12.5497650000000007 	 -7.8769878056335303 
	 12.5591600000000003 	 -7.8769930943911302 
	 12.5685549999999999 	 -7.8769983661738889 
	 12.5779499999999995 	 -7.8770036210351950 
	 12.5873450000000009 	 -7.8770088590284280 
	 12.5967399999999987 	 -7.8770140802069770 
	 12.6061350000000001 	 -7.8770192846233007 
	 12.6155299999999997 	 -7.8770244723186531 
	 12.6249250000000011 	 -7.8770296433267584 
	 12.6343200000000007 	 -7.8770347976812243 
	 12.6437150000000020 	 -7.8770399354156462 
	 12.6531099999999999 	 -7.8770450565636212 
	 12.6625050000000012 	 -7.8770501611587491 
	 12.6718999999999991 	 -7.8770552492346280 
	 12.6812950000000004 	 -7.8770603208248575 
	 12.6906899999999982 	 -7.8770653759630322 
	 12.7000849999999996 	 -7.8770704146827537 
	 12.7094800000000010 	 -7.8770754370176217 
	 12.7188750000000006 	 -7.8770804430012271 
	 12.7282700000000002 	 -7.8770854326671786 
	 12.7376650000000016 	 -7.8770904060490672 
	 12.7470599999999994 	 -7.8770953631804943 
	 12.7564550000000008 	 -7.8771003040950553 
	 12.7658500000000004 	 -7.8771052288263546 
	 12.7752450000000000 	 -7.8771101374079846 
	 12.7846399999999996 	 -7.8771150298735471 
	 12.7940350000000009 	 -7.8771199062566364 
	 12.8034300000000005 	 -7.8771247665910176 
	 12.8128250000000019 	 -7.8771296109182209 
	 12.8222199999999997 	 -7.8771344392908569 
	 12.8316150000000011 	 -7.8771392517623839 
	 12.8410099999999989 	 -7.8771440483862598 
	 12.8504050000000003 	 -7.8771488292159395 
	 12.8597999999999999 	 -7.8771535943048798 
	 12.8691949999999995 	 -7.8771583437065384 
	 12.8785899999999991 	 -7.8771630774743722 
	 12.8879850000000022 	 -7.8771677956618378 
	 12.8973800000000001 	 -7.8771724983223939 
	 12.9067750000000014 	 -7.8771771855089838 
	 12.9161700000000010 	 -7.8771818572696617 
	 12.9255650000000006 	 -7.8771865136497414 
	 12.9349600000000002 	 -7.8771911546945130 
	 12.9443550000000016 	 -7.8771957804492700 
	 12.9537499999999994 	 -7.8772003909593034 
	 12.9631449999999973 	 -7.8772049862698985 
	 12.9725400000000004 	 -7.8772095664263482 
	 12.9819350000000000 	 -7.8772141314739423 
	 12.9913299999999996 	 -7.8772186814579666 
	 13.0007249999999992 	 -7.8772232164237206 
	 13.0101200000000006 	 -7.8772277364172583 
	 13.0195149999999984 	 -7.8772322414870830 
	 13.0289099999999998 	 -7.8772367316821903 
	 13.0383049999999994 	 -7.8772412070515641 
	 13.0476999999999990 	 -7.8772456676441962 
	 13.0570950000000003 	 -7.8772501135090742 
	 13.0664900000000017 	 -7.8772545446951883 
	 13.0758849999999995 	 -7.8772589612515302 
	 13.0852800000000009 	 -7.8772633632270903 
	 13.0946749999999987 	 -7.8772677506708524 
	 13.1040700000000001 	 -7.8772721236322623 
	 13.1134649999999979 	 -7.8772764821752306 
	 13.1228599999999993 	 -7.8772808263809182 
	 13.1322549999999989 	 -7.8772851563314887 
	 13.1416499999999985 	 -7.8772894721091022 
	 13.1510449999999999 	 -7.8772937737959241 
	 13.1604400000000012 	 -7.8772980614741153 
	 13.1698349999999991 	 -7.8773023352258429 
	 13.1792300000000004 	 -7.8773065951332661 
	 13.1886250000000000 	 -7.8773108412785486 
	 13.1980199999999996 	 -7.8773150737438549 
	 13.2074149999999992 	 -7.8773192926095472 
	 13.2168100000000006 	 -7.8773234979422266 
	 13.2262049999999984 	 -7.8773276898021320 
	 13.2356000000000016 	 -7.8773318682494748 
	 13.2449949999999994 	 -7.8773360333444575 
	 13.2543900000000008 	 -7.8773401851472906 
	 13.2637849999999986 	 -7.8773443237181784 
	 13.2731800000000000 	 -7.8773484491173331 
	 13.2825749999999996 	 -7.8773525614049564 
	 13.2919699999999992 	 -7.8773566606412588 
	 13.3013649999999988 	 -7.8773607468864686 
	 13.3107600000000001 	 -7.8773648202106736 
	 13.3201549999999980 	 -7.8773688807096738 
	 13.3295500000000011 	 -7.8773729284833998 
	 13.3389450000000007 	 -7.8773769636317788 
	 13.3483400000000003 	 -7.8773809862547450 
	 13.3577349999999999 	 -7.8773849964522240 
	 13.3671300000000013 	 -7.8773889943241491 
	 13.3765249999999991 	 -7.8773929799704501 
	 13.3859200000000005 	 -7.8773969534910560 
	 13.3953149999999983 	 -7.8774009149858992 
	 13.4047099999999997 	 -7.8774048645542267 
	 13.4141049999999993 	 -7.8774088022797484 
	 13.4235000000000007 	 -7.8774127282306736 
	 13.4328950000000003 	 -7.8774166424745502 
	 13.4422899999999998 	 -7.8774205450789241 
	 13.4516849999999994 	 -7.8774244361113386 
	 13.4610800000000008 	 -7.8774283156393397 
	 13.4704749999999986 	 -7.8774321837304733 
	 13.4798700000000000 	 -7.8774360404522827 
	 13.4892649999999996 	 -7.8774398858723158 
	 13.4986599999999992 	 -7.8774437200581149 
	 13.5080550000000006 	 -7.8774475430772268 
	 13.5174500000000020 	 -7.8774513549971967 
	 13.5268449999999998 	 -7.8774551558855679 
	 13.5362400000000012 	 -7.8774589458098880 
	 13.5456349999999990 	 -7.8774627248377032 
	 13.5550300000000004 	 -7.8774664930365548 
	 13.5644249999999982 	 -7.8774702504739880 
	 13.5738199999999996 	 -7.8774739972175540 
	 13.5832149999999992 	 -7.8774777333347901 
	 13.5926100000000005 	 -7.8774814588932465 
	 13.6020050000000001 	 -7.8774851739604799 
	 13.6114000000000015 	 -7.8774888786063464 
	 13.6207949999999993 	 -7.8774925729056449 
	 13.6301900000000007 	 -7.8774962569338145 
	 13.6395850000000003 	 -7.8774999307662918 
	 13.6489799999999999 	 -7.8775035944785161 
	 13.6583749999999995 	 -7.8775072481459247 
	 13.6677700000000009 	 -7.8775108918439543 
	 13.6771649999999987 	 -7.8775145256480466 
	 13.6865600000000018 	 -7.8775181496336382 
	 13.6959549999999997 	 -7.8775217638761639 
	 13.7053500000000010 	 -7.8775253684500885 
	 13.7147449999999989 	 -7.8775289634132770 
	 13.7241400000000002 	 -7.8775325488097616 
	 13.7335349999999998 	 -7.8775361246831537 
	 13.7429299999999994 	 -7.8775396910770619 
	 13.7523249999999990 	 -7.8775432480350940 
	 13.7617200000000004 	 -7.8775467956008596 
	 13.7711150000000000 	 -7.8775503338179700 
	 13.7805100000000014 	 -7.8775538627300294 
	 13.7899050000000010 	 -7.8775573823806520 
	 13.7993000000000006 	 -7.8775608928134453 
	 13.8086950000000002 	 -7.8775643940720279 
	 13.8180900000000015 	 -7.8775678862000680 
	 13.8274849999999994 	 -7.8775713692412452 
	 13.8368800000000007 	 -7.8775748432392483 
	 13.8462749999999986 	 -7.8775783082377586 
	 13.8556699999999999 	 -7.8775817642804578 
	 13.8650649999999995 	 -7.8775852114110281 
	 13.8744600000000009 	 -7.8775886496731573 
	 13.8838550000000005 	 -7.8775920791105252 
	 13.8932500000000001 	 -7.8775954997668123 
	 13.9026449999999997 	 -7.8775989116857321 
	 13.9120400000000011 	 -7.8776023149132257 
	 13.9214349999999989 	 -7.8776057094992211 
	 13.9308300000000003 	 -7.8776090954940532 
	 13.9402249999999999 	 -7.8776124729480621 
	 13.9496200000000012 	 -7.8776158419115880 
	 13.9590150000000008 	 -7.8776192024349676 
	 13.9684100000000022 	 -7.8776225545685374 
	 13.9778050000000000 	 -7.8776258983626368 
	 13.9872000000000014 	 -7.8776292338676059 
	 13.9965949999999992 	 -7.8776325611337823 
	 14.0059900000000006 	 -7.8776358802101356 
	 14.0153849999999984 	 -7.8776391911279253 
	 14.0247799999999998 	 -7.8776424939060767 
	 14.0341750000000012 	 -7.8776457885632576 
	 14.0435700000000008 	 -7.8776490751181312 
	 14.0529650000000004 	 -7.8776523535893697 
	 14.0623600000000017 	 -7.8776556239956417 
	 14.0717549999999996 	 -7.8776588863556158 
	 14.0811500000000009 	 -7.8776621406879590 
	 14.0905450000000005 	 -7.8776653870113389 
	 14.0999400000000001 	 -7.8776686253444250 
	 14.1093349999999997 	 -7.8776718557078045 
	 14.1187300000000011 	 -7.8776750781298768 
	 14.1281250000000007 	 -7.8776782926410416 
	 14.1375199999999985 	 -7.8776814992716950 
	 14.1469149999999999 	 -7.8776846980522315 
	 14.1563099999999995 	 -7.8776878890130480 
	 14.1657049999999991 	 -7.8776910721845388 
	 14.1750999999999987 	 -7.8776942475971037 
	 14.1844950000000001 	 -7.8776974152811343 
	 14.1938899999999979 	 -7.8777005752670304 
	 14.2032849999999993 	 -7.8777037275851836 
	 14.2126800000000006 	 -7.8777068722659926 
	 14.2220750000000002 	 -7.8777100093398555 
	 14.2314699999999998 	 -7.8777131388371648 
	 14.2408650000000012 	 -7.8777162607883184 
	 14.2502599999999990 	 -7.8777193752237116 
	 14.2596550000000004 	 -7.8777224821737413 
	 14.2690499999999982 	 -7.8777255816688010 
	 14.2784449999999996 	 -7.8777286737392886 
	 14.2878399999999974 	 -7.8777317584156030 
	 14.2972350000000006 	 -7.8777348357281358 
	 14.3066300000000002 	 -7.8777379057061312 
	 14.3160249999999998 	 -7.8777409683671831 
	 14.3254199999999994 	 -7.8777440237220997 
	 14.3348150000000008 	 -7.8777470717816227 
	 14.3442099999999986 	 -7.8777501125564857 
	 14.3536049999999999 	 -7.8777531460574171 
	 14.3629999999999995 	 -7.8777561722951530 
	 14.3723949999999991 	 -7.8777591912804281 
	 14.3817899999999987 	 -7.8777622030239760 
	 14.3911850000000019 	 -7.8777652075365294 
	 14.4005799999999997 	 -7.8777682048288247 
	 14.4099750000000011 	 -7.8777711949154314 
	 14.4193699999999989 	 -7.8777741778236914 
	 14.4287650000000003 	 -7.8777771535835956 
	 14.4381599999999981 	 -7.8777801222251336 
	 14.4475549999999995 	 -7.8777830837782936 
	 14.4569499999999991 	 -7.8777860382730696 
	 14.4663449999999987 	 -7.8777889857394499 
	 14.4757400000000001 	 -7.8777919262074283 
	 14.4851350000000014 	 -7.8777948597069907 
	 14.4945299999999992 	 -7.8777977862681299 
	 14.5039250000000006 	 -7.8778007059206105 
	 14.5133200000000002 	 -7.8778036186862241 
	 14.5227149999999998 	 -7.8778065245768865 
	 14.5321099999999994 	 -7.8778094236039022 
	 14.5415050000000008 	 -7.8778123157785682 
	 14.5508999999999986 	 -7.8778152011121838 
	 14.5602950000000000 	 -7.8778180796160528 
	 14.5696899999999996 	 -7.8778209513014774 
	 14.5790850000000010 	 -7.8778238161797516 
	 14.5884799999999988 	 -7.8778266742621854 
	 14.5978750000000002 	 -7.8778295255600703 
	 14.6072699999999998 	 -7.8778323700847102 
	 14.6166649999999994 	 -7.8778352078474079 
	 14.6260599999999990 	 -7.8778380388594611 
	 14.6354550000000003 	 -7.8778408631321719 
	 14.6448499999999981 	 -7.8778436806768424 
	 14.6542450000000013 	 -7.8778464915047683 
	 14.6636400000000009 	 -7.8778492956272554 
	 14.6730350000000005 	 -7.8778520930556013 
	 14.6824300000000001 	 -7.8778548838011071 
	 14.6918250000000015 	 -7.8778576678750740 
	 14.7012199999999993 	 -7.8778604452888139 
	 14.7106150000000007 	 -7.8778632160595627 
	 14.7200099999999985 	 -7.8778659802207214 
	 14.7294049999999999 	 -7.8778687378084129 
	 14.7387999999999995 	 -7.8778714888587578 
	 14.7481950000000008 	 -7.8778742334078844 
	 14.7575900000000004 	 -7.8778769714919141 
	 14.7669850000000000 	 -7.8778797031469674 
	 14.7763799999999996 	 -7.8778824284091717 
	 14.7857750000000010 	 -7.8778851473146512 
	 14.7951699999999988 	 -7.8778878598995243 
	 14.8045650000000002 	 -7.8778905661992438 
	 14.8139599999999998 	 -7.8778932662326131 
	 14.8233549999999994 	 -7.8778959600011751 
	 14.8327500000000008 	 -7.8778986475056767 
	 14.8421450000000021 	 -7.8779013287468596 
	 14.8515400000000000 	 -7.8779040037254617 
	 14.8609350000000013 	 -7.8779066724422320 
	 14.8703299999999992 	 -7.8779093348979101 
	 14.8797250000000005 	 -7.8779119910932378 
	 14.8891199999999984 	 -7.8779146410289611 
	 14.8985149999999997 	 -7.8779172847058199 
	 14.9079099999999993 	 -7.8779199221260825 
	 14.9173049999999989 	 -7.8779225533019197 
	 14.9267000000000003 	 -7.8779251782494173 
	 14.9360950000000017 	 -7.8779277969846913 
	 14.9454899999999995 	 -7.8779304095238434 
	 14.9548850000000009 	 -7.8779330158829861 
	 14.9642800000000005 	 -7.8779356160782257 
	 14.9736750000000001 	 -7.8779382101256674 
	 14.9830699999999997 	 -7.8779407980414247 
	 14.9924650000000010 	 -7.8779433798415957 
	 15.0018600000000006 	 -7.8779459555422955 
	 15.0112550000000020 	 -7.8779485251596322 
	 15.0206499999999998 	 -7.8779510887097093 
	 15.0300450000000012 	 -7.8779536462086357 
	 15.0394399999999990 	 -7.8779561976725203 
	 15.0488350000000004 	 -7.8779587431174702 
	 15.0582300000000000 	 -7.8779612825595935 
	 15.0676249999999996 	 -7.8779638160149981 
	 15.0770199999999992 	 -7.8779663434997911 
	 15.0864150000000006 	 -7.8779688650300796 
	 15.0958100000000002 	 -7.8779713806219700 
	 15.1052050000000015 	 -7.8779738902915719 
	 15.1146000000000011 	 -7.8779763940549952 
	 15.1239950000000007 	 -7.8779788919283424 
	 15.1333900000000003 	 -7.8779813839277253 
	 15.1427850000000017 	 -7.8779838700692482 
	 15.1521799999999995 	 -7.8779863503690244 
	 15.1615750000000009 	 -7.8779888248431540 
	 15.1709699999999987 	 -7.8779912935077512 
	 15.1803650000000001 	 -7.8779937563789186 
	 15.1897599999999997 	 -7.8779962134727688 
	 15.1991550000000011 	 -7.8779986648054061 
	 15.2085500000000007 	 -7.8780011103925256 
	 15.2179450000000003 	 -7.8780035502476631 
	 15.2273399999999999 	 -7.8780059843836492 
	 15.2367350000000012 	 -7.8780084128133128 
	 15.2461299999999991 	 -7.8780108355494773 
	 15.2555250000000004 	 -7.8780132526049744 
	 15.2649200000000000 	 -7.8780156639926293 
	 15.2743150000000014 	 -7.8780180697252771 
	 15.2837100000000010 	 -7.8780204698157377 
	 15.2931050000000024 	 -7.8780228642768453 
	 15.3025000000000002 	 -7.8780252531214199 
	 15.3118949999999980 	 -7.8780276363618453 
	 15.3212899999999994 	 -7.8780300140096813 
	 15.3306849999999990 	 -7.8780323860764003 
	 15.3400799999999986 	 -7.8780347525734662 
	 15.3494749999999982 	 -7.8780371135123568 
	 15.3588699999999996 	 -7.8780394689045368 
	 15.3682649999999992 	 -7.8780418187614778 
	 15.3776600000000006 	 -7.8780441630946507 
	 15.3870550000000001 	 -7.8780465019155255 
	 15.3964499999999997 	 -7.8780488352355738 
	 15.4058449999999993 	 -7.8780511630662646 
	 15.4152400000000007 	 -7.8780534854190645 
	 15.4246349999999985 	 -7.8780558023054530 
	 15.4340299999999999 	 -7.8780581137368904 
	 15.4434249999999977 	 -7.8780604197248518 
	 15.4528200000000009 	 -7.8780627202808065 
	 15.4622149999999987 	 -7.8780650154162259 
	 15.4716100000000001 	 -7.8780673051425785 
	 15.4810049999999997 	 -7.8780695894713366 
	 15.4903999999999993 	 -7.8780718684139686 
	 15.4997949999999989 	 -7.8780741419819442 
	 15.5091900000000003 	 -7.8780764101867344 
	 15.5185849999999981 	 -7.8780786730398109 
	 15.5279799999999994 	 -7.8780809305526409 
	 15.5373750000000008 	 -7.8780831827366988 
	 15.5467700000000004 	 -7.8780854296034519 
	 15.5561650000000000 	 -7.8780876711643701 
	 15.5655600000000014 	 -7.8780899074309261 
	 15.5749549999999992 	 -7.8780921384145870 
	 15.5843500000000006 	 -7.8780943641268273 
	 15.5937449999999984 	 -7.8780965845791115 
	 15.6031399999999998 	 -7.8780987997829834 
	 15.6125349999999976 	 -7.8781010097542090 
	 15.6219299999999990 	 -7.8781032145150762 
	 15.6313250000000004 	 -7.8781054140884370 
	 15.6407200000000000 	 -7.8781076084971442 
	 15.6501149999999996 	 -7.8781097977640462 
	 15.6595100000000009 	 -7.8781119819119967 
	 15.6689049999999988 	 -7.8781141609638459 
	 15.6783000000000001 	 -7.8781163349424483 
	 15.6876949999999997 	 -7.8781185038706507 
	 15.6970899999999993 	 -7.8781206677713067 
	 15.7064849999999989 	 -7.8781228266656873 
	 15.7158800000000021 	 -7.8781249805581561 
	 15.7252749999999999 	 -7.8781271294428530 
	 15.7346700000000013 	 -7.8781292733137631 
	 15.7440649999999991 	 -7.8781314121648789 
	 15.7534600000000005 	 -7.8781335459901900 
	 15.7628549999999983 	 -7.8781356747836861 
	 15.7722499999999997 	 -7.8781377985393606 
	 15.7816449999999993 	 -7.8781399172511968 
	 15.7910399999999989 	 -7.8781420309131924 
	 15.8004350000000002 	 -7.8781441395193319 
	 15.8098300000000016 	 -7.8781462430716305 
	 15.8192249999999994 	 -7.8781483416000295 
	 15.8286200000000008 	 -7.8781504351405429 
	 15.8380150000000004 	 -7.8781525237291898 
	 15.8474100000000000 	 -7.8781546074019877 
	 15.8568049999999996 	 -7.8781566861949504 
	 15.8662000000000010 	 -7.8781587601440961 
	 15.8755949999999988 	 -7.8781608292854397 
	 15.8849900000000002 	 -7.8781628936550039 
	 15.8943849999999998 	 -7.8781649532888007 
	 15.9037800000000011 	 -7.8781670082222526 
	 15.9131749999999990 	 -7.8781690584680355 
	 15.9225700000000003 	 -7.8781711040094482 
	 15.9319649999999999 	 -7.8781731448278487 
	 15.9413599999999995 	 -7.8781751809045897 
	 15.9507549999999991 	 -7.8781772122210318 
	 15.9601500000000005 	 -7.8781792387585270 
	 15.9695449999999983 	 -7.8781812604984340 
	 15.9789400000000015 	 -7.8781832774221066 
	 15.9883350000000011 	 -7.8781852895109035 
	 15.9977300000000007 	 -7.8781872967461766 
	 16.0071249999999985 	 -7.8781892991130826 
	 16.0165199999999999 	 -7.8781912966289092 
	 16.0259150000000012 	 -7.8781932893271200 
	 16.0353100000000026 	 -7.8781952772412964 
	 16.0447050000000004 	 -7.8781972604050221 
	 16.0541000000000018 	 -7.8781992388518836 
	 16.0634949999999996 	 -7.8782012126154610 
	 16.0728900000000010 	 -7.8782031817293419 
	 16.0822849999999988 	 -7.8782051462271054 
	 16.0916800000000002 	 -7.8782071061423391 
	 16.1010749999999980 	 -7.8782090615086195 
	 16.1104699999999994 	 -7.8782110123526587 
	 16.1198650000000008 	 -7.8782129586816421 
	 16.1292600000000022 	 -7.8782149004992883 
	 16.1386550000000000 	 -7.8782168378093251 
	 16.1480500000000013 	 -7.8782187706154687 
	 16.1574449999999992 	 -7.8782206989214432 
	 16.1668400000000005 	 -7.8782226227309744 
	 16.1762349999999984 	 -7.8782245420477821 
	 16.1856299999999997 	 -7.8782264568755878 
	 16.1950249999999976 	 -7.8782283672181173 
	 16.2044200000000025 	 -7.8782302730791347 
	 16.2138150000000003 	 -7.8782321744635730 
	 16.2232100000000017 	 -7.8782340713776300 
	 16.2326049999999995 	 -7.8782359638275619 
	 16.2420000000000009 	 -7.8782378518196241 
	 16.2513949999999987 	 -7.8782397353600748 
	 16.2607900000000001 	 -7.8782416144551739 
	 16.2701850000000015 	 -7.8782434891111768 
	 16.2795799999999993 	 -7.8782453593343398 
	 16.2889750000000006 	 -7.8782472251309237 
	 16.2983700000000020 	 -7.8782490865071821 
	 16.3077649999999998 	 -7.8782509434702952 
	 16.3171600000000012 	 -7.8782527960336814 
	 16.3265549999999990 	 -7.8782546442133619 
	 16.3359500000000004 	 -7.8782564880253645 
	 16.3453449999999982 	 -7.8782583274857183 
	 16.3547399999999996 	 -7.8782601626104469 
	 16.3641349999999974 	 -7.8782619934155829 
	 16.3735299999999988 	 -7.8782638199171515 
	 16.3829250000000002 	 -7.8782656421311827 
	 16.3923200000000016 	 -7.8782674600736993 
	 16.4017150000000029 	 -7.8782692737607283 
	 16.4111100000000008 	 -7.8782710832064451 
	 16.4205050000000021 	 -7.8782728884207049 
	 16.4299000000000035 	 -7.8782746894127538 
	 16.4392950000000013 	 -7.8782764861918277 
	 16.4486900000000027 	 -7.8782782787671675 
	 16.4580850000000005 	 -7.8782800671480153 
	 16.4674800000000019 	 -7.8782818513436084 
	 16.4768749999999997 	 -7.8782836313631899 
	 16.4862699999999975 	 -7.8782854072159978 
	 16.4956649999999989 	 -7.8782871789112754 
	 16.5050599999999967 	 -7.8782889464582926 
	 16.5144549999999981 	 -7.8782907098669090 
	 16.5238499999999959 	 -7.8782924691475271 
	 16.5332449999999973 	 -7.8782942243105598 
	 16.5426399999999987 	 -7.8782959753664290 
	 16.5520349999999965 	 -7.8782977223255504 
	 16.5614300000000014 	 -7.8782994651983369 
	 16.5708250000000028 	 -7.8783012039952105 
	 16.5802200000000006 	 -7.8783029387265904 
	 16.5896150000000020 	 -7.8783046694028860 
	 16.5990099999999998 	 -7.8783063960345219 
	 16.6084050000000012 	 -7.8783081186319119 
	 16.6177999999999990 	 -7.8783098372054736 
	 16.6271950000000004 	 -7.8783115517656244 
	 16.6365899999999982 	 -7.8783132623227834 
	 16.6459849999999996 	 -7.8783149688873637 
	 16.6553799999999974 	 -7.8783166714697872 
	 16.6647749999999988 	 -7.8783183700804678 
	 16.6741700000000002 	 -7.8783200647298228 
	 16.6835649999999980 	 -7.8783217554282698 
	 16.6929599999999994 	 -7.8783234421862298 
	 16.7023550000000007 	 -7.8783251250141166 
	 16.7117499999999986 	 -7.8783268039223486 
	 16.7211449999999999 	 -7.8783284789213388 
	 16.7305400000000013 	 -7.8783301500215099 
	 16.7399350000000027 	 -7.8783318172332759 
	 16.7493300000000005 	 -7.8783334805670577 
	 16.7587250000000019 	 -7.8783351400332675 
	 16.7681199999999997 	 -7.8783367956423245 
	 16.7775150000000011 	 -7.8783384474046505 
	 16.7869099999999989 	 -7.8783400953306559 
	 16.7963050000000003 	 -7.8783417394307627 
	 16.8056999999999981 	 -7.8783433797148943 
	 16.8150949999999995 	 -7.8783450161858690 
	 16.8244899999999973 	 -7.8783466488411129 
	 16.8338849999999987 	 -7.8783482776779206 
	 16.8432800000000000 	 -7.8783499026935910 
	 16.8526749999999979 	 -7.8783515238854216 
	 16.8620699999999992 	 -7.8783531412507051 
	 16.8714650000000006 	 -7.8783547547867379 
	 16.8808599999999984 	 -7.8783563644908172 
	 16.8902549999999998 	 -7.8783579703602395 
	 16.8996499999999976 	 -7.8783595723922986 
	 16.9090450000000025 	 -7.8783611705895273 
	 16.9184400000000004 	 -7.8783627649778376 
	 16.9278350000000017 	 -7.8783643555896932 
	 16.9372299999999996 	 -7.8783659424575516 
	 16.9466250000000009 	 -7.8783675256138741 
	 16.9560199999999988 	 -7.8783691050911209 
	 16.9654150000000001 	 -7.8783706809217495 
	 16.9748100000000015 	 -7.8783722531382230 
	 16.9842049999999993 	 -7.8783738217729979 
	 16.9936000000000007 	 -7.8783753868585364 
	 17.0029950000000021 	 -7.8783769484270270 
	 17.0123899999999999 	 -7.8783785064925755 
	 17.0217850000000013 	 -7.8783800610401515 
	 17.0311799999999991 	 -7.8783816120520811 
	 17.0405750000000005 	 -7.8783831595106939 
	 17.0499699999999983 	 -7.8783847033983179 
	 17.0593649999999997 	 -7.8783862436972756 
	 17.0687599999999975 	 -7.8783877803898950 
	 17.0781549999999989 	 -7.8783893134585075 
	 17.0875500000000002 	 -7.8783908428854375 
	 17.0969450000000016 	 -7.8783923686530120 
	 17.1063399999999994 	 -7.8783938907464224 
	 17.1157350000000008 	 -7.8783954091831783 
	 17.1251299999999986 	 -7.8783969240011889 
	 17.1345250000000000 	 -7.8783984352386920 
	 17.1439200000000014 	 -7.8783999429339104 
	 17.1533149999999992 	 -7.8784014471250829 
	 17.1627100000000006 	 -7.8784029478504358 
	 17.1721050000000020 	 -7.8784044451482051 
	 17.1814999999999998 	 -7.8784059390566199 
	 17.1908950000000011 	 -7.8784074296139144 
	 17.2002899999999990 	 -7.8784089168583131 
	 17.2096850000000003 	 -7.8784104008172751 
	 17.2190799999999982 	 -7.8784118814789377 
	 17.2284749999999995 	 -7.8784133588224909 
	 17.2378699999999974 	 -7.8784148328271106 
	 17.2472649999999987 	 -7.8784163034719876 
	 17.2566599999999966 	 -7.8784177707363057 
	 17.2660550000000015 	 -7.8784192345992459 
	 17.2754500000000029 	 -7.8784206950399964 
	 17.2848450000000007 	 -7.8784221520377402 
	 17.2942400000000021 	 -7.8784236055716601 
	 17.3036350000000034 	 -7.8784250556214346 
	 17.3130300000000013 	 -7.8784265021874127 
	 17.3224250000000026 	 -7.8784279452977399 
	 17.3318200000000004 	 -7.8784293849825247 
	 17.3412150000000018 	 -7.8784308212718699 
	 17.3506099999999996 	 -7.8784322541958796 
	 17.3600050000000010 	 -7.8784336837846594 
	 17.3693999999999988 	 -7.8784351100683105 
	 17.3787950000000002 	 -7.8784365330769379 
	 17.3881899999999980 	 -7.8784379528406472 
	 17.3975849999999994 	 -7.8784393693895431 
	 17.4069799999999972 	 -7.8784407827513263 
	 17.4163749999999986 	 -7.8784421929322752 
	 17.4257699999999964 	 -7.8784435999274205 
	 17.4351649999999978 	 -7.8784450037317013 
	 17.4445600000000027 	 -7.8784464043400471 
	 17.4539550000000006 	 -7.8784478017473951 
	 17.4633500000000019 	 -7.8784491959486793 
	 17.4727450000000033 	 -7.8784505869388308 
	 17.4821400000000011 	 -7.8784519747127915 
	 17.4915350000000025 	 -7.8784533592654835 
	 17.5009300000000003 	 -7.8784547405918532 
	 17.5103250000000017 	 -7.8784561186912700 
	 17.5197199999999995 	 -7.8784574935763194 
	 17.5291150000000009 	 -7.8784588652620400 
	 17.5385099999999987 	 -7.8784602337634668 
	 17.5479050000000001 	 -7.8784615990956368 
	 17.5572999999999979 	 -7.8784629612735921 
	 17.5666949999999993 	 -7.8784643203123599 
	 17.5760900000000007 	 -7.8784656762269849 
	 17.5854849999999985 	 -7.8784670290325023 
	 17.5948799999999999 	 -7.8784683787439480 
	 17.6042750000000012 	 -7.8784697253762070 
	 17.6136700000000026 	 -7.8784710689398523 
	 17.6230650000000040 	 -7.8784724094405894 
	 17.6324600000000018 	 -7.8784737468838717 
	 17.6418550000000032 	 -7.8784750812751527 
	 17.6512500000000010 	 -7.8784764126198832 
	 17.6606449999999988 	 -7.8784777409235138 
	 17.6700400000000002 	 -7.8784790661915016 
	 17.6794349999999980 	 -7.8784803884292938 
	 17.6888299999999994 	 -7.8784817076423455 
	 17.6982249999999972 	 -7.8784830238361083 
	 17.7076199999999986 	 -7.8784843370160322 
	 17.7170150000000000 	 -7.8784856471875715 
	 17.7264099999999978 	 -7.8784869543561760 
	 17.7358049999999992 	 -7.8784882585273035 
	 17.7452000000000005 	 -7.8784895597063969 
	 17.7545949999999984 	 -7.8784908578989175 
	 17.7639899999999997 	 -7.8784921531103098 
	 17.7733849999999975 	 -7.8784934453460318 
	 17.7827799999999989 	 -7.8784947346115342 
	 17.7921750000000003 	 -7.8784960209122668 
	 17.8015700000000017 	 -7.8784973042536910 
	 17.8109649999999995 	 -7.8784985846437738 
	 17.8203600000000009 	 -7.8784998620966160 
	 17.8297549999999987 	 -7.8785011366272490 
	 17.8391500000000001 	 -7.8785024082506956 
	 17.8485450000000014 	 -7.8785036769819845 
	 17.8579399999999993 	 -7.8785049428361411 
	 17.8673350000000006 	 -7.8785062058281881 
	 17.8767300000000020 	 -7.8785074659731560 
	 17.8861249999999998 	 -7.8785087232860711 
	 17.8955200000000012 	 -7.8785099777819569 
	 17.9049149999999990 	 -7.8785112294754445 
	 17.9143100000000004 	 -7.8785124783729010 
	 17.9237049999999982 	 -7.8785137244729286 
	 17.9330999999999996 	 -7.8785149677738229 
	 17.9424949999999974 	 -7.8785162082738864 
	 17.9518899999999988 	 -7.8785174459714113 
	 17.9612849999999966 	 -7.8785186808646985 
	 17.9706800000000015 	 -7.8785199129520436 
	 17.9800749999999994 	 -7.8785211422317456 
	 17.9894700000000007 	 -7.8785223687021002 
	 17.9988649999999986 	 -7.8785235923614083 
	 18.0082599999999999 	 -7.8785248132094807 
	 18.0176550000000013 	 -7.8785260312548751 
	 18.0270499999999991 	 -7.8785272465092699 
	 18.0364450000000005 	 -7.8785284589843583 
	 18.0458400000000019 	 -7.8785296686918151 
	 18.0552349999999997 	 -7.8785308756433325 
	 18.0646300000000011 	 -7.8785320798505980 
	 18.0740249999999989 	 -7.8785332813252920 
	 18.0834200000000003 	 -7.8785344800791028 
	 18.0928149999999981 	 -7.8785356761237146 
	 18.1022099999999995 	 -7.8785368694708025 
	 18.1116049999999973 	 -7.8785380601298982 
	 18.1209999999999987 	 -7.8785392481062466 
	 18.1303949999999965 	 -7.8785404334045586 
	 18.1397899999999979 	 -7.8785416160295521 
	 18.1491850000000028 	 -7.8785427959859424 
	 18.1585800000000006 	 -7.8785439732784424 
	 18.1679750000000020 	 -7.8785451479117725 
	 18.1773700000000034 	 -7.8785463198906447 
	 18.1867650000000012 	 -7.8785474892197751 
	 18.1961600000000026 	 -7.8785486559038800 
	 18.2055550000000004 	 -7.8785498199476605 
	 18.2149500000000018 	 -7.8785509813555850 
	 18.2243449999999996 	 -7.8785521401319398 
	 18.2337400000000009 	 -7.8785532962810025 
	 18.2431349999999988 	 -7.8785544498070577 
	 18.2525300000000001 	 -7.8785556007143827 
	 18.2619249999999980 	 -7.8785567490072603 
	 18.2713199999999993 	 -7.8785578946899690 
	 18.2807149999999972 	 -7.8785590377667898 
	 18.2901099999999985 	 -7.8785601782420036 
	 18.2995049999999964 	 -7.8785613161198924 
	 18.3088999999999977 	 -7.8785624514054486 
	 18.3182949999999991 	 -7.8785635841070043 
	 18.3276900000000005 	 -7.8785647142338755 
	 18.3370850000000019 	 -7.8785658417953695 
	 18.3464800000000032 	 -7.8785669668008040 
	 18.3558750000000011 	 -7.8785680892594874 
	 18.3652700000000024 	 -7.8785692091807338 
	 18.3746650000000002 	 -7.8785703265738505 
	 18.3840600000000016 	 -7.8785714414481571 
	 18.3934549999999994 	 -7.8785725538129583 
	 18.4028500000000008 	 -7.8785736636775709 
	 18.4122449999999986 	 -7.8785747710513068 
	 18.4216400000000000 	 -7.8785758759434783 
	 18.4310349999999978 	 -7.8785769783633945 
	 18.4404299999999992 	 -7.8785780783203698 
	 18.4498250000000006 	 -7.8785791758237167 
	 18.4592199999999984 	 -7.8785802708827450 
	 18.4686149999999998 	 -7.8785813635067701 
	 18.4780100000000012 	 -7.8785824537051017 
	 18.4874049999999990 	 -7.8785835414870524 
	 18.4968000000000004 	 -7.8785846268619313 
	 18.5061950000000017 	 -7.8785857098382390 
	 18.5155900000000031 	 -7.8785867904146762 
	 18.5249850000000009 	 -7.8785878685835176 
	 18.5343800000000023 	 -7.8785889443369195 
	 18.5437750000000001 	 -7.8785900176670394 
	 18.5531700000000015 	 -7.8785910885660391 
	 18.5625649999999993 	 -7.8785921570260751 
	 18.5719600000000007 	 -7.8785932230393056 
	 18.5813549999999985 	 -7.8785942865978900 
	 18.5907499999999999 	 -7.8785953476939845 
	 18.6001449999999977 	 -7.8785964063197502 
	 18.6095399999999991 	 -7.8785974624732029 
	 18.6189350000000005 	 -7.8785985161747352 
	 18.6283299999999983 	 -7.8785995674500802 
	 18.6377249999999997 	 -7.8786006163249720 
	 18.6471200000000010 	 -7.8786016628251438 
	 18.6565149999999988 	 -7.8786027069763263 
	 18.6659100000000002 	 -7.8786037488042551 
	 18.6753050000000016 	 -7.8786047883346626 
	 18.6847000000000030 	 -7.8786058255932829 
	 18.6940950000000008 	 -7.8786068606058475 
	 18.7034900000000022 	 -7.8786078933977803 
	 18.7128850000000000 	 -7.8786089239801651 
	 18.7222800000000014 	 -7.8786099523439930 
	 18.7316749999999992 	 -7.8786109784787559 
	 18.7410700000000006 	 -7.8786120023739477 
	 18.7504650000000019 	 -7.8786130240190611 
	 18.7598599999999998 	 -7.8786140434035925 
	 18.7692550000000011 	 -7.8786150605170340 
	 18.7786500000000025 	 -7.8786160753488774 
	 18.7880450000000003 	 -7.8786170878886166 
	 18.7974400000000017 	 -7.8786180981257461 
	 18.8068349999999995 	 -7.8786191060511861 
	 18.8162300000000009 	 -7.8786201116692904 
	 18.8256249999999987 	 -7.8786211149917591 
	 18.8350199999999965 	 -7.8786221160303693 
	 18.8444149999999979 	 -7.8786231147969001 
	 18.8538099999999993 	 -7.8786241113031235 
	 18.8632050000000007 	 -7.8786251055608227 
	 18.8725999999999985 	 -7.8786260975817708 
	 18.8819949999999999 	 -7.8786270873777458 
	 18.8913900000000012 	 -7.8786280749605222 
	 18.9007849999999991 	 -7.8786290603418827 
	 18.9101800000000004 	 -7.8786300435336010 
	 18.9195750000000018 	 -7.8786310245474533 
	 18.9289699999999996 	 -7.8786320033952180 
	 18.9383650000000010 	 -7.8786329800886694 
	 18.9477599999999988 	 -7.8786339546395894 
	 18.9571550000000002 	 -7.8786349270597533 
	 18.9665499999999980 	 -7.8786358973609349 
	 18.9759449999999994 	 -7.8786368655549142 
	 18.9853399999999972 	 -7.8786378316534691 
	 18.9947349999999986 	 -7.8786387956683743 
	 19.0041299999999964 	 -7.8786397576110598 
	 19.0135249999999978 	 -7.8786407174821607 
	 19.0229199999999992 	 -7.8786416752696660 
	 19.0323150000000005 	 -7.8786426309608473 
	 19.0417100000000019 	 -7.8786435845429796 
	 19.0511050000000033 	 -7.8786445360033328 
	 19.0605000000000011 	 -7.8786454853291792 
	 19.0698950000000025 	 -7.8786464325077885 
	 19.0792900000000003 	 -7.8786473775264341 
	 19.0886850000000017 	 -7.8786483203723892 
	 19.0980799999999995 	 -7.8786492610329280 
	 19.1074750000000009 	 -7.8786501994983800 
	 19.1168699999999987 	 -7.8786511357820315 
	 19.1262650000000001 	 -7.8786520699075790 
	 19.1356599999999979 	 -7.8786530018987735 
	 19.1450549999999993 	 -7.8786539317793602 
	 19.1544499999999971 	 -7.8786548595730972 
	 19.1638449999999985 	 -7.8786557853037236 
	 19.1732399999999963 	 -7.8786567089949955 
	 19.1826349999999977 	 -7.8786576306706584 
	 19.1920299999999990 	 -7.8786585503544613 
	 19.2014249999999969 	 -7.8786594680701389 
	 19.2108200000000018 	 -7.8786603838335019 
	 19.2202150000000032 	 -7.8786612976401083 
	 19.2296100000000010 	 -7.8786622094823260 
	 19.2390050000000024 	 -7.8786631193525123 
	 19.2484000000000002 	 -7.8786640272430395 
	 19.2577950000000016 	 -7.8786649331462657 
	 19.2671899999999994 	 -7.8786658370545588 
	 19.2765850000000007 	 -7.8786667389602822 
	 19.2859799999999986 	 -7.8786676388558012 
	 19.2953749999999999 	 -7.8786685367334792 
	 19.3047699999999978 	 -7.8786694325860998 
	 19.3141649999999991 	 -7.8786703264158495 
	 19.3235600000000005 	 -7.8786712182341097 
	 19.3329549999999983 	 -7.8786721080526432 
	 19.3423499999999997 	 -7.8786729958832256 
	 19.3517450000000011 	 -7.8786738817376207 
	 19.3611399999999989 	 -7.8786747656275997 
	 19.3705350000000003 	 -7.8786756475649318 
	 19.3799300000000017 	 -7.8786765275613844 
	 19.3893250000000030 	 -7.8786774056287285 
	 19.3987200000000009 	 -7.8786782817787309 
	 19.4081150000000022 	 -7.8786791560219358 
	 19.4175100000000000 	 -7.8786800283614822 
	 19.4269050000000014 	 -7.8786808987977404 
	 19.4362999999999992 	 -7.8786817673310745 
	 19.4456950000000006 	 -7.8786826339618496 
	 19.4550899999999984 	 -7.8786834986904291 
	 19.4644849999999998 	 -7.8786843615171813 
	 19.4738799999999976 	 -7.8786852224424679 
	 19.4832749999999990 	 -7.8786860814666584 
	 19.4926700000000004 	 -7.8786869385901097 
	 19.5020649999999982 	 -7.8786877938132056 
	 19.5114599999999996 	 -7.8786886471381834 
	 19.5208550000000010 	 -7.8786894985712133 
	 19.5302499999999988 	 -7.8786903481189769 
	 19.5396450000000002 	 -7.8786911957881429 
	 19.5490399999999980 	 -7.8786920415853849 
	 19.5584349999999993 	 -7.8786928855173786 
	 19.5678300000000007 	 -7.8786937275907976 
	 19.5772250000000021 	 -7.8786945678123148 
	 19.5866199999999999 	 -7.8786954061886041 
	 19.5960150000000013 	 -7.8786962427263392 
	 19.6054099999999991 	 -7.8786970774320748 
	 19.6148050000000005 	 -7.8786979103103185 
	 19.6242000000000019 	 -7.8786987413639133 
	 19.6335949999999997 	 -7.8786995705956517 
	 19.6429900000000011 	 -7.8787003980083332 
	 19.6523850000000024 	 -7.8787012236047449 
	 19.6617800000000003 	 -7.8787020473876819 
	 19.6711750000000016 	 -7.8787028693599384 
	 19.6805699999999995 	 -7.8787036895243059 
	 19.6899650000000008 	 -7.8787045078835778 
	 19.6993599999999986 	 -7.8787053244405456 
	 19.7087550000000000 	 -7.8787061391985782 
	 19.7181499999999978 	 -7.8787069521638449 
	 19.7275449999999992 	 -7.8787077633433746 
	 19.7369400000000006 	 -7.8787085727442010 
	 19.7463350000000020 	 -7.8787093803733566 
	 19.7557299999999998 	 -7.8787101862378668 
	 19.7651250000000012 	 -7.8787109903447696 
	 19.7745199999999990 	 -7.8787117927010932 
	 19.7839150000000004 	 -7.8787125933138720 
	 19.7933100000000017 	 -7.8787133921901304 
	 19.8027049999999996 	 -7.8787141893368515 
	 19.8121000000000009 	 -7.8787149847565692 
	 19.8214950000000023 	 -7.8787157784440289 
	 19.8308900000000001 	 -7.8787165703931921 
	 19.8402850000000015 	 -7.8787173605980154 
	 19.8496799999999993 	 -7.8787181490524620 
	 19.8590750000000007 	 -7.8787189357504852 
	 19.8684699999999985 	 -7.8787197206860524 
	 19.8778649999999999 	 -7.8787205038531205 
	 19.8872599999999977 	 -7.8787212852456490 
	 19.8966549999999991 	 -7.8787220648575964 
	 19.9060499999999969 	 -7.8787228426839526 
	 19.9154450000000018 	 -7.8787236187327467 
	 19.9248400000000032 	 -7.8787243930209288 
	 19.9342350000000010 	 -7.8787251655656299 
	 19.9436300000000024 	 -7.8787259363839821 
	 19.9530250000000038 	 -7.8787267054931140 
	 19.9624200000000016 	 -7.8787274729101524 
	 19.9718150000000030 	 -7.8787282386522310 
	 19.9812100000000008 	 -7.8787290027364794 
	 19.9906050000000022 	 -7.8787297651800259 
	 20.0000000000000000 	 -7.8787305260000000 
