	 1.2100000000000000 	 -0.5071391120370000 
	 1.2193950000000000 	 -0.5121113779543363 
	 1.2287900000000000 	 -0.5173579339970924 
	 1.2381850000000001 	 -0.5228456301995417 
	 1.2475799999999999 	 -0.5285538841520266 
	 1.2569750000000002 	 -0.5344660920338088 
	 1.2663700000000000 	 -0.5405603968592693 
	 1.2757650000000000 	 -0.5468152347779116 
	 1.2851600000000001 	 -0.5532120450966628 
	 1.2945550000000001 	 -0.5597308412613624 
	 1.3039499999999999 	 -0.5663498086401223 
	 1.3133450000000000 	 -0.5730544587821209 
	 1.3227400000000000 	 -0.5798343495327387 
	 1.3321350000000001 	 -0.5866720425540972 
	 1.3415300000000001 	 -0.5935495067515020 
	 1.3509249999999999 	 -0.6004507971389789 
	 1.3603200000000000 	 -0.6073642616315206 
	 1.3697150000000000 	 -0.6142767552634436 
	 1.3791099999999998 	 -0.6211758788450793 
	 1.3885049999999999 	 -0.6280497238743777 
	 1.3978999999999999 	 -0.6348875126949044 
	 1.4072950000000000 	 -0.6416788424021848 
	 1.4166900000000000 	 -0.6484134089186299 
	 1.4260850000000000 	 -0.6550819073827521 
	 1.4354799999999999 	 -0.6616758809925843 
	 1.4448749999999999 	 -0.6681871086239400 
	 1.4542700000000000 	 -0.6746080430608599 
	 1.4636650000000000 	 -0.6809317837492097 
	 1.4730600000000000 	 -0.6871518206533977 
	 1.4824550000000001 	 -0.6932624174012877 
	 1.4918499999999999 	 -0.6992583358266649 
	 1.5012450000000002 	 -0.7051346958455510 
	 1.5106400000000000 	 -0.7108873311110226 
	 1.5200350000000000 	 -0.7165124493353355 
	 1.5294300000000001 	 -0.7220071607758790 
	 1.5388250000000001 	 -0.7273687595202832 
	 1.5482200000000002 	 -0.7325946911067535 
	 1.5576150000000002 	 -0.7376832856731651 
	 1.5670099999999998 	 -0.7426331936061942 
	 1.5764049999999998 	 -0.7474430974033740 
	 1.5857999999999999 	 -0.7521120282687696 
	 1.5951949999999999 	 -0.7566392366285922 
	 1.6045900000000000 	 -0.7610240333028194 
	 1.6139850000000000 	 -0.7652657811402299 
	 1.6233799999999998 	 -0.7693639204416529 
	 1.6327749999999999 	 -0.7733179839056754 
	 1.6421699999999999 	 -0.7771275098326771 
	 1.6515649999999999 	 -0.7807920368005139 
	 1.6609600000000000 	 -0.7843111975654325 
	 1.6703550000000000 	 -0.7876848355238940 
	 1.6797499999999999 	 -0.7909128238635743 
	 1.6891450000000001 	 -0.7939952213598396 
	 1.6985399999999999 	 -0.7969321977480286 
	 1.7079350000000000 	 -0.7997242757742269 
	 1.7173300000000000 	 -0.8023720938970273 
	 1.7267250000000001 	 -0.8048763216883009 
	 1.7361199999999999 	 -0.8072379321219634 
	 1.7455150000000001 	 -0.8094580761801929 
	 1.7549100000000000 	 -0.8115380093725869 
	 1.7643049999999998 	 -0.8134790695219336 
	 1.7736999999999998 	 -0.8152826152795487 
	 1.7830949999999999 	 -0.8169500871302380 
	 1.7924899999999999 	 -0.8184829567302705 
	 1.8018850000000000 	 -0.8198826553158592 
	 1.8112800000000000 	 -0.8211506794223769 
	 1.8206750000000000 	 -0.8222885356861979 
	 1.8300700000000001 	 -0.8232977365105273 
	 1.8394650000000001 	 -0.8241798091204121 
	 1.8488600000000002 	 -0.8249363349868744 
	 1.8582550000000002 	 -0.8255689088426519 
	 1.8676499999999998 	 -0.8260791239808153 
	 1.8770449999999999 	 -0.8264685706448168 
	 1.8864399999999999 	 -0.8267388956353683 
	 1.8958349999999999 	 -0.8268917664471189 
	 1.9052300000000000 	 -0.8269288439639615 
	 1.9146250000000000 	 -0.8268517881236622 
	 1.9240199999999998 	 -0.8266622386705994 
	 1.9334150000000001 	 -0.8263618160071968 
	 1.9428099999999999 	 -0.8259522011719801 
	 1.9522050000000000 	 -0.8254351614454395 
	 1.9616000000000000 	 -0.8248122123137641 
	 1.9709950000000001 	 -0.8240843468245502 
	 1.9803900000000001 	 -0.8232540415357610 
	 1.9897850000000001 	 -0.8223222330239091 
	 1.9991800000000000 	 -0.8212759839191279 
	 2.0085750000000000 	 -0.8201263699264542 
	 2.0179700000000000 	 -0.8188897583160168 
	 2.0273649999999996 	 -0.8175672755743758 
	 2.0367600000000001 	 -0.8161540911468559 
	 2.0461549999999997 	 -0.8146457788157782 
	 2.0555499999999998 	 -0.8130429815808111 
	 2.0649449999999998 	 -0.8113497006607812 
	 2.0743399999999999 	 -0.8095695671611631 
	 2.0837349999999999 	 -0.8077021153347158 
	 2.0931299999999999 	 -0.8057430624730164 
	 2.1025250000000000 	 -0.8037124113779720 
	 2.1119199999999996 	 -0.8016199490154789 
	 2.1213150000000001 	 -0.7994197704336531 
	 2.1307099999999997 	 -0.7971258514792221 
	 2.1401050000000001 	 -0.7947565579722523 
	 2.1494999999999997 	 -0.7923145991106894 
	 2.1588950000000002 	 -0.7897995662661140 
	 2.1682899999999998 	 -0.7872110508101072 
	 2.1776850000000003 	 -0.7845486441142496 
	 2.1870799999999999 	 -0.7818122984970610 
	 2.1964750000000000 	 -0.7790048475354369 
	 2.2058700000000000 	 -0.7761283526758962 
	 2.2152650000000000 	 -0.7731839252692165 
	 2.2246600000000001 	 -0.7701730090798568 
	 2.2340550000000001 	 -0.7670970559377305 
	 2.2434500000000002 	 -0.7639575221055165 
	 2.2528449999999998 	 -0.7607556793884492 
	 2.2622400000000003 	 -0.7574928933942141 
	 2.2716349999999998 	 -0.7541711350049130 
	 2.2810300000000003 	 -0.7507906236180584 
	 2.2904249999999999 	 -0.7473492185420222 
	 2.2998200000000000 	 -0.7438499020597269 
	 2.3092150000000000 	 -0.7402966910306950 
	 2.3186100000000001 	 -0.7366936023144482 
	 2.3280050000000001 	 -0.7330437382437766 
	 2.3373999999999997 	 -0.7293450006734218 
	 2.3467950000000002 	 -0.7255971768294391 
	 2.3561899999999998 	 -0.7218019525976063 
	 2.3655850000000003 	 -0.7179610113790924 
	 2.3749799999999999 	 -0.7140758386843969 
	 2.3843749999999999 	 -0.7101477634859003 
	 2.3937700000000000 	 -0.7061780571668508 
	 2.4031650000000000 	 -0.7021679526821726 
	 2.4125600000000000 	 -0.6981198302881182 
	 2.4219550000000001 	 -0.6940355839686694 
	 2.4313500000000001 	 -0.6899144758819491 
	 2.4407449999999997 	 -0.6857583925617268 
	 2.4501400000000002 	 -0.6815696253775350 
	 2.4595349999999998 	 -0.6773501714490024 
	 2.4689300000000003 	 -0.6731010456556478 
	 2.4783249999999999 	 -0.6688236589524869 
	 2.4877199999999999 	 -0.6645195942635450 
	 2.4971150000000000 	 -0.6601903110116008 
	 2.5065100000000005 	 -0.6558373809795857 
	 2.5159050000000001 	 -0.6514624630524499 
	 2.5253000000000001 	 -0.6470672241140420 
	 2.5346950000000001 	 -0.6426534579416896 
	 2.5440899999999997 	 -0.6382230666541724 
	 2.5534850000000002 	 -0.6337779849707892 
	 2.5628799999999998 	 -0.6293200383051992 
	 2.5722749999999999 	 -0.6248508247240542 
	 2.5816699999999999 	 -0.6203715866206663 
	 2.5910650000000000 	 -0.6158829559126835 
	 2.6004600000000000 	 -0.6113855621128900 
	 2.6098550000000000 	 -0.6068802325378977 
	 2.6192500000000001 	 -0.6023678296109077 
	 2.6286449999999997 	 -0.5978493184932880 
	 2.6380400000000002 	 -0.5933261869627341 
	 2.6474349999999998 	 -0.5888000885610558 
	 2.6568300000000002 	 -0.5842726651662973 
	 2.6662249999999998 	 -0.5797454483187618 
	 2.6756200000000003 	 -0.5752198996914333 
	 2.6850149999999999 	 -0.5706973473842202 
	 2.6944100000000004 	 -0.5661791664599389 
	 2.7038050000000000 	 -0.5616667406500602 
	 2.7132000000000001 	 -0.5571613114312093 
	 2.7225950000000001 	 -0.5526640970075594 
	 2.7319900000000001 	 -0.5481762941496151 
	 2.7413850000000002 	 -0.5436990280085127 
	 2.7507800000000002 	 -0.5392333442128959 
	 2.7601750000000003 	 -0.5347803866063627 
	 2.7695699999999999 	 -0.5303411086763010 
	 2.7789650000000004 	 -0.5259166353339529 
	 2.7883599999999999 	 -0.5215079304956602 
	 2.7977550000000004 	 -0.5171158930101556 
	 2.8071500000000000 	 -0.5127414104489498 
	 2.8165450000000001 	 -0.5083852769833889 
	 2.8259399999999997 	 -0.5040482518047830 
	 2.8353349999999997 	 -0.4997310975993893 
	 2.8447299999999998 	 -0.4954345182834371 
	 2.8541249999999998 	 -0.4911591684679178 
	 2.8635199999999998 	 -0.4869057003191951 
	 2.8729149999999999 	 -0.4826747241183305 
	 2.8823099999999995 	 -0.4784667919763971 
	 2.8917050000000000 	 -0.4742824516069486 
	 2.9010999999999996 	 -0.4701222215458302 
	 2.9104950000000001 	 -0.4659865517441789 
	 2.9198899999999997 	 -0.4618758661619459 
	 2.9292850000000001 	 -0.4577905335903906 
	 2.9386799999999997 	 -0.4537309110480582 
	 2.9480750000000002 	 -0.4496973441334097 
	 2.9574699999999998 	 -0.4456901041492162 
	 2.9668650000000003 	 -0.4417093991885586 
	 2.9762599999999999 	 -0.4377553835321178 
	 2.9856549999999999 	 -0.4338281841552692 
	 2.9950500000000000 	 -0.4299278376550543 
	 3.0044450000000000 	 -0.4260543115659171 
	 3.0138400000000001 	 -0.4222075716658190 
	 3.0232350000000001 	 -0.4183875830620337 
	 3.0326300000000002 	 -0.4145942736322015 
	 3.0420250000000002 	 -0.4108275152216891 
	 3.0514200000000002 	 -0.4070871760139440 
	 3.0608149999999998 	 -0.4033731262578365 
	 3.0702099999999999 	 -0.3996852285078604 
	 3.0796049999999999 	 -0.3960233158416284 
	 3.0890000000000000 	 -0.3923871983291929 
	 3.0983950000000000 	 -0.3887766871261901 
	 3.1077900000000001 	 -0.3851915969983743 
	 3.1171850000000001 	 -0.3816316145604087 
	 3.1265800000000001 	 -0.3780966565310722 
	 3.1359749999999997 	 -0.3745866573533809 
	 3.1453699999999998 	 -0.3711002823895272 
	 3.1547649999999998 	 -0.3676419311358237 
	 3.1641599999999999 	 -0.3642113841533716 
	 3.1735549999999995 	 -0.3607980624566671 
	 3.1829499999999999 	 -0.3573913286481389 
	 3.1923449999999995 	 -0.3540072038498362 
	 3.2017400000000000 	 -0.3507050519910820 
	 3.2111349999999996 	 -0.3475032660145014 
	 3.2205300000000001 	 -0.3443156109710017 
	 3.2299249999999997 	 -0.3410410097520505 
	 3.2393200000000002 	 -0.3375783852491142 
	 3.2487149999999998 	 -0.3338727127229945 
	 3.2581100000000003 	 -0.3300980006240084 
	 3.2675049999999999 	 -0.3264993215456390 
	 3.2769000000000004 	 -0.3232726133822950 
	 3.2862950000000000 	 -0.3201895131557311 
	 3.2956900000000005 	 -0.3170838659592593 
	 3.3050850000000001 	 -0.3139818421282911 
	 3.3144800000000001 	 -0.3109117267783371 
	 3.3238750000000001 	 -0.3078751567345476 
	 3.3332700000000002 	 -0.3048586010786787 
	 3.3426650000000002 	 -0.3018641478448995 
	 3.3520600000000003 	 -0.2988938763745029 
	 3.3614549999999999 	 -0.2959476778644038 
	 3.3708500000000003 	 -0.2930246998145807 
	 3.3802449999999999 	 -0.2901240203143690 
	 3.3896400000000000 	 -0.2872439114501726 
	 3.3990350000000000 	 -0.2843812638000199 
	 3.4084300000000001 	 -0.2815388677788706 
	 3.4178249999999997 	 -0.2787183009244407 
	 3.4272200000000002 	 -0.2759200463994030 
	 3.4366149999999998 	 -0.2731445864790399 
	 3.4460099999999998 	 -0.2703924034386327 
	 3.4554049999999998 	 -0.2676639459065930 
	 3.4647999999999999 	 -0.2649591063140888 
	 3.4741949999999999 	 -0.2622773289673900 
	 3.4835900000000000 	 -0.2596183063224564 
	 3.4929850000000000 	 -0.2569820317376967 
	 3.5023799999999996 	 -0.2543685151861536 
	 3.5117750000000001 	 -0.2517777666408686 
	 3.5211699999999997 	 -0.2492097960401102 
	 3.5305649999999997 	 -0.2466645878598100 
	 3.5399599999999998 	 -0.2441420705834241 
	 3.5493550000000003 	 -0.2416422058592748 
	 3.5587499999999999 	 -0.2391649529971901 
	 3.5681449999999999 	 -0.2367102661016576 
	 3.5775399999999999 	 -0.2342780899678230 
	 3.5869350000000004 	 -0.2318683827909566 
	 3.5963300000000000 	 -0.2294810751521693 
	 3.6057249999999996 	 -0.2271160857900205 
	 3.6151200000000001 	 -0.2247733386003888 
	 3.6245150000000002 	 -0.2224527570740140 
	 3.6339100000000002 	 -0.2201542523394358 
	 3.6433049999999998 	 -0.2178777225203300 
	 3.6527000000000003 	 -0.2156230651209073 
	 3.6620950000000003 	 -0.2133901775244975 
	 3.6714900000000004 	 -0.2111789524677829 
	 3.6808850000000000 	 -0.2089892744912560 
	 3.6902800000000000 	 -0.2068210253937373 
	 3.6996750000000000 	 -0.2046740735346840 
	 3.7090700000000001 	 -0.2025482889883579 
	 3.7184650000000001 	 -0.2004435533563413 
	 3.7278600000000002 	 -0.1983597166148819 
	 3.7372550000000002 	 -0.1962966428382017 
	 3.7466499999999998 	 -0.1942541927521580 
	 3.7560450000000003 	 -0.1922322196411876 
	 3.7654399999999999 	 -0.1902305767407439 
	 3.7748350000000004 	 -0.1882491172862794 
	 3.7842300000000000 	 -0.1862876938072606 
	 3.7936250000000000 	 -0.1843461389899257 
	 3.8030200000000001 	 -0.1824243010696444 
	 3.8124150000000006 	 -0.1805220789792996 
	 3.8218100000000002 	 -0.1786392767123495 
	 3.8312049999999997 	 -0.1767755102944932 
	 3.8406000000000002 	 -0.1749303746587790 
	 3.8499950000000003 	 -0.1731034647382555 
	 3.8593899999999999 	 -0.1712944341143994 
	 3.8687849999999999 	 -0.1695031713372506 
	 3.8781799999999995 	 -0.1677296705306201 
	 3.8875749999999996 	 -0.1659742024145488 
	 3.8969699999999996 	 -0.1642370776746998 
	 3.9063649999999996 	 -0.1625180592092537 
	 3.9157599999999997 	 -0.1608166372398634 
	 3.9251549999999997 	 -0.1591323343028918 
	 3.9345499999999998 	 -0.1574646320017037 
	 3.9439449999999998 	 -0.1558133057792699 
	 3.9533399999999999 	 -0.1541785073180833 
	 3.9627349999999995 	 -0.1525604771463229 
	 3.9721299999999999 	 -0.1509595598387542 
	 3.9815249999999995 	 -0.1493761067336331 
	 3.9909200000000000 	 -0.1478099295856671 
	 4.0003149999999996 	 -0.1462595009960849 
	 4.0097100000000001 	 -0.1447234080503654 
	 4.0191049999999997 	 -0.1432013907629227 
	 4.0285000000000002 	 -0.1416936213225639 
	 4.0378949999999998 	 -0.1402011336901943 
	 4.0472900000000003 	 -0.1387248753356417 
	 4.0566849999999999 	 -0.1372652814081923 
	 4.0660799999999995 	 -0.1358225770971340 
	 4.0754750000000000 	 -0.1343966156207469 
	 4.0848700000000004 	 -0.1329869981791575 
	 4.0942650000000000 	 -0.1315933204994428 
	 4.1036599999999996 	 -0.1302151592633048 
	 4.1130550000000001 	 -0.1288520696752991 
	 4.1224499999999997 	 -0.1275036062064156 
	 4.1318450000000002 	 -0.1261693685699795 
	 4.1412399999999998 	 -0.1248490418051907 
	 4.1506349999999994 	 -0.1235423304284146 
	 4.1600299999999999 	 -0.1222489740266661 
	 4.1694250000000004 	 -0.1209687426823386 
	 4.1788200000000000 	 -0.1197014210477503 
	 4.1882149999999996 	 -0.1184468383764983 
	 4.1976100000000001 	 -0.1172048473206996 
	 4.2070049999999997 	 -0.1159753663678351 
	 4.2164000000000001 	 -0.1147582938371518 
	 4.2257949999999997 	 -0.1135535013946468 
	 4.2351900000000002 	 -0.1123608603455518 
	 4.2445849999999998 	 -0.1111802396360182 
	 4.2539800000000003 	 -0.1100115061548605 
	 4.2633749999999999 	 -0.1088545267219282 
	 4.2727700000000004 	 -0.1077091681570704 
	 4.2821650000000000 	 -0.1065752973386288 
	 4.2915600000000005 	 -0.1054527898152279 
	 4.3009550000000001 	 -0.1043415389074126 
	 4.3103499999999997 	 -0.1032414401140028 
	 4.3197450000000002 	 -0.1021523861070656 
	 4.3291400000000007 	 -0.1010742594455537 
	 4.3385350000000003 	 -0.1000069406882219 
	 4.3479299999999999 	 -0.0989503130558974 
	 4.3573250000000003 	 -0.0979042685045889 
	 4.3667199999999999 	 -0.0968686994110178 
	 4.3761150000000004 	 -0.0958434736023270 
	 4.3855100000000000 	 -0.0948284839463200 
	 4.3949049999999996 	 -0.0938236324231465 
	 4.4043000000000001 	 -0.0928288063666835 
	 4.4136950000000006 	 -0.0918438927843802 
	 4.4230900000000002 	 -0.0908687825577033 
	 4.4324849999999998 	 -0.0899033716807630 
	 4.4418799999999994 	 -0.0889475555014637 
	 4.4512749999999999 	 -0.0880012275121019 
	 4.4606700000000004 	 -0.0870642848446451 
	 4.4700650000000000 	 -0.0861366328511925 
	 4.4794599999999996 	 -0.0852181718764242 
	 4.4888550000000000 	 -0.0843088010132983 
	 4.4982499999999996 	 -0.0834084198420466 
	 4.5076450000000001 	 -0.0825169293915482 
	 4.5170399999999997 	 -0.0816342399141922 
	 4.5264349999999993 	 -0.0807602640801028 
	 4.5358299999999998 	 -0.0798948994470115 
	 4.5452250000000003 	 -0.0790380580451671 
	 4.5546199999999999 	 -0.0781896583774179 
	 4.5640149999999995 	 -0.0773496089830203 
	 4.5734100000000000 	 -0.0765178180294362 
	 4.5828049999999996 	 -0.0756941937489583 
	 4.5922000000000001 	 -0.0748786522957422 
	 4.6015949999999997 	 -0.0740711193354003 
	 4.6109900000000001 	 -0.0732715136941628 
	 4.6203849999999997 	 -0.0724797532105202 
	 4.6297799999999993 	 -0.0716957542460574 
	 4.6391749999999998 	 -0.0709194279369607 
	 4.6485700000000003 	 -0.0701506902340799 
	 4.6579649999999999 	 -0.0693894882007645 
	 4.6673599999999995 	 -0.0686357566085096 
	 4.6767550000000000 	 -0.0678892944704349 
	 4.6861499999999996 	 -0.0671501944974325 
	 4.6955450000000001 	 -0.0664187023148015 
	 4.7049399999999997 	 -0.0656941768781317 
	 4.7143350000000002 	 -0.0649753419635342 
	 4.7237299999999998 	 -0.0642627633398759 
	 4.7331250000000002 	 -0.0635590650651935 
	 4.7425199999999998 	 -0.0628668038907229 
	 4.7519150000000003 	 -0.0621709676209998 
	 4.7613099999999999 	 -0.0614470936555626 
	 4.7707049999999995 	 -0.0607184490290790 
	 4.7801000000000000 	 -0.0600151517024088 
	 4.7894950000000005 	 -0.0593521786337771 
	 4.7988900000000001 	 -0.0586961851787023 
	 4.8082849999999997 	 -0.0580460374391378 
	 4.8176800000000002 	 -0.0574027197755371 
	 4.8270749999999998 	 -0.0567654358963258 
	 4.8364700000000003 	 -0.0561344859701045 
	 4.8458649999999999 	 -0.0555098045263227 
	 4.8552599999999995 	 -0.0548912483839893 
	 4.8646550000000000 	 -0.0542787818369127 
	 4.8740500000000004 	 -0.0536723585514015 
	 4.8834450000000000 	 -0.0530719189420091 
	 4.8928399999999996 	 -0.0524774028348111 
	 4.9022350000000001 	 -0.0518887500622520 
	 4.9116300000000006 	 -0.0513059013337700 
	 4.9210250000000002 	 -0.0507288006783140 
	 4.9304199999999998 	 -0.0501573961060936 
	 4.9398150000000003 	 -0.0495916361826067 
	 4.9492100000000008 	 -0.0490314681368497 
	 4.9586050000000004 	 -0.0484768335264115 
	 4.9680000000000000 	 -0.0479276754407155 
	 4.9773949999999996 	 -0.0473839536931367 
	 4.9867900000000001 	 -0.0468456174354156 
	 4.9961850000000005 	 -0.0463126080514360 
	 5.0055800000000001 	 -0.0457848740793731 
	 5.0149750000000006 	 -0.0452623688074661 
	 5.0243700000000002 	 -0.0447450453664800 
	 5.0337649999999989 	 -0.0442328505394364 
	 5.0431600000000003 	 -0.0437257328664447 
	 5.0525549999999999 	 -0.0432236491275073 
	 5.0619499999999995 	 -0.0427265521405777 
	 5.0713449999999991 	 -0.0422343943202249 
	 5.0807400000000005 	 -0.0417471280810178 
	 5.0901350000000001 	 -0.0412647058375255 
	 5.0995299999999997 	 -0.0407870800043170 
	 5.1089249999999993 	 -0.0403142053820310 
	 5.1183200000000006 	 -0.0398460456638052 
	 5.1277150000000002 	 -0.0393825560415063 
	 5.1371099999999998 	 -0.0389236900484868 
	 5.1465049999999994 	 -0.0384693889025422 
	 5.1558999999999999 	 -0.0380196277223487 
	 5.1652949999999995 	 -0.0375743604982979 
	 5.1746900000000000 	 -0.0371335340987842 
	 5.1840849999999996 	 -0.0366971188304972 
	 5.1934800000000001 	 -0.0362650733566564 
	 5.2028749999999997 	 -0.0358373482806294 
	 5.2122700000000002 	 -0.0354139029499385 
	 5.2216649999999998 	 -0.0349946974463786 
	 5.2310600000000003 	 -0.0345796958974911 
	 5.2404549999999999 	 -0.0341688663438086 
	 5.2498499999999995 	 -0.0337621618392816 
	 5.2592449999999999 	 -0.0333595354502268 
	 5.2686400000000004 	 -0.0329609525207412 
	 5.2780350000000000 	 -0.0325663808315401 
	 5.2874299999999996 	 -0.0321757833002564 
	 5.2968249999999992 	 -0.0317891209810727 
	 5.3062200000000006 	 -0.0314063549243725 
	 5.3156150000000002 	 -0.0310274463292198 
	 5.3250099999999998 	 -0.0306523586401325 
	 5.3344049999999994 	 -0.0302810570408652 
	 5.3437999999999999 	 -0.0299135068206403 
	 5.3531950000000004 	 -0.0295496755448062 
	 5.3625900000000000 	 -0.0291895336024279 
	 5.3719849999999996 	 -0.0288330422588363 
	 5.3813800000000001 	 -0.0284801549032418 
	 5.3907749999999997 	 -0.0281308427657908 
	 5.4001700000000001 	 -0.0277850796374664 
	 5.4095649999999997 	 -0.0274428369046310 
	 5.4189600000000002 	 -0.0271040768431863 
	 5.4283549999999998 	 -0.0267687608986740 
	 5.4377500000000003 	 -0.0264368579321086 
	 5.4471449999999999 	 -0.0261083393294874 
	 5.4565400000000004 	 -0.0257831758500269 
	 5.4659350000000000 	 -0.0254613358424518 
	 5.4753299999999996 	 -0.0251427865491210 
	 5.4847250000000001 	 -0.0248274986406422 
	 5.4941200000000006 	 -0.0245154436264649 
	 5.5035150000000002 	 -0.0242065920868250 
	 5.5129099999999998 	 -0.0239009158362795 
	 5.5223049999999994 	 -0.0235983867563616 
	 5.5317000000000007 	 -0.0232989756144517 
	 5.5410950000000003 	 -0.0230026509902845 
	 5.5504899999999999 	 -0.0227093847804077 
	 5.5598849999999995 	 -0.0224191574463264 
	 5.5692800000000009 	 -0.0221319443616798 
	 5.5786750000000005 	 -0.0218477132964215 
	 5.5880700000000001 	 -0.0215664322656471 
	 5.5974649999999997 	 -0.0212880802500060 
	 5.6068600000000011 	 -0.0210126344256488 
	 5.6162549999999998 	 -0.0207400691062688 
	 5.6256499999999994 	 -0.0204703584272560 
	 5.6350449999999999 	 -0.0202034762543272 
	 5.6444399999999995 	 -0.0199393932677540 
	 5.6538349999999999 	 -0.0196780777211446 
	 5.6632300000000004 	 -0.0194195149595632 
	 5.6726250000000000 	 -0.0191637107552705 
	 5.6820199999999996 	 -0.0189105418390458 
	 5.6914149999999992 	 -0.0186599315876364 
	 5.7008099999999997 	 -0.0184123846601925 
	 5.7102050000000002 	 -0.0181679012929592 
	 5.7195999999999998 	 -0.0179246792524933 
	 5.7289949999999994 	 -0.0176814249650039 
	 5.7383899999999999 	 -0.0174407367546530 
	 5.7477850000000004 	 -0.0172055006960749 
	 5.7571800000000000 	 -0.0169734901882568 
	 5.7665749999999996 	 -0.0167435448629965 
	 5.7759699999999992 	 -0.0165161174836808 
	 5.7853649999999996 	 -0.0162912075703852 
	 5.7947600000000001 	 -0.0160686780705544 
	 5.8041549999999997 	 -0.0158485476994376 
	 5.8135500000000002 	 -0.0156307936929328 
	 5.8229449999999998 	 -0.0154153744507019 
	 5.8323400000000003 	 -0.0152022822289178 
	 5.8417349999999999 	 -0.0149914916047639 
	 5.8511299999999995 	 -0.0147829874679071 
	 5.8605250000000000 	 -0.0145767611266821 
	 5.8699199999999996 	 -0.0143727641876686 
	 5.8793150000000001 	 -0.0141709938377910 
	 5.8887100000000006 	 -0.0139714338199223 
	 5.8981050000000002 	 -0.0137740610175781 
	 5.9074999999999998 	 -0.0135788528710312 
	 5.9168950000000002 	 -0.0133857909579462 
	 5.9262899999999998 	 -0.0131948585339925 
	 5.9356850000000003 	 -0.0130060367322309 
	 5.9450799999999999 	 -0.0128193053208944 
	 5.9544749999999995 	 -0.0126346441757345 
	 5.9638700000000000 	 -0.0124520365181687 
	 5.9732650000000005 	 -0.0122714690707836 
	 5.9826600000000001 	 -0.0120929255929260 
	 5.9920549999999997 	 -0.0119163851639900 
	 6.0014499999999993 	 -0.0117418264811699 
	 6.0108449999999998 	 -0.0115692282447897 
	 6.0202400000000003 	 -0.0113985747128801 
	 6.0296349999999999 	 -0.0112298605668427 
	 6.0390300000000003 	 -0.0110630616499118 
	 6.0484249999999999 	 -0.0108981585770342 
	 6.0578200000000004 	 -0.0107351348899802 
	 6.0672150000000000 	 -0.0105739737250956 
	 6.0766099999999996 	 -0.0104146557506853 
	 6.0860050000000001 	 -0.0102571681794881 
	 6.0953999999999997 	 -0.0101014959234625 
	 6.1047950000000002 	 -0.0099476189072823 
	 6.1141900000000007 	 -0.0097955188491544 
	 6.1235850000000003 	 -0.0096451793139831 
	 6.1329799999999999 	 -0.0094965839542602 
	 6.1423750000000004 	 -0.0093497162190691 
	 6.1517700000000000 	 -0.0092045592015144 
	 6.1611650000000004 	 -0.0090610968859010 
	 6.1705600000000000 	 -0.0089193153864151 
	 6.1799549999999996 	 -0.0087791994797251 
	 6.1893500000000010 	 -0.0086407284642998 
	 6.1987450000000006 	 -0.0085038818690593 
	 6.2081400000000002 	 -0.0083686459970933 
	 6.2175349999999998 	 -0.0082350083143167 
	 6.2269299999999994 	 -0.0081029495369991 
	 6.2363250000000008 	 -0.0079724488737068 
	 6.2457200000000004 	 -0.0078435010028014 
	 6.2551150000000000 	 -0.0077160894901347 
	 6.2645100000000005 	 -0.0075901910234247 
	 6.2739050000000010 	 -0.0074657906257906 
	 6.2833000000000006 	 -0.0073428736535640 
	 6.2926950000000001 	 -0.0072214269217090 
	 6.3020899999999997 	 -0.0071014393753007 
	 6.3114850000000002 	 -0.0069828960325284 
	 6.3208800000000007 	 -0.0068657762328301 
	 6.3302750000000003 	 -0.0067500655934642 
	 6.3396700000000008 	 -0.0066357508692369 
	 6.3490650000000004 	 -0.0065228188149548 
	 6.3584600000000000 	 -0.0064112549723554 
	 6.3678550000000005 	 -0.0063010406816376 
	 6.3772500000000001 	 -0.0061921684762293 
	 6.3866450000000006 	 -0.0060846216879458 
	 6.3960400000000002 	 -0.0059783897035194 
	 6.4054350000000007 	 -0.0058734606648894 
	 6.4148300000000011 	 -0.0057698160888548 
	 6.4242250000000007 	 -0.0056674389103505 
	 6.4336200000000003 	 -0.0055663161372030 
	 6.4430149999999999 	 -0.0054664533652772 
	 6.4524100000000004 	 -0.0053678507883141 
	 6.4618050000000009 	 -0.0052704658702273 
	 6.4712000000000005 	 -0.0051742520903077 
	 6.4805950000000001 	 -0.0050791629417839 
	 6.4899900000000006 	 -0.0049852178320370 
	 6.4993849999999993 	 -0.0048926543721989 
	 6.5087799999999998 	 -0.0048015537960096 
	 6.5181749999999994 	 -0.0047110161161161 
	 6.5275699999999990 	 -0.0046210033084442 
	 6.5369650000000004 	 -0.0045377138719446 
	 6.5463600000000000 	 -0.0044515111014431 
	 6.5557549999999996 	 -0.0043443035036783 
	 6.5651499999999992 	 -0.0042240519788845 
	 6.5745449999999988 	 -0.0041174350422035 
	 6.5839400000000001 	 -0.0040328590781123 
	 6.5933349999999997 	 -0.0039591833886962 
	 6.6027299999999993 	 -0.0038844528133077 
	 6.6121249999999998 	 -0.0038051783627872 
	 6.6215199999999994 	 -0.0037277808511449 
	 6.6309149999999999 	 -0.0036511930216826 
	 6.6403099999999995 	 -0.0035756493795519 
	 6.6497049999999991 	 -0.0035010994863612 
	 6.6590999999999996 	 -0.0034275172978018 
	 6.6684950000000001 	 -0.0033549101938842 
	 6.6778899999999997 	 -0.0032832643678013 
	 6.6872850000000001 	 -0.0032125657278016 
	 6.6966799999999997 	 -0.0031428032773221 
	 6.7060749999999993 	 -0.0030739684920255 
	 6.7154699999999998 	 -0.0030060539830775 
	 6.7248649999999994 	 -0.0029390480394990 
	 6.7342599999999999 	 -0.0028729373630710 
	 6.7436549999999995 	 -0.0028077104514789 
	 6.7530500000000000 	 -0.0027433559744436 
	 6.7624450000000005 	 -0.0026798686831703 
	 6.7718400000000001 	 -0.0026172451052429 
	 6.7812349999999997 	 -0.0025554695798166 
	 6.7906299999999993 	 -0.0024945293868439 
	 6.8000249999999998 	 -0.0024344138026859 
	 6.8094200000000003 	 -0.0023751165674015 
	 6.8188149999999998 	 -0.0023166317219604 
	 6.8282099999999994 	 -0.0022589503639704 
	 6.8376049999999999 	 -0.0022020623880979 
	 6.8469999999999995 	 -0.0021459554086418 
	 6.8563950000000000 	 -0.0020906160447479 
	 6.8657899999999996 	 -0.0020360321446244 
	 6.8751849999999992 	 -0.0019822076855310 
	 6.8845799999999997 	 -0.0019291380441532 
	 6.8939750000000002 	 -0.0018768053483643 
	 6.9033699999999998 	 -0.0018251966881528 
	 6.9127650000000003 	 -0.0017743051539494 
	 6.9221599999999999 	 -0.0017241265230353 
	 6.9315549999999995 	 -0.0016746514336882 
	 6.9409500000000000 	 -0.0016258745687500 
	 6.9503449999999996 	 -0.0015777830886234 
	 6.9597400000000000 	 -0.0015303650445308 
	 6.9691349999999996 	 -0.0014836163145159 
	 6.9785299999999992 	 -0.0014375331102843 
	 6.9879250000000006 	 -0.0013921045290125 
	 6.9973200000000002 	 -0.0013473196264506 
	 7.0067149999999998 	 -0.0013031688596291 
	 7.0161099999999994 	 -0.0012596470351446 
	 7.0255049999999990 	 -0.0012167511468396 
	 7.0349000000000004 	 -0.0011744738305206 
	 7.0442950000000000 	 -0.0011328043088934 
	 7.0536899999999996 	 -0.0010917342734999 
	 7.0630850000000001 	 -0.0010512582510416 
	 7.0724800000000005 	 -0.0010113687353504 
	 7.0818750000000001 	 -0.0009720548050595 
	 7.0912699999999997 	 -0.0009333085771449 
	 7.1006649999999993 	 -0.0008951296260645 
	 7.1100599999999998 	 -0.0008575158742581 
	 7.1194550000000003 	 -0.0008204566223980 
	 7.1288499999999999 	 -0.0007839404113262 
	 7.1382450000000004 	 -0.0007479604589520 
	 7.1476400000000000 	 -0.0007125113738736 
	 7.1570350000000005 	 -0.0006775877649182 
	 7.1664300000000001 	 -0.0006431842409132 
	 7.1758249999999997 	 -0.0006092953829311 
	 7.1852200000000002 	 -0.0005759153879626 
	 7.1946149999999998 	 -0.0005430381725227 
	 7.2040100000000002 	 -0.0005106576548246 
	 7.2134050000000007 	 -0.0004787680228413 
	 7.2228000000000003 	 -0.0004473637908196 
	 7.2321949999999999 	 -0.0004164394672487 
	 7.2415900000000004 	 -0.0003859895190683 
	 7.2509850000000000 	 -0.0003560089423408 
	 7.2603800000000005 	 -0.0003264940307649 
	 7.2697750000000001 	 -0.0002974375998552 
	 7.2791699999999997 	 -0.0002688264554704 
	 7.2885650000000002 	 -0.0002406698166474 
	 7.2979600000000007 	 -0.0002129599200691 
	 7.3073550000000003 	 -0.0001856826661364 
	 7.3167499999999999 	 -0.0001588372124701 
	 7.3261449999999995 	 -0.0001324206116881 
	 7.3355399999999999 	 -0.0001064270741959 
	 7.3449350000000004 	 -0.0000808521684917 
	 7.3543300000000000 	 -0.0000556911709229 
	 7.3637250000000005 	 -0.0000309390659018 
	 7.3731200000000001 	 -0.0000065910621705 
	 7.3825150000000006 	 0.0000173573223770 
	 7.3919100000000002 	 0.0000409105450288 
	 7.4013049999999998 	 0.0000640722797176 
	 7.4107000000000003 	 0.0000868462263022 
	 7.4200949999999999 	 0.0001092405355284 
	 7.4294900000000004 	 0.0001312616267035 
	 7.4388850000000009 	 0.0001529078237044 
	 7.4482800000000005 	 0.0001741826546493 
	 7.4576750000000001 	 0.0001950918698815 
	 7.4670700000000005 	 0.0002156411021011 
	 7.4764650000000001 	 0.0002358349660455 
	 7.4858600000000006 	 0.0002556775559377 
	 7.4952550000000002 	 0.0002751729618060 
	 7.5046499999999998 	 0.0002943252736790 
	 7.5140450000000012 	 0.0003131385562764 
	 7.5234400000000008 	 0.0003316160472091 
	 7.5328350000000004 	 0.0003497600084037 
	 7.5422300000000000 	 0.0003675738719258 
	 7.5516249999999996 	 0.0003850646257346 
	 7.5610200000000010 	 0.0004022393901430 
	 7.5704150000000006 	 0.0004190981728935 
	 7.5798100000000002 	 0.0004356411914887 
	 7.5892050000000006 	 0.0004518732625834 
	 7.5986000000000002 	 0.0004678002097676 
	 7.6079950000000007 	 0.0004834278566307 
	 7.6173900000000003 	 0.0004987616150965 
	 7.6267849999999999 	 0.0005138037201032 
	 7.6361800000000004 	 0.0005285549282601 
	 7.6455750000000009 	 0.0005430161766201 
	 7.6549700000000005 	 0.0005571913003465 
	 7.6643650000000010 	 0.0005710864046297 
	 7.6737599999999988 	 0.0005847075746142 
	 7.6831549999999993 	 0.0005980577606333 
	 7.6925499999999998 	 0.0006111358806364 
	 7.7019449999999994 	 0.0006239442919019 
	 7.7113399999999999 	 0.0006364921427083 
	 7.7207349999999995 	 0.0006487860806060 
	 7.7301299999999991 	 0.0006608242790029 
	 7.7395249999999995 	 0.0006726054694222 
	 7.7489199999999991 	 0.0006841357981581 
	 7.7583149999999996 	 0.0006954223890760 
	 7.7677099999999992 	 0.0007064678322234 
	 7.7771049999999997 	 0.0007172731237582 
	 7.7865000000000002 	 0.0007278395781578 
	 7.7958949999999998 	 0.0007381717433514 
	 7.8052899999999994 	 0.0007482739750629 
	 7.8146849999999990 	 0.0007581490515492 
	 7.8240799999999995 	 0.0007677997161674 
	 7.8334750000000000 	 0.0007772287122747 
	 7.8428699999999996 	 0.0007864387832284 
	 7.8522649999999992 	 0.0007954326741954 
	 7.8616600000000005 	 0.0008042133700135 
	 7.8710550000000001 	 0.0008127843324482 
	 7.8804499999999997 	 0.0008211489777328 
	 7.8898449999999993 	 0.0008293104297395 
	 7.8992399999999989 	 0.0008372719039075 
	 7.9086350000000003 	 0.0008450368141874 
	 7.9180299999999999 	 0.0008526066655019 
	 7.9274249999999995 	 0.0008599823049102 
	 7.9368200000000000 	 0.0008671650532745 
	 7.9462149999999996 	 0.0008741607067417 
	 7.9556100000000001 	 0.0008809764484707 
	 7.9650049999999997 	 0.0008876045681946 
	 7.9743999999999993 	 0.0008940506190189 
	 7.9837949999999998 	 0.0009003273465936 
	 7.9931900000000002 	 0.0009064302096139 
	 8.0025849999999998 	 0.0009123575272826 
	 8.0119799999999994 	 0.0009181133751772 
	 8.0213749999999990 	 0.0009237018719085 
	 8.0307700000000004 	 0.0009291261807250 
	 8.0401650000000000 	 0.0009343893400110 
	 8.0495599999999996 	 0.0009394943881503 
	 8.0589549999999992 	 0.0009444437284629 
	 8.0683500000000006 	 0.0009492368402948 
	 8.0777450000000002 	 0.0009538729881841 
	 8.0871399999999998 	 0.0009583557186922 
	 8.0965349999999994 	 0.0009626900320312 
	 8.1059300000000007 	 0.0009668773886276 
	 8.1153250000000003 	 0.0009709172684043 
	 8.1247199999999999 	 0.0009748114587947 
	 8.1341149999999995 	 0.0009785636688173 
	 8.1435099999999991 	 0.0009821764026983 
	 8.1529050000000005 	 0.0009856506724528 
	 8.1623000000000001 	 0.0009889871230891 
	 8.1716949999999997 	 0.0009921870283986 
	 8.1810899999999993 	 0.0009952527523493 
	 8.1904849999999989 	 0.0009981844221066 
	 8.1998800000000003 	 0.0010009830886500 
	 8.2092749999999999 	 0.0010036542003088 
	 8.2186699999999995 	 0.0010062022910684 
	 8.2280649999999991 	 0.0010086225308921 
	 8.2374600000000004 	 0.0010109097096990 
	 8.2468550000000000 	 0.0010130755030554 
	 8.2562499999999996 	 0.0010151191576902 
	 8.2656449999999992 	 0.0010170451764951 
	 8.2750399999999988 	 0.0010188537702421 
	 8.2844350000000002 	 0.0010205336409268 
	 8.2938299999999998 	 0.0010220940357689 
	 8.3032249999999994 	 0.0010235500110595 
	 8.3126200000000008 	 0.0010248959817228 
	 8.3220150000000004 	 0.0010261281306320 
	 8.3314100000000000 	 0.0010272483513150 
	 8.3408049999999996 	 0.0010282591324252 
	 8.3501999999999992 	 0.0010291629626151 
	 8.3595950000000006 	 0.0010299622323357 
	 8.3689900000000002 	 0.0010306589635214 
	 8.3783849999999997 	 0.0010312550916786 
	 8.3877800000000011 	 0.0010317525110073 
	 8.3971750000000007 	 0.0010321528365388 
	 8.4065700000000003 	 0.0010324574531887 
	 8.4159649999999999 	 0.0010326667295316 
	 8.4253599999999995 	 0.0010327825458729 
	 8.4347550000000009 	 0.0010328083264474 
	 8.4441500000000005 	 0.0010327474110154 
	 8.4535450000000001 	 0.0010325995502758 
	 8.4629399999999997 	 0.0010323604808103 
	 8.4723350000000011 	 0.0010320371137138 
	 8.4817300000000007 	 0.0010316422874197 
	 8.4911250000000003 	 0.0010311653940999 
	 8.5005199999999999 	 0.0010306012590415 
	 8.5099149999999995 	 0.0010299633075503 
	 8.5193100000000008 	 0.0010292527506111 
	 8.5287050000000004 	 0.0010284677960846 
	 8.5381000000000000 	 0.0010276088710587 
	 8.5474949999999996 	 0.0010266770933700 
	 8.5568900000000010 	 0.0010256737916188 
	 8.5662850000000006 	 0.0010246020627276 
	 8.5756800000000002 	 0.0010234640937978 
	 8.5850749999999998 	 0.0010222608290983 
	 8.5944700000000012 	 0.0010209932033651 
	 8.6038650000000008 	 0.0010196624357228 
	 8.6132600000000004 	 0.0010182700482323 
	 8.6226550000000000 	 0.0010168175670933 
	 8.6320499999999996 	 0.0010153055544658 
	 8.6414450000000009 	 0.0010137299833078 
	 8.6508400000000005 	 0.0010120910251698 
	 8.6602350000000001 	 0.0010104054656192 
	 8.6696299999999997 	 0.0010086671858505 
	 8.6790249999999993 	 0.0010068722885293 
	 8.6884200000000007 	 0.0010050197879439 
	 8.6978150000000003 	 0.0010031147288553 
	 8.7072099999999999 	 0.0010011633796717 
	 8.7166049999999995 	 0.0009991652045261 
	 8.7259999999999991 	 0.0009971166139363 
	 8.7353950000000005 	 0.0009950176876186 
	 8.7447900000000001 	 0.0009928709693444 
	 8.7541850000000014 	 0.0009906769085730 
	 8.7635800000000010 	 0.0009884369642083 
	 8.7729750000000006 	 0.0009861561162605 
	 8.7823700000000002 	 0.0009838339475686 
	 8.7917649999999998 	 0.0009814655721207 
	 8.8011599999999994 	 0.0009790542920064 
	 8.8105549999999990 	 0.0009766044379076 
	 8.8199500000000022 	 0.0009741184899707 
	 8.8293450000000018 	 0.0009715927243923 
	 8.8387400000000014 	 0.0009690221187361 
	 8.8481349999999992 	 0.0009664052530283 
	 8.8575299999999988 	 0.0009637586227351 
	 8.8669249999999984 	 0.0009610815563648 
	 8.8763199999999998 	 0.0009583775061512 
	 8.8857149999999994 	 0.0009556256683622 
	 8.8951099999999990 	 0.0009528336777928 
	 8.9045050000000003 	 0.0009500192440332 
	 8.9138999999999999 	 0.0009471740063028 
	 8.9232949999999995 	 0.0009442929359295 
	 8.9326899999999991 	 0.0009413839856676 
	 8.9420850000000005 	 0.0009384466498569 
	 8.9514800000000001 	 0.0009354672828251 
	 8.9608749999999997 	 0.0009324654052726 
	 8.9702699999999993 	 0.0009294399909975 
	 8.9796649999999989 	 0.0009263857092745 
	 8.9890599999999985 	 0.0009232987670731 
	 8.9984549999999999 	 0.0009201852932548 
	 9.0078499999999995 	 0.0009170515658891 
	 9.0172449999999991 	 0.0009138891276375 
	 9.0266400000000004 	 0.0009107032372141 
	 9.0360350000000000 	 0.0009074914245272 
	 9.0454299999999996 	 0.0009042524856266 
	 9.0548249999999992 	 0.0009009934921357 
	 9.0642199999999988 	 0.0008977154549539 
	 9.0736149999999984 	 0.0008944134637114 
	 9.0830099999999980 	 0.0008910863823279 
	 9.0924050000000012 	 0.0008877384855023 
	 9.1018000000000008 	 0.0008843716637369 
	 9.1111950000000004 	 0.0008809838533513 
	 9.1205900000000000 	 0.0008775754738028 
	 9.1299849999999996 	 0.0008741477016990 
	 9.1393799999999992 	 0.0008707028045076 
	 9.1487749999999988 	 0.0008672423019253 
	 9.1581699999999984 	 0.0008637634534796 
	 9.1675649999999997 	 0.0008602649763065 
	 9.1769600000000011 	 0.0008567468925304 
	 9.1863550000000007 	 0.0008532113607069 
	 9.1957500000000003 	 0.0008496614994574 
	 9.2051449999999999 	 0.0008460980520876 
	 9.2145399999999995 	 0.0008425199828066 
	 9.2239349999999991 	 0.0008389262414632 
	 9.2333299999999987 	 0.0008353167188079 
	 9.2427250000000001 	 0.0008316903246874 
	 9.2521200000000015 	 0.0008280456354811 
	 9.2615150000000011 	 0.0008243859553768 
	 9.2709100000000007 	 0.0008207175253050 
	 9.2803050000000002 	 0.0008170462667317 
	 9.2896999999999998 	 0.0008133598458132 
	 9.2990949999999994 	 0.0008096423475107 
	 9.3084899999999990 	 0.0008058778567856 
	 9.3178849999999986 	 0.0008020738069503 
	 9.3272800000000000 	 0.0007983899815789 
	 9.3366749999999996 	 0.0007949882239268 
	 9.3460700000000010 	 0.0007914865795198 
	 9.3554650000000006 	 0.0007877150381738 
	 9.3648600000000002 	 0.0007838683443841 
	 9.3742549999999998 	 0.0007800342690005 
	 9.3836499999999994 	 0.0007762043339389 
	 9.3930450000000008 	 0.0007723807411727 
	 9.4024400000000004 	 0.0007685663558476 
	 9.4118350000000000 	 0.0007647480624219 
	 9.4212299999999995 	 0.0007609106979670 
	 9.4306249999999991 	 0.0007570794875374 
	 9.4400200000000005 	 0.0007532397104454 
	 9.4494150000000001 	 0.0007493901537134 
	 9.4588099999999997 	 0.0007455342876734 
	 9.4682049999999993 	 0.0007416754824483 
	 9.4776000000000007 	 0.0007378149730227 
	 9.4869950000000003 	 0.0007339442896525 
	 9.4963899999999999 	 0.0007300644610650 
	 9.5057849999999995 	 0.0007261833176180 
	 9.5151799999999991 	 0.0007222995886917 
	 9.5245749999999987 	 0.0007184124195809 
	 9.5339700000000001 	 0.0007145267767637 
	 9.5433650000000014 	 0.0007106293764360 
	 9.5527600000000010 	 0.0007067191526077 
	 9.5621550000000006 	 0.0007028156531531 
	 9.5715500000000002 	 0.0006989028362336 
	 9.5809449999999998 	 0.0006949855282195 
	 9.5903399999999994 	 0.0006910692676003 
	 9.5997349999999990 	 0.0006871521987968 
	 9.6091299999999986 	 0.0006832311016207 
	 9.6185250000000000 	 0.0006793036082860 
	 9.6279200000000014 	 0.0006753718586690 
	 9.6373150000000010 	 0.0006714394771437 
	 9.6467100000000006 	 0.0006675093230850 
	 9.6561050000000002 	 0.0006635767296450 
	 9.6654999999999998 	 0.0006596339434824 
	 9.6748949999999994 	 0.0006556908890005 
	 9.6842899999999990 	 0.0006517501947666 
	 9.6936850000000003 	 0.0006478046054138 
	 9.7030800000000017 	 0.0006438585861916 
	 9.7124750000000013 	 0.0006399171910622 
	 9.7218700000000009 	 0.0006359774664533 
	 9.7312650000000005 	 0.0006320295108117 
	 9.7406600000000001 	 0.0006280799160920 
	 9.7500549999999997 	 0.0006241335179714 
	 9.7594499999999993 	 0.0006201840629697 
	 9.7688449999999989 	 0.0006162327304388 
	 9.7782400000000003 	 0.0006122827891880 
	 9.7876350000000016 	 0.0006083350518640 
	 9.7970300000000012 	 0.0006043891904739 
	 9.8064250000000008 	 0.0006004447588223 
	 9.8158200000000004 	 0.0005965012218942 
	 9.8252150000000000 	 0.0005925568195125 
	 9.8346099999999996 	 0.0005886090910921 
	 9.8440050000000010 	 0.0005846602555610 
	 9.8534000000000006 	 0.0005807172285954 
	 9.8627950000000002 	 0.0005767812866099 
	 9.8721899999999998 	 0.0005728453180689 
	 9.8815850000000012 	 0.0005689054928678 
	 9.8909800000000008 	 0.0005649659819291 
	 9.9003750000000004 	 0.0005610304505619 
	 9.9097700000000000 	 0.0005570982275334 
	 9.9191649999999996 	 0.0005531678503376 
	 9.9285600000000009 	 0.0005492386207065 
	 9.9379550000000005 	 0.0005453128323102 
	 9.9473500000000001 	 0.0005413876805591 
	 9.9567449999999997 	 0.0005374595483982 
	 9.9661400000000011 	 0.0005335395952239 
	 9.9755350000000007 	 0.0005296274222515 
	 9.9849300000000003 	 0.0005257101255773 
	 9.9943250000000017 	 0.0005218001061452 
	 10.0037200000000013 	 0.0005179001908366 
	 10.0131150000000009 	 0.0005139936907033 
	 10.0225099999999987 	 0.0005100862172818 
	 10.0319049999999983 	 0.0005061850121557 
	 10.0412999999999979 	 0.0005022927839995 
	 10.0506950000000010 	 0.0004984036397972 
	 10.0600900000000006 	 0.0004945141662170 
	 10.0694850000000002 	 0.0004906257659944 
	 10.0788799999999998 	 0.0004867474731106 
	 10.0882749999999994 	 0.0004828609349039 
	 10.0976699999999990 	 0.0004789843891245 
	 10.1070649999999986 	 0.0004751178957634 
	 10.1164600000000000 	 0.0004712537624936 
	 10.1258549999999996 	 0.0004673894592648 
	 10.1352499999999992 	 0.0004635321922781 
	 10.1446450000000006 	 0.0004596793284089 
	 10.1540400000000002 	 0.0004558244167337 
	 10.1634349999999998 	 0.0004519721974800 
	 10.1728299999999994 	 0.0004481278464523 
	 10.1822249999999990 	 0.0004442899724725 
	 10.1916199999999986 	 0.0004404521656550 
	 10.2010149999999999 	 0.0004366176563360 
	 10.2104099999999995 	 0.0004327871088448 
	 10.2198049999999991 	 0.0004289605886524 
	 10.2291999999999987 	 0.0004251381612299 
	 10.2385950000000001 	 0.0004213198920484 
	 10.2479899999999997 	 0.0004175058465790 
	 10.2573849999999993 	 0.0004136960902928 
	 10.2667800000000007 	 0.0004098906886609 
	 10.2761750000000003 	 0.0004060897071543 
	 10.2855699999999999 	 0.0004022932112441 
	 10.2949649999999995 	 0.0003985012664014 
	 10.3043599999999991 	 0.0003947139380973 
	 10.3137550000000005 	 0.0003909312918029 
	 10.3231500000000000 	 0.0003871533929893 
	 10.3325449999999996 	 0.0003833803071275 
	 10.3419399999999992 	 0.0003796120996886 
	 10.3513350000000006 	 0.0003758488361438 
	 10.3607300000000002 	 0.0003720905819640 
	 10.3701249999999998 	 0.0003683374026204 
	 10.3795199999999994 	 0.0003645893635841 
	 10.3889149999999990 	 0.0003608465303262 
	 10.3983099999999986 	 0.0003571089683176 
	 10.4077050000000000 	 0.0003533767430296 
	 10.4171000000000014 	 0.0003496499199332 
	 10.4264950000000010 	 0.0003459285644995 
	 10.4358900000000006 	 0.0003422127421996 
	 10.4452850000000002 	 0.0003385025185045 
	 10.4546799999999998 	 0.0003347979588854 
	 10.4640749999999993 	 0.0003310991288132 
	 10.4734699999999989 	 0.0003274060937592 
	 10.4828649999999985 	 0.0003237189191944 
	 10.4922599999999981 	 0.0003200376705899 
	 10.5016550000000013 	 0.0003163624135416 
	 10.5110500000000009 	 0.0003126932503212 
	 10.5204450000000005 	 0.0003090303707149 
	 10.5298400000000001 	 0.0003053739772848 
	 10.5392349999999997 	 0.0003017242725928 
	 10.5486299999999993 	 0.0002980814592011 
	 10.5580249999999989 	 0.0002944457396717 
	 10.5674200000000003 	 0.0002908173165666 
	 10.5768149999999999 	 0.0002871963924479 
	 10.5862100000000012 	 0.0002835831698777 
	 10.5956050000000008 	 0.0002799778514179 
	 10.6050000000000004 	 0.0002763806385963 
	 10.6143949999999982 	 0.0002727917123977 
	 10.6237899999999996 	 0.0002692112349189 
	 10.6331849999999992 	 0.0002656393675546 
	 10.6425799999999988 	 0.0002620762716991 
	 10.6519749999999984 	 0.0002585221087472 
	 10.6613699999999998 	 0.0002549770400933 
	 10.6707649999999994 	 0.0002514412271320 
	 10.6801600000000008 	 0.0002479148312579 
	 10.6895550000000004 	 0.0002443980138654 
	 10.6989500000000000 	 0.0002408909363492 
	 10.7083449999999996 	 0.0002373937481094 
	 10.7177400000000009 	 0.0002339065312958 
	 10.7271349999999988 	 0.0002304293446344 
	 10.7365300000000001 	 0.0002269622468273 
	 10.7459249999999980 	 0.0002235052965768 
	 10.7553199999999993 	 0.0002200585525851 
	 10.7647149999999989 	 0.0002166220735542 
	 10.7741100000000003 	 0.0002131959181865 
	 10.7835049999999999 	 0.0002097801451840 
	 10.7928999999999995 	 0.0002063748132489 
	 10.8022949999999991 	 0.0002029799810835 
	 10.8116900000000005 	 0.0001995957073899 
	 10.8210849999999983 	 0.0001962220508703 
	 10.8304799999999997 	 0.0001928590702269 
	 10.8398749999999993 	 0.0001895068241618 
	 10.8492700000000006 	 0.0001861653713772 
	 10.8586650000000002 	 0.0001828347705753 
	 10.8680600000000016 	 0.0001795150804583 
	 10.8774549999999994 	 0.0001762063597283 
	 10.8868500000000008 	 0.0001729086670876 
	 10.8962449999999986 	 0.0001696220612383 
	 10.9056400000000000 	 0.0001663466008825 
	 10.9150349999999978 	 0.0001630823447226 
	 10.9244299999999992 	 0.0001598293514606 
	 10.9338249999999988 	 0.0001565876797987 
	 10.9432200000000002 	 0.0001533573884391 
	 10.9526149999999998 	 0.0001501385360840 
	 10.9620100000000011 	 0.0001469311814356 
	 10.9714049999999990 	 0.0001437353831960 
	 10.9808000000000003 	 0.0001405512000675 
	 10.9901949999999999 	 0.0001373786907521 
	 10.9995899999999995 	 0.0001342179139521 
	 11.0089849999999991 	 0.0001310689204144 
	 11.0183800000000005 	 0.0001279317246084 
	 11.0277750000000001 	 0.0001248063306686 
	 11.0371700000000015 	 0.0001216927427284 
	 11.0465649999999993 	 0.0001185909649215 
	 11.0559600000000007 	 0.0001155010013814 
	 11.0653549999999985 	 0.0001124228562417 
	 11.0747499999999999 	 0.0001093565336360 
	 11.0841449999999995 	 0.0001063020376979 
	 11.0935399999999991 	 0.0001032593725610 
	 11.1029349999999987 	 0.0001002285424151 
	 11.1123300000000000 	 0.0000972095553996 
	 11.1217249999999996 	 0.0000942024261291 
	 11.1311200000000010 	 0.0000912071698183 
	 11.1405150000000006 	 0.0000882238016820 
	 11.1499100000000002 	 0.0000852523369350 
	 11.1593049999999998 	 0.0000822927907920 
	 11.1687000000000012 	 0.0000793451784680 
	 11.1780949999999990 	 0.0000764095151778 
	 11.1874900000000004 	 0.0000734858161360 
	 11.1968849999999982 	 0.0000705740965576 
	 11.2062799999999996 	 0.0000676743716573 
	 11.2156749999999992 	 0.0000647866566499 
	 11.2250700000000005 	 0.0000619109667502 
	 11.2344650000000001 	 0.0000590473171732 
	 11.2438599999999997 	 0.0000561957231334 
	 11.2532549999999993 	 0.0000533561998458 
	 11.2626500000000007 	 0.0000505287625252 
	 11.2720449999999985 	 0.0000477134263863 
	 11.2814399999999999 	 0.0000449102066439 
	 11.2908350000000013 	 0.0000421191185130 
	 11.3002300000000009 	 0.0000393401772082 
	 11.3096250000000005 	 0.0000365733979444 
	 11.3190200000000019 	 0.0000338187959363 
	 11.3284149999999997 	 0.0000310763863989 
	 11.3378100000000011 	 0.0000283461845468 
	 11.3472049999999989 	 0.0000256282055949 
	 11.3566000000000003 	 0.0000229224647580 
	 11.3659949999999981 	 0.0000202289772509 
	 11.3753899999999994 	 0.0000175477582884 
	 11.3847850000000008 	 0.0000148788230853 
	 11.3941800000000004 	 0.0000122221868565 
	 11.4035750000000000 	 0.0000095778647042 
	 11.4129700000000014 	 0.0000069458668124 
	 11.4223649999999992 	 0.0000043261966390 
	 11.4317600000000006 	 0.0000017188571569 
	 11.4411550000000002 	 -0.0000008761486609 
	 11.4505499999999998 	 -0.0000034588178417 
	 11.4599449999999994 	 -0.0000060291474124 
	 11.4693400000000025 	 -0.0000085871344002 
	 11.4787350000000004 	 -0.0000111327758321 
	 11.4881300000000017 	 -0.0000136660687354 
	 11.4975249999999996 	 -0.0000161870101370 
	 11.5069200000000009 	 -0.0000186955966160 
	 11.5163149999999987 	 -0.0000211918206724 
	 11.5257100000000001 	 -0.0000236756726268 
	 11.5351049999999997 	 -0.0000261471427796 
	 11.5444999999999993 	 -0.0000286062214310 
	 11.5538950000000007 	 -0.0000310528988813 
	 11.5632900000000021 	 -0.0000334871654306 
	 11.5726849999999999 	 -0.0000359090113794 
	 11.5820800000000013 	 -0.0000383184270277 
	 11.5914750000000009 	 -0.0000407154026760 
	 11.6008700000000005 	 -0.0000430999286296 
	 11.6102650000000001 	 -0.0000454720037806 
	 11.6196600000000014 	 -0.0000478316530939 
	 11.6290549999999993 	 -0.0000501789064645 
	 11.6384500000000006 	 -0.0000525137937878 
	 11.6478450000000002 	 -0.0000548363449590 
	 11.6572400000000016 	 -0.0000571465898733 
	 11.6666349999999994 	 -0.0000594445584259 
	 11.6760300000000008 	 -0.0000617302805121 
	 11.6854250000000004 	 -0.0000640037860270 
	 11.6948200000000000 	 -0.0000662651048658 
	 11.7042149999999996 	 -0.0000685142665983 
	 11.7136100000000010 	 -0.0000707512911350 
	 11.7230049999999988 	 -0.0000729761873414 
	 11.7324000000000002 	 -0.0000751889634790 
	 11.7417950000000015 	 -0.0000773896278089 
	 11.7511900000000011 	 -0.0000795781885924 
	 11.7605850000000007 	 -0.0000817546540910 
	 11.7699800000000021 	 -0.0000839190325657 
	 11.7793749999999999 	 -0.0000860713322780 
	 11.7887699999999978 	 -0.0000882115614891 
	 11.7981649999999991 	 -0.0000903397284603 
	 11.8075599999999987 	 -0.0000924558414529 
	 11.8169549999999983 	 -0.0000945599087282 
	 11.8263499999999997 	 -0.0000966519385474 
	 11.8357450000000011 	 -0.0000987319391719 
	 11.8451399999999989 	 -0.0001007999188630 
	 11.8545350000000003 	 -0.0001028558858818 
	 11.8639299999999999 	 -0.0001048998484898 
	 11.8733249999999995 	 -0.0001069318149482 
	 11.8827199999999991 	 -0.0001089517935183 
	 11.8921150000000004 	 -0.0001109597924613 
	 11.9015099999999983 	 -0.0001129558200515 
	 11.9109049999999996 	 -0.0001149398893453 
	 11.9202999999999992 	 -0.0001169120253229 
	 11.9296950000000006 	 -0.0001188722547916 
	 11.9390899999999984 	 -0.0001208206045589 
	 11.9484849999999998 	 -0.0001227571014321 
	 11.9578799999999994 	 -0.0001246817722187 
	 11.9672749999999990 	 -0.0001265946437260 
	 11.9766699999999986 	 -0.0001284957427614 
	 11.9860650000000000 	 -0.0001303850961324 
	 11.9954599999999978 	 -0.0001322627306462 
	 12.0048550000000009 	 -0.0001341286731104 
	 12.0142500000000005 	 -0.0001359829503324 
	 12.0236450000000001 	 -0.0001378255891194 
	 12.0330399999999997 	 -0.0001396566162789 
	 12.0424350000000011 	 -0.0001414760586183 
	 12.0518299999999989 	 -0.0001432839429451 
	 12.0612250000000003 	 -0.0001450802960665 
	 12.0706199999999981 	 -0.0001468651447900 
	 12.0800149999999995 	 -0.0001486385159230 
	 12.0894099999999991 	 -0.0001504004362729 
	 12.0988050000000005 	 -0.0001521509326471 
	 12.1082000000000001 	 -0.0001538900336763 
	 12.1175949999999997 	 -0.0001556177787118 
	 12.1269899999999993 	 -0.0001573342110095 
	 12.1363850000000006 	 -0.0001590393738313 
	 12.1457799999999985 	 -0.0001607333104389 
	 12.1551749999999998 	 -0.0001624160640942 
	 12.1645699999999994 	 -0.0001640876780588 
	 12.1739649999999990 	 -0.0001657481955946 
	 12.1833600000000004 	 -0.0001673976599633 
	 12.1927550000000018 	 -0.0001690361144267 
	 12.2021499999999996 	 -0.0001706636022361 
	 12.2115450000000010 	 -0.0001722801650543 
	 12.2209399999999988 	 -0.0001738858412741 
	 12.2303350000000002 	 -0.0001754806688854 
	 12.2397299999999980 	 -0.0001770646858781 
	 12.2491249999999994 	 -0.0001786379302419 
	 12.2585199999999990 	 -0.0001802004399668 
	 12.2679150000000003 	 -0.0001817522530425 
	 12.2773099999999999 	 -0.0001832934074589 
	 12.2867050000000013 	 -0.0001848239412059 
	 12.2960999999999991 	 -0.0001863438922733 
	 12.3054950000000005 	 -0.0001878532986510 
	 12.3148900000000001 	 -0.0001893521983287 
	 12.3242849999999997 	 -0.0001908406292965 
	 12.3336799999999993 	 -0.0001923186295440 
	 12.3430750000000007 	 -0.0001937862370612 
	 12.3524700000000003 	 -0.0001952434898378 
	 12.3618650000000017 	 -0.0001966904258639 
	 12.3712599999999995 	 -0.0001981270831291 
	 12.3806550000000009 	 -0.0001995534996233 
	 12.3900499999999987 	 -0.0002009697133364 
	 12.3994450000000001 	 -0.0002023757622583 
	 12.4088399999999996 	 -0.0002037716873836 
	 12.4182349999999992 	 -0.0002051575440626 
	 12.4276299999999988 	 -0.0002065333919274 
	 12.4370250000000002 	 -0.0002078992906108 
	 12.4464199999999998 	 -0.0002092552997457 
	 12.4558150000000012 	 -0.0002106014789650 
	 12.4652100000000008 	 -0.0002119378879015 
	 12.4746050000000004 	 -0.0002132645861881 
	 12.4840000000000000 	 -0.0002145816334577 
	 12.4933950000000014 	 -0.0002158890893431 
	 12.5027899999999992 	 -0.0002171870135098 
	 12.5121850000000006 	 -0.0002184754682177 
	 12.5215799999999984 	 -0.0002197545201596 
	 12.5309750000000015 	 -0.0002210242364624 
	 12.5403699999999994 	 -0.0002222846842532 
	 12.5497650000000007 	 -0.0002235359306588 
	 12.5591600000000003 	 -0.0002247780428063 
	 12.5685549999999999 	 -0.0002260110878226 
	 12.5779499999999995 	 -0.0002272351328346 
	 12.5873450000000009 	 -0.0002284502449694 
	 12.5967399999999987 	 -0.0002296564913539 
	 12.6061350000000001 	 -0.0002308539391150 
	 12.6155299999999997 	 -0.0002320426553797 
	 12.6249250000000011 	 -0.0002332227072750 
	 12.6343200000000007 	 -0.0002343941619277 
	 12.6437150000000020 	 -0.0002355570864650 
	 12.6531099999999999 	 -0.0002367115480137 
	 12.6625050000000012 	 -0.0002378576137008 
	 12.6718999999999991 	 -0.0002389953506532 
	 12.6812950000000004 	 -0.0002401248259980 
	 12.6906899999999982 	 -0.0002412461068620 
	 12.7000849999999996 	 -0.0002423592603722 
	 12.7094800000000010 	 -0.0002434643536557 
	 12.7188750000000006 	 -0.0002445614538392 
	 12.7282700000000002 	 -0.0002456506280499 
	 12.7376650000000016 	 -0.0002467319434147 
	 12.7470599999999994 	 -0.0002478054670605 
	 12.7564550000000008 	 -0.0002488712661142 
	 12.7658500000000004 	 -0.0002499294077029 
	 12.7752450000000000 	 -0.0002509799589535 
	 12.7846399999999996 	 -0.0002520229869930 
	 12.7940350000000009 	 -0.0002530585589482 
	 12.8034300000000005 	 -0.0002540867420155 
	 12.8128250000000019 	 -0.0002551076067326 
	 12.8222199999999997 	 -0.0002561212283974 
	 12.8316150000000011 	 -0.0002571276826717 
	 12.8410099999999989 	 -0.0002581270452176 
	 12.8504050000000003 	 -0.0002591193916969 
	 12.8597999999999999 	 -0.0002601047977716 
	 12.8691949999999995 	 -0.0002610833391035 
	 12.8785899999999991 	 -0.0002620550913546 
	 12.8879850000000022 	 -0.0002630201301869 
	 12.8973800000000001 	 -0.0002639785312622 
	 12.9067750000000014 	 -0.0002649303702425 
	 12.9161700000000010 	 -0.0002658757227897 
	 12.9255650000000006 	 -0.0002668146645657 
	 12.9349600000000002 	 -0.0002677472712324 
	 12.9443550000000016 	 -0.0002686736184518 
	 12.9537499999999994 	 -0.0002695937818858 
	 12.9631449999999973 	 -0.0002705078371963 
	 12.9725400000000004 	 -0.0002714158600452 
	 12.9819350000000000 	 -0.0002723179260944 
	 12.9913299999999996 	 -0.0002732141110059 
	 13.0007249999999992 	 -0.0002741044904400 
	 13.0101200000000006 	 -0.0002749891356260 
	 13.0195149999999984 	 -0.0002758681037136 
	 13.0289099999999998 	 -0.0002767414490621 
	 13.0383049999999994 	 -0.0002776092260308 
	 13.0476999999999990 	 -0.0002784714889791 
	 13.0570950000000003 	 -0.0002793282922664 
	 13.0664900000000017 	 -0.0002801796902519 
	 13.0758849999999995 	 -0.0002810257372950 
	 13.0852800000000009 	 -0.0002818664877551 
	 13.0946749999999987 	 -0.0002827019959914 
	 13.1040700000000001 	 -0.0002835323163634 
	 13.1134649999999979 	 -0.0002843575032303 
	 13.1228599999999993 	 -0.0002851776109516 
	 13.1322549999999989 	 -0.0002859926938865 
	 13.1416499999999985 	 -0.0002868028063944 
	 13.1510449999999999 	 -0.0002876080028347 
	 13.1604400000000012 	 -0.0002884083375666 
	 13.1698349999999991 	 -0.0002892038649495 
	 13.1792300000000004 	 -0.0002899946393428 
	 13.1886250000000000 	 -0.0002907807151057 
	 13.1980199999999996 	 -0.0002915621465977 
	 13.2074149999999992 	 -0.0002923389881781 
	 13.2168100000000006 	 -0.0002931112942062 
	 13.2262049999999984 	 -0.0002938791190414 
	 13.2356000000000016 	 -0.0002946425170429 
	 13.2449949999999994 	 -0.0002954015425702 
	 13.2543900000000008 	 -0.0002961562499826 
	 13.2637849999999986 	 -0.0002969066936394 
	 13.2731800000000000 	 -0.0002976529279000 
	 13.2825749999999996 	 -0.0002983950071236 
	 13.2919699999999992 	 -0.0002991329856697 
	 13.3013649999999988 	 -0.0002998669178801 
	 13.3107600000000001 	 -0.0003005968496100 
	 13.3201549999999980 	 -0.0003013228046002 
	 13.3295500000000011 	 -0.0003020448030352 
	 13.3389450000000007 	 -0.0003027628650994 
	 13.3483400000000003 	 -0.0003034770109774 
	 13.3577349999999999 	 -0.0003041872608537 
	 13.3671300000000013 	 -0.0003048936349126 
	 13.3765249999999991 	 -0.0003055961533387 
	 13.3859200000000005 	 -0.0003062948363164 
	 13.3953149999999983 	 -0.0003069897040303 
	 13.4047099999999997 	 -0.0003076807766298 
	 13.4141049999999993 	 -0.0003083680734672 
	 13.4235000000000007 	 -0.0003090516131000 
	 13.4328950000000003 	 -0.0003097314140514 
	 13.4422899999999998 	 -0.0003104074948446 
	 13.4516849999999994 	 -0.0003110798740027 
	 13.4610800000000008 	 -0.0003117485700489 
	 13.4704749999999986 	 -0.0003124136015065 
	 13.4798700000000000 	 -0.0003130749868986 
	 13.4892649999999996 	 -0.0003137327447484 
	 13.4986599999999992 	 -0.0003143868935791 
	 13.5080550000000006 	 -0.0003150374519139 
	 13.5174500000000020 	 -0.0003156844382759 
	 13.5268449999999998 	 -0.0003163278711884 
	 13.5362400000000012 	 -0.0003169677691746 
	 13.5456349999999990 	 -0.0003176041507575 
	 13.5550300000000004 	 -0.0003182370344605 
	 13.5644249999999982 	 -0.0003188664388067 
	 13.5738199999999996 	 -0.0003194923823193 
	 13.5832149999999992 	 -0.0003201148835215 
	 13.5926100000000005 	 -0.0003207339609364 
	 13.6020050000000001 	 -0.0003213496330873 
	 13.6114000000000015 	 -0.0003219619184974 
	 13.6207949999999993 	 -0.0003225708356898 
	 13.6301900000000007 	 -0.0003231764031876 
	 13.6395850000000003 	 -0.0003237786395142 
	 13.6489799999999999 	 -0.0003243775631927 
	 13.6583749999999995 	 -0.0003249731927463 
	 13.6677700000000009 	 -0.0003255655466981 
	 13.6771649999999987 	 -0.0003261546435714 
	 13.6865600000000018 	 -0.0003267405018894 
	 13.6959549999999997 	 -0.0003273231401751 
	 13.7053500000000010 	 -0.0003279025766924 
	 13.7147449999999989 	 -0.0003284788253103 
	 13.7241400000000002 	 -0.0003290518962322 
	 13.7335349999999998 	 -0.0003296217995495 
	 13.7429299999999994 	 -0.0003301885453537 
	 13.7523249999999990 	 -0.0003307521437362 
	 13.7617200000000004 	 -0.0003313126047882 
	 13.7711150000000000 	 -0.0003318699386012 
	 13.7805100000000014 	 -0.0003324241552665 
	 13.7899050000000010 	 -0.0003329752648756 
	 13.7993000000000006 	 -0.0003335232775199 
	 13.8086950000000002 	 -0.0003340682040470 
	 13.8180900000000015 	 -0.0003346100590914 
	 13.8274849999999994 	 -0.0003351488584696 
	 13.8368800000000007 	 -0.0003356846179984 
	 13.8462749999999986 	 -0.0003362173534949 
	 13.8556699999999999 	 -0.0003367470807759 
	 13.8650649999999995 	 -0.0003372738156583 
	 13.8744600000000009 	 -0.0003377975739591 
	 13.8838550000000005 	 -0.0003383183714953 
	 13.8932500000000001 	 -0.0003388362240836 
	 13.9026449999999997 	 -0.0003393511475412 
	 13.9120400000000011 	 -0.0003398631576848 
	 13.9214349999999989 	 -0.0003403722703315 
	 13.9308300000000003 	 -0.0003408785012981 
	 13.9402249999999999 	 -0.0003413818664015 
	 13.9496200000000012 	 -0.0003418823814588 
	 13.9590150000000008 	 -0.0003423800622868 
	 13.9684100000000022 	 -0.0003428749247024 
	 13.9778050000000000 	 -0.0003433669845226 
	 13.9872000000000014 	 -0.0003438562575643 
	 13.9965949999999992 	 -0.0003443427596444 
	 14.0059900000000006 	 -0.0003448265063880 
	 14.0153849999999984 	 -0.0003453075109364 
	 14.0247799999999998 	 -0.0003457857846996 
	 14.0341750000000012 	 -0.0003462613390524 
	 14.0435700000000008 	 -0.0003467341853693 
	 14.0529650000000004 	 -0.0003472043350252 
	 14.0623600000000017 	 -0.0003476717993949 
	 14.0717549999999996 	 -0.0003481365898529 
	 14.0811500000000009 	 -0.0003485987177742 
	 14.0905450000000005 	 -0.0003490581945333 
	 14.0999400000000001 	 -0.0003495150315050 
	 14.1093349999999997 	 -0.0003499692400641 
	 14.1187300000000011 	 -0.0003504208315853 
	 14.1281250000000007 	 -0.0003508698174433 
	 14.1375199999999985 	 -0.0003513162090128 
	 14.1469149999999999 	 -0.0003517600176686 
	 14.1563099999999995 	 -0.0003522012547854 
	 14.1657049999999991 	 -0.0003526399317380 
	 14.1750999999999987 	 -0.0003530760599010 
	 14.1844950000000001 	 -0.0003535096506492 
	 14.1938899999999979 	 -0.0003539407153573 
	 14.2032849999999993 	 -0.0003543692654001 
	 14.2126800000000006 	 -0.0003547953121522 
	 14.2220750000000002 	 -0.0003552188669885 
	 14.2314699999999998 	 -0.0003556399412836 
	 14.2408650000000012 	 -0.0003560585464123 
	 14.2502599999999990 	 -0.0003564746937492 
	 14.2596550000000004 	 -0.0003568883946692 
	 14.2690499999999982 	 -0.0003572996605470 
	 14.2784449999999996 	 -0.0003577085027573 
	 14.2878399999999974 	 -0.0003581149326748 
	 14.2972350000000006 	 -0.0003585189616742 
	 14.3066300000000002 	 -0.0003589206019255 
	 14.3160249999999998 	 -0.0003593198736470 
	 14.3254199999999994 	 -0.0003597168017324 
	 14.3348150000000008 	 -0.0003601114111332 
	 14.3442099999999986 	 -0.0003605037268008 
	 14.3536049999999999 	 -0.0003608937736867 
	 14.3629999999999995 	 -0.0003612815767425 
	 14.3723949999999991 	 -0.0003616671609195 
	 14.3817899999999987 	 -0.0003620505511692 
	 14.3911850000000019 	 -0.0003624317724432 
	 14.4005799999999997 	 -0.0003628108496916 
	 14.4099750000000011 	 -0.0003631878019021 
	 14.4193699999999989 	 -0.0003635626282287 
	 14.4287650000000003 	 -0.0003639353237074 
	 14.4381599999999981 	 -0.0003643058833741 
	 14.4475549999999995 	 -0.0003646743022647 
	 14.4569499999999991 	 -0.0003650405754151 
	 14.4663449999999987 	 -0.0003654046978611 
	 14.4757400000000001 	 -0.0003657666646387 
	 14.4851350000000014 	 -0.0003661264707837 
	 14.4945299999999992 	 -0.0003664841113320 
	 14.5039250000000006 	 -0.0003668395815406 
	 14.5133200000000002 	 -0.0003671928844204 
	 14.5227149999999998 	 -0.0003675440325955 
	 14.5321099999999994 	 -0.0003678930392882 
	 14.5415050000000008 	 -0.0003682399177208 
	 14.5508999999999986 	 -0.0003685846811158 
	 14.5602950000000000 	 -0.0003689273426953 
	 14.5696899999999996 	 -0.0003692679156817 
	 14.5790850000000010 	 -0.0003696064132974 
	 14.5884799999999988 	 -0.0003699428487647 
	 14.5978750000000002 	 -0.0003702772353059 
	 14.6072699999999998 	 -0.0003706095861433 
	 14.6166649999999994 	 -0.0003709399144993 
	 14.6260599999999990 	 -0.0003712682335962 
	 14.6354550000000003 	 -0.0003715945566563 
	 14.6448499999999981 	 -0.0003719188969020 
	 14.6542450000000013 	 -0.0003722412675555 
	 14.6636400000000009 	 -0.0003725616818392 
	 14.6730350000000005 	 -0.0003728801529755 
	 14.6824300000000001 	 -0.0003731966941866 
	 14.6918250000000015 	 -0.0003735113186949 
	 14.7012199999999993 	 -0.0003738240397218 
	 14.7106150000000007 	 -0.0003741348698939 
	 14.7200099999999985 	 -0.0003744438202175 
	 14.7294049999999999 	 -0.0003747509014255 
	 14.7387999999999995 	 -0.0003750561242507 
	 14.7481950000000008 	 -0.0003753594994261 
	 14.7575900000000004 	 -0.0003756610376846 
	 14.7669850000000000 	 -0.0003759607497591 
	 14.7763799999999996 	 -0.0003762586463824 
	 14.7857750000000010 	 -0.0003765547382875 
	 14.7951699999999988 	 -0.0003768490362073 
	 14.8045650000000002 	 -0.0003771415506635 
	 14.8139599999999998 	 -0.0003774322869840 
	 14.8233549999999994 	 -0.0003777212451084 
	 14.8327500000000008 	 -0.0003780084247260 
	 14.8421450000000021 	 -0.0003782938255261 
	 14.8515400000000000 	 -0.0003785774471982 
	 14.8609350000000013 	 -0.0003788592894315 
	 14.8703299999999992 	 -0.0003791393519155 
	 14.8797250000000005 	 -0.0003794176343396 
	 14.8891199999999984 	 -0.0003796941363930 
	 14.8985149999999997 	 -0.0003799688577652 
	 14.9079099999999993 	 -0.0003802417991784 
	 14.9173049999999989 	 -0.0003805129680383 
	 14.9267000000000003 	 -0.0003807823744113 
	 14.9360950000000017 	 -0.0003810500283704 
	 14.9454899999999995 	 -0.0003813159399887 
	 14.9548850000000009 	 -0.0003815801193392 
	 14.9642800000000005 	 -0.0003818425764952 
	 14.9736750000000001 	 -0.0003821033215296 
	 14.9830699999999997 	 -0.0003823623645155 
	 14.9924650000000010 	 -0.0003826197155261 
	 15.0018600000000006 	 -0.0003828753846344 
	 15.0112550000000020 	 -0.0003831293819135 
	 15.0206499999999998 	 -0.0003833817174365 
	 15.0300450000000012 	 -0.0003836324012765 
	 15.0394399999999990 	 -0.0003838814435065 
	 15.0488350000000004 	 -0.0003841288541997 
	 15.0582300000000000 	 -0.0003843746434292 
	 15.0676249999999996 	 -0.0003846188212679 
	 15.0770199999999992 	 -0.0003848613977891 
	 15.0864150000000006 	 -0.0003851023830658 
	 15.0958100000000002 	 -0.0003853417871710 
	 15.1052050000000015 	 -0.0003855796201780 
	 15.1146000000000011 	 -0.0003858158921597 
	 15.1239950000000007 	 -0.0003860506131893 
	 15.1333900000000003 	 -0.0003862837933397 
	 15.1427850000000017 	 -0.0003865154426843 
	 15.1521799999999995 	 -0.0003867455712959 
	 15.1615750000000009 	 -0.0003869741892477 
	 15.1709699999999987 	 -0.0003872013066128 
	 15.1803650000000001 	 -0.0003874269334643 
	 15.1897599999999997 	 -0.0003876510798752 
	 15.1991550000000011 	 -0.0003878737559187 
	 15.2085500000000007 	 -0.0003880949686994 
	 15.2179450000000003 	 -0.0003883147097506 
	 15.2273399999999999 	 -0.0003885329655176 
	 15.2367350000000012 	 -0.0003887497224430 
	 15.2461299999999991 	 -0.0003889649669690 
	 15.2555250000000004 	 -0.0003891786855382 
	 15.2649200000000000 	 -0.0003893908645929 
	 15.2743150000000014 	 -0.0003896014905756 
	 15.2837100000000010 	 -0.0003898105499287 
	 15.2931050000000024 	 -0.0003900180290946 
	 15.3025000000000002 	 -0.0003902239145832 
	 15.3118949999999980 	 -0.0003904281999002 
	 15.3212899999999994 	 -0.0003906308915518 
	 15.3306849999999990 	 -0.0003908319974596 
	 15.3400799999999986 	 -0.0003910315255451 
	 15.3494749999999982 	 -0.0003912294837298 
	 15.3588699999999996 	 -0.0003914258799352 
	 15.3682649999999992 	 -0.0003916207220827 
	 15.3776600000000006 	 -0.0003918140180939 
	 15.3870550000000001 	 -0.0003920057758902 
	 15.3964499999999997 	 -0.0003921960033932 
	 15.4058449999999993 	 -0.0003923847085243 
	 15.4152400000000007 	 -0.0003925718992049 
	 15.4246349999999985 	 -0.0003927575833567 
	 15.4340299999999999 	 -0.0003929417689011 
	 15.4434249999999977 	 -0.0003931244637595 
	 15.4528200000000009 	 -0.0003933056758535 
	 15.4622149999999987 	 -0.0003934854131045 
	 15.4716100000000001 	 -0.0003936636834341 
	 15.4810049999999997 	 -0.0003938404947637 
	 15.4903999999999993 	 -0.0003940158550149 
	 15.4997949999999989 	 -0.0003941897721090 
	 15.5091900000000003 	 -0.0003943622539677 
	 15.5185849999999981 	 -0.0003945333085123 
	 15.5279799999999994 	 -0.0003947029436644 
	 15.5373750000000008 	 -0.0003948711673455 
	 15.5467700000000004 	 -0.0003950379874770 
	 15.5561650000000000 	 -0.0003952034119805 
	 15.5655600000000014 	 -0.0003953674487774 
	 15.5749549999999992 	 -0.0003955301057892 
	 15.5843500000000006 	 -0.0003956913909374 
	 15.5937449999999984 	 -0.0003958513121436 
	 15.6031399999999998 	 -0.0003960098772967 
	 15.6125349999999976 	 -0.0003961670923540 
	 15.6219299999999990 	 -0.0003963229602851 
	 15.6313250000000004 	 -0.0003964774838037 
	 15.6407200000000000 	 -0.0003966306656233 
	 15.6501149999999996 	 -0.0003967825084576 
	 15.6595100000000009 	 -0.0003969330150202 
	 15.6689049999999988 	 -0.0003970821880245 
	 15.6783000000000001 	 -0.0003972300301842 
	 15.6876949999999997 	 -0.0003973765442129 
	 15.6970899999999993 	 -0.0003975217328242 
	 15.7064849999999989 	 -0.0003976655987317 
	 15.7158800000000021 	 -0.0003978081446489 
	 15.7252749999999999 	 -0.0003979493732895 
	 15.7346700000000013 	 -0.0003980892873669 
	 15.7440649999999991 	 -0.0003982278895949 
	 15.7534600000000005 	 -0.0003983651826870 
	 15.7628549999999983 	 -0.0003985011693568 
	 15.7722499999999997 	 -0.0003986358523178 
	 15.7816449999999993 	 -0.0003987692342837 
	 15.7910399999999989 	 -0.0003989013179680 
	 15.8004350000000002 	 -0.0003990321060843 
	 15.8098300000000016 	 -0.0003991615997419 
	 15.8192249999999994 	 -0.0003992897944644 
	 15.8286200000000008 	 -0.0003994166845604 
	 15.8380150000000004 	 -0.0003995422643384 
	 15.8474100000000000 	 -0.0003996665281069 
	 15.8568049999999996 	 -0.0003997894701744 
	 15.8662000000000010 	 -0.0003999110848495 
	 15.8755949999999988 	 -0.0004000313664406 
	 15.8849900000000002 	 -0.0004001503092562 
	 15.8943849999999998 	 -0.0004002679076050 
	 15.9037800000000011 	 -0.0004003841560723 
	 15.9131749999999990 	 -0.0004004990598654 
	 15.9225700000000003 	 -0.0004006126379048 
	 15.9319649999999999 	 -0.0004007249100188 
	 15.9413599999999995 	 -0.0004008358960358 
	 15.9507549999999991 	 -0.0004009456157844 
	 15.9601500000000005 	 -0.0004010540890928 
	 15.9695449999999983 	 -0.0004011613357895 
	 15.9789400000000015 	 -0.0004012673757030 
	 15.9883350000000011 	 -0.0004013722286616 
	 15.9977300000000007 	 -0.0004014759144938 
	 16.0071249999999985 	 -0.0004015784508421 
	 16.0165199999999999 	 -0.0004016798368479 
	 16.0259150000000012 	 -0.0004017800623433 
	 16.0353100000000026 	 -0.0004018791170896 
	 16.0447050000000004 	 -0.0004019769908484 
	 16.0541000000000018 	 -0.0004020736733810 
	 16.0634949999999996 	 -0.0004021691544488 
	 16.0728900000000010 	 -0.0004022634238134 
	 16.0822849999999988 	 -0.0004023564712361 
	 16.0916800000000002 	 -0.0004024482864783 
	 16.1010749999999980 	 -0.0004025388593054 
	 16.1104699999999994 	 -0.0004026281830699 
	 16.1198650000000008 	 -0.0004027162613433 
	 16.1292600000000022 	 -0.0004028030995054 
	 16.1386550000000000 	 -0.0004028887029355 
	 16.1480500000000013 	 -0.0004029730770134 
	 16.1574449999999992 	 -0.0004030562271185 
	 16.1668400000000005 	 -0.0004031381586303 
	 16.1762349999999984 	 -0.0004032188769286 
	 16.1856299999999997 	 -0.0004032983873927 
	 16.1950249999999976 	 -0.0004033766954022 
	 16.2044200000000025 	 -0.0004034538063367 
	 16.2138150000000003 	 -0.0004035297255758 
	 16.2232100000000017 	 -0.0004036044584989 
	 16.2326049999999995 	 -0.0004036780104857 
	 16.2420000000000009 	 -0.0004037503869157 
	 16.2513949999999987 	 -0.0004038215931685 
	 16.2607900000000001 	 -0.0004038916346235 
	 16.2701850000000015 	 -0.0004039605166604 
	 16.2795799999999993 	 -0.0004040282446587 
	 16.2889750000000006 	 -0.0004040948239980 
	 16.2983700000000020 	 -0.0004041602600577 
	 16.3077649999999998 	 -0.0004042245581903 
	 16.3171600000000012 	 -0.0004042877235628 
	 16.3265549999999990 	 -0.0004043497612657 
	 16.3359500000000004 	 -0.0004044106763887 
	 16.3453449999999982 	 -0.0004044704740220 
	 16.3547399999999996 	 -0.0004045291592555 
	 16.3641349999999974 	 -0.0004045867371792 
	 16.3735299999999988 	 -0.0004046432128830 
	 16.3829250000000002 	 -0.0004046985914570 
	 16.3923200000000016 	 -0.0004047528779912 
	 16.4017150000000029 	 -0.0004048060775754 
	 16.4111100000000008 	 -0.0004048581952997 
	 16.4205050000000021 	 -0.0004049092362542 
	 16.4299000000000035 	 -0.0004049592055286 
	 16.4392950000000013 	 -0.0004050081082131 
	 16.4486900000000027 	 -0.0004050559493977 
	 16.4580850000000005 	 -0.0004051027341722 
	 16.4674800000000019 	 -0.0004051484676267 
	 16.4768749999999997 	 -0.0004051931548512 
	 16.4862699999999975 	 -0.0004052368009357 
	 16.4956649999999989 	 -0.0004052794109701 
	 16.5050599999999967 	 -0.0004053209899400 
	 16.5144549999999981 	 -0.0004053615408153 
	 16.5238499999999959 	 -0.0004054010647431 
	 16.5332449999999973 	 -0.0004054395628049 
	 16.5426399999999987 	 -0.0004054770360822 
	 16.5520349999999965 	 -0.0004055134856565 
	 16.5614300000000014 	 -0.0004055489126094 
	 16.5708250000000028 	 -0.0004055833180223 
	 16.5802200000000006 	 -0.0004056167029768 
	 16.5896150000000020 	 -0.0004056490685543 
	 16.5990099999999998 	 -0.0004056804158364 
	 16.6084050000000012 	 -0.0004057107459045 
	 16.6177999999999990 	 -0.0004057400598402 
	 16.6271950000000004 	 -0.0004057683587250 
	 16.6365899999999982 	 -0.0004057956436404 
	 16.6459849999999996 	 -0.0004058219156679 
	 16.6553799999999974 	 -0.0004058471758890 
	 16.6647749999999988 	 -0.0004058714253852 
	 16.6741700000000002 	 -0.0004058946652381 
	 16.6835649999999980 	 -0.0004059168965290 
	 16.6929599999999994 	 -0.0004059381203396 
	 16.7023550000000007 	 -0.0004059583377514 
	 16.7117499999999986 	 -0.0004059775498457 
	 16.7211449999999999 	 -0.0004059957577043 
	 16.7305400000000013 	 -0.0004060129624085 
	 16.7399350000000027 	 -0.0004060291650399 
	 16.7493300000000005 	 -0.0004060443666799 
	 16.7587250000000019 	 -0.0004060585684102 
	 16.7681199999999997 	 -0.0004060717713121 
	 16.7775150000000011 	 -0.0004060839764673 
	 16.7869099999999989 	 -0.0004060951849571 
	 16.7963050000000003 	 -0.0004061053978632 
	 16.8056999999999981 	 -0.0004061146162846 
	 16.8150949999999995 	 -0.0004061228415775 
	 16.8244899999999973 	 -0.0004061300752925 
	 16.8338849999999987 	 -0.0004061363189850 
	 16.8432800000000000 	 -0.0004061415742101 
	 16.8526749999999979 	 -0.0004061458425234 
	 16.8620699999999992 	 -0.0004061491254801 
	 16.8714650000000006 	 -0.0004061514246356 
	 16.8808599999999984 	 -0.0004061527415453 
	 16.8902549999999998 	 -0.0004061530777644 
	 16.8996499999999976 	 -0.0004061524348484 
	 16.9090450000000025 	 -0.0004061508164899 
	 16.9184400000000004 	 -0.0004061482359422 
	 16.9278350000000017 	 -0.0004061447091313 
	 16.9372299999999996 	 -0.0004061402519830 
	 16.9466250000000009 	 -0.0004061348804234 
	 16.9560199999999988 	 -0.0004061286103784 
	 16.9654150000000001 	 -0.0004061214577738 
	 16.9748100000000015 	 -0.0004061134385358 
	 16.9842049999999993 	 -0.0004061045685901 
	 16.9936000000000007 	 -0.0004060948638629 
	 17.0029950000000021 	 -0.0004060843401717 
	 17.0123899999999999 	 -0.0004060730061082 
	 17.0217850000000013 	 -0.0004060608586184 
	 17.0311799999999991 	 -0.0004060478935926 
	 17.0405750000000005 	 -0.0004060341069214 
	 17.0499699999999983 	 -0.0004060194944951 
	 17.0593649999999997 	 -0.0004060040522042 
	 17.0687599999999975 	 -0.0004059877759391 
	 17.0781549999999989 	 -0.0004059706615904 
	 17.0875500000000002 	 -0.0004059527050483 
	 17.0969450000000016 	 -0.0004059339022034 
	 17.1063399999999994 	 -0.0004059142485266 
	 17.1157350000000008 	 -0.0004058937347540 
	 17.1251299999999986 	 -0.0004058723486326 
	 17.1345250000000000 	 -0.0004058500778628 
	 17.1439200000000014 	 -0.0004058269101448 
	 17.1533149999999992 	 -0.0004058028331788 
	 17.1627100000000006 	 -0.0004057778346651 
	 17.1721050000000020 	 -0.0004057519023040 
	 17.1814999999999998 	 -0.0004057250237956 
	 17.1908950000000011 	 -0.0004056971868403 
	 17.2002899999999990 	 -0.0004056683791385 
	 17.2096850000000003 	 -0.0004056385976559 
	 17.2190799999999982 	 -0.0004056078731451 
	 17.2284749999999995 	 -0.0004055762440574 
	 17.2378699999999974 	 -0.0004055437488446 
	 17.2472649999999987 	 -0.0004055104259581 
	 17.2566599999999966 	 -0.0004054763138495 
	 17.2660550000000015 	 -0.0004054414509705 
	 17.2754500000000029 	 -0.0004054058757725 
	 17.2848450000000007 	 -0.0004053696267072 
	 17.2942400000000021 	 -0.0004053327422261 
	 17.3036350000000034 	 -0.0004052952601837 
	 17.3130300000000013 	 -0.0004052571933192 
	 17.3224250000000026 	 -0.0004052185206020 
	 17.3318200000000004 	 -0.0004051792186251 
	 17.3412150000000018 	 -0.0004051392639820 
	 17.3506099999999996 	 -0.0004050986332658 
	 17.3600050000000010 	 -0.0004050573030698 
	 17.3693999999999988 	 -0.0004050152499873 
	 17.3787950000000002 	 -0.0004049724506115 
	 17.3881899999999980 	 -0.0004049288815358 
	 17.3975849999999994 	 -0.0004048845193533 
	 17.4069799999999972 	 -0.0004048393426862 
	 17.4163749999999986 	 -0.0004047933482357 
	 17.4257699999999964 	 -0.0004047465421941 
	 17.4351649999999978 	 -0.0004046989308375 
	 17.4445600000000027 	 -0.0004046505204421 
	 17.4539550000000006 	 -0.0004046013172841 
	 17.4633500000000019 	 -0.0004045513276396 
	 17.4727450000000033 	 -0.0004045005577848 
	 17.4821400000000011 	 -0.0004044490139958 
	 17.4915350000000025 	 -0.0004043967025490 
	 17.5009300000000003 	 -0.0004043436297203 
	 17.5103250000000017 	 -0.0004042898017860 
	 17.5197199999999995 	 -0.0004042352250223 
	 17.5291150000000009 	 -0.0004041799057053 
	 17.5385099999999987 	 -0.0004041238501111 
	 17.5479050000000001 	 -0.0004040670645161 
	 17.5572999999999979 	 -0.0004040095551963 
	 17.5666949999999993 	 -0.0004039513284279 
	 17.5760900000000007 	 -0.0004038923904871 
	 17.5854849999999985 	 -0.0004038327476500 
	 17.5948799999999999 	 -0.0004037724061929 
	 17.6042750000000012 	 -0.0004037113723521 
	 17.6136700000000026 	 -0.0004036496512233 
	 17.6230650000000040 	 -0.0004035872466191 
	 17.6324600000000018 	 -0.0004035241622839 
	 17.6418550000000032 	 -0.0004034604019623 
	 17.6512500000000010 	 -0.0004033959693985 
	 17.6606449999999988 	 -0.0004033308683370 
	 17.6700400000000002 	 -0.0004032651025223 
	 17.6794349999999980 	 -0.0004031986756987 
	 17.6888299999999994 	 -0.0004031315916106 
	 17.6982249999999972 	 -0.0004030638540025 
	 17.7076199999999986 	 -0.0004029954666188 
	 17.7170150000000000 	 -0.0004029264332039 
	 17.7264099999999978 	 -0.0004028567575021 
	 17.7358049999999992 	 -0.0004027864432580 
	 17.7452000000000005 	 -0.0004027154942158 
	 17.7545949999999984 	 -0.0004026439141202 
	 17.7639899999999997 	 -0.0004025717067153 
	 17.7733849999999975 	 -0.0004024988757458 
	 17.7827799999999989 	 -0.0004024254249559 
	 17.7921750000000003 	 -0.0004023513580900 
	 17.8015700000000017 	 -0.0004022766788903 
	 17.8109649999999995 	 -0.0004022013902835 
	 17.8203600000000009 	 -0.0004021254932005 
	 17.8297549999999987 	 -0.0004020489882727 
	 17.8391500000000001 	 -0.0004019718761313 
	 17.8485450000000014 	 -0.0004018941574076 
	 17.8579399999999993 	 -0.0004018158327326 
	 17.8673350000000006 	 -0.0004017369027378 
	 17.8767300000000020 	 -0.0004016573680543 
	 17.8861249999999998 	 -0.0004015772293134 
	 17.8955200000000012 	 -0.0004014964871463 
	 17.9049149999999990 	 -0.0004014151422445 
	 17.9143100000000004 	 -0.0004013331965447 
	 17.9237049999999982 	 -0.0004012506531561 
	 17.9330999999999996 	 -0.0004011675152334 
	 17.9424949999999974 	 -0.0004010837859313 
	 17.9518899999999988 	 -0.0004009994684045 
	 17.9612849999999966 	 -0.0004009145658079 
	 17.9706800000000015 	 -0.0004008290812960 
	 17.9800749999999994 	 -0.0004007430180237 
	 17.9894700000000007 	 -0.0004006563791456 
	 17.9988649999999986 	 -0.0004005691678164 
	 18.0082599999999999 	 -0.0004004813871910 
	 18.0176550000000013 	 -0.0004003930404240 
	 18.0270499999999991 	 -0.0004003041306701 
	 18.0364450000000005 	 -0.0004002146610841 
	 18.0458400000000019 	 -0.0004001246348206 
	 18.0552349999999997 	 -0.0004000340550345 
	 18.0646300000000011 	 -0.0003999429248804 
	 18.0740249999999989 	 -0.0003998512475131 
	 18.0834200000000003 	 -0.0003997590260873 
	 18.0928149999999981 	 -0.0003996662637577 
	 18.1022099999999995 	 -0.0003995729636754 
	 18.1116049999999973 	 -0.0003994791284868 
	 18.1209999999999987 	 -0.0003993847598168 
	 18.1303949999999965 	 -0.0003992898591673 
	 18.1397899999999979 	 -0.0003991944280401 
	 18.1491850000000028 	 -0.0003990984679369 
	 18.1585800000000006 	 -0.0003990019803598 
	 18.1679750000000020 	 -0.0003989049668103 
	 18.1773700000000034 	 -0.0003988074287904 
	 18.1867650000000012 	 -0.0003987093678019 
	 18.1961600000000026 	 -0.0003986107853466 
	 18.2055550000000004 	 -0.0003985116829263 
	 18.2149500000000018 	 -0.0003984120620428 
	 18.2243449999999996 	 -0.0003983119241980 
	 18.2337400000000009 	 -0.0003982112708936 
	 18.2431349999999988 	 -0.0003981101036315 
	 18.2525300000000001 	 -0.0003980084239135 
	 18.2619249999999980 	 -0.0003979062332414 
	 18.2713199999999993 	 -0.0003978035331170 
	 18.2807149999999972 	 -0.0003977003250421 
	 18.2901099999999985 	 -0.0003975966105186 
	 18.2995049999999964 	 -0.0003974923910483 
	 18.3088999999999977 	 -0.0003973876685400 
	 18.3182949999999991 	 -0.0003972824468101 
	 18.3276900000000005 	 -0.0003971767302330 
	 18.3370850000000019 	 -0.0003970705231835 
	 18.3464800000000032 	 -0.0003969638300361 
	 18.3558750000000011 	 -0.0003968566551655 
	 18.3652700000000024 	 -0.0003967490029463 
	 18.3746650000000002 	 -0.0003966408777531 
	 18.3840600000000016 	 -0.0003965322839607 
	 18.3934549999999994 	 -0.0003964232259435 
	 18.4028500000000008 	 -0.0003963137080763 
	 18.4122449999999986 	 -0.0003962037347337 
	 18.4216400000000000 	 -0.0003960933102902 
	 18.4310349999999978 	 -0.0003959824391206 
	 18.4404299999999992 	 -0.0003958711255995 
	 18.4498250000000006 	 -0.0003957593741014 
	 18.4592199999999984 	 -0.0003956471890011 
	 18.4686149999999998 	 -0.0003955345746732 
	 18.4780100000000012 	 -0.0003954215354922 
	 18.4874049999999990 	 -0.0003953080758329 
	 18.4968000000000004 	 -0.0003951942000698 
	 18.5061950000000017 	 -0.0003950799124850 
	 18.5155900000000031 	 -0.0003949652162538 
	 18.5249850000000009 	 -0.0003948501138242 
	 18.5343800000000023 	 -0.0003947346076311 
	 18.5437750000000001 	 -0.0003946187001093 
	 18.5531700000000015 	 -0.0003945023936941 
	 18.5625649999999993 	 -0.0003943856908202 
	 18.5719600000000007 	 -0.0003942685939226 
	 18.5813549999999985 	 -0.0003941511054364 
	 18.5907499999999999 	 -0.0003940332277966 
	 18.6001449999999977 	 -0.0003939149634380 
	 18.6095399999999991 	 -0.0003937963147957 
	 18.6189350000000005 	 -0.0003936772843046 
	 18.6283299999999983 	 -0.0003935578743997 
	 18.6377249999999997 	 -0.0003934380875161 
	 18.6471200000000010 	 -0.0003933179260886 
	 18.6565149999999988 	 -0.0003931973925522 
	 18.6659100000000002 	 -0.0003930764893420 
	 18.6753050000000016 	 -0.0003929552188928 
	 18.6847000000000030 	 -0.0003928335836397 
	 18.6940950000000008 	 -0.0003927115860176 
	 18.7034900000000022 	 -0.0003925892284135 
	 18.7128850000000000 	 -0.0003924665109883 
	 18.7222800000000014 	 -0.0003923434307849 
	 18.7316749999999992 	 -0.0003922199846139 
	 18.7410700000000006 	 -0.0003920961692856 
	 18.7504650000000019 	 -0.0003919719816104 
	 18.7598599999999998 	 -0.0003918474183985 
	 18.7692550000000011 	 -0.0003917224764605 
	 18.7786500000000025 	 -0.0003915971526066 
	 18.7880450000000003 	 -0.0003914714436472 
	 18.7974400000000017 	 -0.0003913453463927 
	 18.8068349999999995 	 -0.0003912188580573 
	 18.8162300000000009 	 -0.0003910919796471 
	 18.8256249999999987 	 -0.0003909647142440 
	 18.8350199999999965 	 -0.0003908370649516 
	 18.8444149999999979 	 -0.0003907090348732 
	 18.8538099999999993 	 -0.0003905806271122 
	 18.8632050000000007 	 -0.0003904518447719 
	 18.8725999999999985 	 -0.0003903226909557 
	 18.8819949999999999 	 -0.0003901931687671 
	 18.8913900000000012 	 -0.0003900632813094 
	 18.9007849999999991 	 -0.0003899330316859 
	 18.9101800000000004 	 -0.0003898024230001 
	 18.9195750000000018 	 -0.0003896714583552 
	 18.9289699999999996 	 -0.0003895401408548 
	 18.9383650000000010 	 -0.0003894084736022 
	 18.9477599999999988 	 -0.0003892764597006 
	 18.9571550000000002 	 -0.0003891441022537 
	 18.9665499999999980 	 -0.0003890114043646 
	 18.9759449999999994 	 -0.0003888783691368 
	 18.9853399999999972 	 -0.0003887449996736 
	 18.9947349999999986 	 -0.0003886112990785 
	 19.0041299999999964 	 -0.0003884772704548 
	 19.0135249999999978 	 -0.0003883429169059 
	 19.0229199999999992 	 -0.0003882082415351 
	 19.0323150000000005 	 -0.0003880732474459 
	 19.0417100000000019 	 -0.0003879379377416 
	 19.0511050000000033 	 -0.0003878023155256 
	 19.0605000000000011 	 -0.0003876663839012 
	 19.0698950000000025 	 -0.0003875301459719 
	 19.0792900000000003 	 -0.0003873936048410 
	 19.0886850000000017 	 -0.0003872567636120 
	 19.0980799999999995 	 -0.0003871196253880 
	 19.1074750000000009 	 -0.0003869821930976 
	 19.1168699999999987 	 -0.0003868444683567 
	 19.1262650000000001 	 -0.0003867064521859 
	 19.1356599999999979 	 -0.0003865681456029 
	 19.1450549999999993 	 -0.0003864295496255 
	 19.1544499999999971 	 -0.0003862906652712 
	 19.1638449999999985 	 -0.0003861514935578 
	 19.1732399999999963 	 -0.0003860120355029 
	 19.1826349999999977 	 -0.0003858722921242 
	 19.1920299999999990 	 -0.0003857322644394 
	 19.2014249999999969 	 -0.0003855919534662 
	 19.2108200000000018 	 -0.0003854513602222 
	 19.2202150000000032 	 -0.0003853104857251 
	 19.2296100000000010 	 -0.0003851693309927 
	 19.2390050000000024 	 -0.0003850278970425 
	 19.2484000000000002 	 -0.0003848861848922 
	 19.2577950000000016 	 -0.0003847441955596 
	 19.2671899999999994 	 -0.0003846019300623 
	 19.2765850000000007 	 -0.0003844593894179 
	 19.2859799999999986 	 -0.0003843165746442 
	 19.2953749999999999 	 -0.0003841734867589 
	 19.3047699999999978 	 -0.0003840301268660 
	 19.3141649999999991 	 -0.0003838864979878 
	 19.3235600000000005 	 -0.0003837426050263 
	 19.3329549999999983 	 -0.0003835984529625 
	 19.3423499999999997 	 -0.0003834540467773 
	 19.3517450000000011 	 -0.0003833093914515 
	 19.3611399999999989 	 -0.0003831644919660 
	 19.3705350000000003 	 -0.0003830193533018 
	 19.3799300000000017 	 -0.0003828739804397 
	 19.3893250000000030 	 -0.0003827283783606 
	 19.3987200000000009 	 -0.0003825825520453 
	 19.4081150000000022 	 -0.0003824365064749 
	 19.4175100000000000 	 -0.0003822902466301 
	 19.4269050000000014 	 -0.0003821437774920 
	 19.4362999999999992 	 -0.0003819971040412 
	 19.4456950000000006 	 -0.0003818502312589 
	 19.4550899999999984 	 -0.0003817031641257 
	 19.4644849999999998 	 -0.0003815559076227 
	 19.4738799999999976 	 -0.0003814084667308 
	 19.4832749999999990 	 -0.0003812608464307 
	 19.4926700000000004 	 -0.0003811130517035 
	 19.5020649999999982 	 -0.0003809650875002 
	 19.5114599999999996 	 -0.0003808169538086 
	 19.5208550000000010 	 -0.0003806686401378 
	 19.5302499999999988 	 -0.0003805201346670 
	 19.5396450000000002 	 -0.0003803714255755 
	 19.5490399999999980 	 -0.0003802225010423 
	 19.5584349999999993 	 -0.0003800733492467 
	 19.5678300000000007 	 -0.0003799239583678 
	 19.5772250000000021 	 -0.0003797743165850 
	 19.5866199999999999 	 -0.0003796244120773 
	 19.5960150000000013 	 -0.0003794742330239 
	 19.6054099999999991 	 -0.0003793237681843 
	 19.6148050000000005 	 -0.0003791730158877 
	 19.6242000000000019 	 -0.0003790219823126 
	 19.6335949999999997 	 -0.0003788706738698 
	 19.6429900000000011 	 -0.0003787190969696 
	 19.6523850000000024 	 -0.0003785672580228 
	 19.6617800000000003 	 -0.0003784151634399 
	 19.6711750000000016 	 -0.0003782628196314 
	 19.6805699999999995 	 -0.0003781102330078 
	 19.6899650000000008 	 -0.0003779574099798 
	 19.6993599999999986 	 -0.0003778043569579 
	 19.7087550000000000 	 -0.0003776510803526 
	 19.7181499999999978 	 -0.0003774975865746 
	 19.7275449999999992 	 -0.0003773438820343 
	 19.7369400000000006 	 -0.0003771899731424 
	 19.7463350000000020 	 -0.0003770358663093 
	 19.7557299999999998 	 -0.0003768815679458 
	 19.7651250000000012 	 -0.0003767270844622 
	 19.7745199999999990 	 -0.0003765724222692 
	 19.7839150000000004 	 -0.0003764175877773 
	 19.7933100000000017 	 -0.0003762625873972 
	 19.8027049999999996 	 -0.0003761074275134 
	 19.8121000000000009 	 -0.0003759521123027 
	 19.8214950000000023 	 -0.0003757966420745 
	 19.8308900000000001 	 -0.0003756410167474 
	 19.8402850000000015 	 -0.0003754852362402 
	 19.8496799999999993 	 -0.0003753293004717 
	 19.8590750000000007 	 -0.0003751732093606 
	 19.8684699999999985 	 -0.0003750169628257 
	 19.8778649999999999 	 -0.0003748605607856 
	 19.8872599999999977 	 -0.0003747040031592 
	 19.8966549999999991 	 -0.0003745472898652 
	 19.9060499999999969 	 -0.0003743904208223 
	 19.9154450000000018 	 -0.0003742333959493 
	 19.9248400000000032 	 -0.0003740762151649 
	 19.9342350000000010 	 -0.0003739188783879 
	 19.9436300000000024 	 -0.0003737613855369 
	 19.9530250000000038 	 -0.0003736037365308 
	 19.9624200000000016 	 -0.0003734459312883 
	 19.9718150000000030 	 -0.0003732879697281 
	 19.9812100000000008 	 -0.0003731298517690 
	 19.9906050000000022 	 -0.0003729715773297 
	 20.0000000000000000 	 -0.0003728131463290 
