	 1.2100000000000000 	 1.8523116613950001 
	 1.2193950000000000 	 1.7901144451256075 
	 1.2287900000000000 	 1.7289274389244835 
	 1.2381850000000001 	 1.6687462103090698 
	 1.2475799999999999 	 1.6095594403931559 
	 1.2569750000000002 	 1.5513530588985747 
	 1.2663700000000000 	 1.4941109996876298 
	 1.2757650000000000 	 1.4378167743642940 
	 1.2851600000000001 	 1.3824524326060279 
	 1.2945550000000001 	 1.3280014818038641 
	 1.3039499999999999 	 1.2744498514334033 
	 1.3133450000000000 	 1.2217767812845506 
	 1.3227400000000000 	 1.1699660869385058 
	 1.3321350000000001 	 1.1190203706468156 
	 1.3415300000000001 	 1.0689436787472433 
	 1.3509249999999999 	 1.0197096262917740 
	 1.3603200000000000 	 0.9712906197778551 
	 1.3697150000000000 	 0.9238040961476230 
	 1.3791099999999998 	 0.8771726502548487 
	 1.3885049999999999 	 0.8312878249660681 
	 1.3978999999999999 	 0.7861594666815782 
	 1.4072950000000000 	 0.7418366265176723 
	 1.4166900000000000 	 0.6983628650358550 
	 1.4260850000000000 	 0.6557295326619541 
	 1.4354799999999999 	 0.6139266304812644 
	 1.4448749999999999 	 0.5729639368703262 
	 1.4542700000000000 	 0.5328494941351813 
	 1.4636650000000000 	 0.4935893596452330 
	 1.4730600000000000 	 0.4551909248297585 
	 1.4824550000000001 	 0.4176634125360904 
	 1.4918499999999999 	 0.3810160884210778 
	 1.5012450000000002 	 0.3452580820391498 
	 1.5106400000000000 	 0.3103982343135797 
	 1.5200350000000000 	 0.2764461788932656 
	 1.5294300000000001 	 0.2434142655257834 
	 1.5388250000000001 	 0.2113153971732291 
	 1.5482200000000002 	 0.1801611064537414 
	 1.5576150000000002 	 0.1499549220157461 
	 1.5670099999999998 	 0.1206974748560175 
	 1.5764049999999998 	 0.0923931801142041 
	 1.5857999999999999 	 0.0650881647526900 
	 1.5951949999999999 	 0.0388499612462942 
	 1.6045900000000000 	 0.0136658789302828 
	 1.6139850000000000 	 -0.0105453975448980 
	 1.6233799999999998 	 -0.0338141937864067 
	 1.6327749999999999 	 -0.0561058094473453 
	 1.6421699999999999 	 -0.0773816018559606 
	 1.6515649999999999 	 -0.0976029908830894 
	 1.6609600000000000 	 -0.1167526121902182 
	 1.6703550000000000 	 -0.1348457280260331 
	 1.6797499999999999 	 -0.1518588478176134 
	 1.6891450000000001 	 -0.1677964731701699 
	 1.6985399999999999 	 -0.1826685245381273 
	 1.7079350000000000 	 -0.1964681858428356 
	 1.7173300000000000 	 -0.2091831549793983 
	 1.7267250000000001 	 -0.2208018593243187 
	 1.7361199999999999 	 -0.2313198864269365 
	 1.7455150000000001 	 -0.2407366255326318 
	 1.7549100000000000 	 -0.2490476406385880 
	 1.7643049999999998 	 -0.2562460065371537 
	 1.7736999999999998 	 -0.2623398767798907 
	 1.7830949999999999 	 -0.2672929711889252 
	 1.7924899999999999 	 -0.2710952725378624 
	 1.8018850000000000 	 -0.2738299858753050 
	 1.8112800000000000 	 -0.2754540727609376 
	 1.8206750000000000 	 -0.2759368856685160 
	 1.8300700000000001 	 -0.2753222737253982 
	 1.8394650000000001 	 -0.2736425231654140 
	 1.8488600000000002 	 -0.2708364936807166 
	 1.8582550000000002 	 -0.2668202046278608 
	 1.8676499999999998 	 -0.2616234795802376 
	 1.8770449999999999 	 -0.2558842621636591 
	 1.8864399999999999 	 -0.2489845330549533 
	 1.8958349999999999 	 -0.2405200114426725 
	 1.9052300000000000 	 -0.2307473388836455 
	 1.9146250000000000 	 -0.2199250378053964 
	 1.9240199999999998 	 -0.2081254934783536 
	 1.9334150000000001 	 -0.1952325966365820 
	 1.9428099999999999 	 -0.1811913261993756 
	 1.9522050000000000 	 -0.1660461458681022 
	 1.9616000000000000 	 -0.1498284480543092 
	 1.9709950000000001 	 -0.1325276232920976 
	 1.9803900000000001 	 -0.1141367151393246 
	 1.9897850000000001 	 -0.0946697122115654 
	 1.9991800000000000 	 -0.0741306063163581 
	 2.0085750000000000 	 -0.0525260936091887 
	 2.0179700000000000 	 -0.0298643326320709 
	 2.0273649999999996 	 -0.0061521350677507 
	 2.0367600000000001 	 0.0186042138413225 
	 2.0461549999999997 	 0.0443981062704477 
	 2.0555499999999998 	 0.0712190082819686 
	 2.0649449999999998 	 0.0990539901075657 
	 2.0743399999999999 	 0.1278943903371117 
	 2.0837349999999999 	 0.1577330900234926 
	 2.0931299999999999 	 0.1885602604451973 
	 2.1025250000000000 	 0.2203644167239281 
	 2.1119199999999996 	 0.2531341118917934 
	 2.1213150000000001 	 0.2868604218751499 
	 2.1307099999999997 	 0.3215310583952107 
	 2.1401050000000001 	 0.3571330777257626 
	 2.1494999999999997 	 0.3936530820634663 
	 2.1588950000000002 	 0.4310775831810477 
	 2.1682899999999998 	 0.4693930928512184 
	 2.1776850000000003 	 0.5085861228467047 
	 2.1870799999999999 	 0.5486433766355231 
	 2.1964750000000000 	 0.5895527574362106 
	 2.2058700000000000 	 0.6312983198116247 
	 2.2152650000000000 	 0.6738628890311648 
	 2.2246600000000001 	 0.7172304659786621 
	 2.2340550000000001 	 0.7613850567099446 
	 2.2434500000000002 	 0.8063099861305693 
	 2.2528449999999998 	 0.8519888750820118 
	 2.2622400000000003 	 0.8984041530862895 
	 2.2716349999999998 	 0.9455336800569654 
	 2.2810300000000003 	 0.9933636570516120 
	 2.2904249999999999 	 1.0418901367251558 
	 2.2998200000000000 	 1.0910796726805627 
	 2.3092150000000000 	 1.1408929651510693 
	 2.3186100000000001 	 1.1912907143699141 
	 2.3280050000000001 	 1.2422475192143385 
	 2.3373999999999997 	 1.2938133434218124 
	 2.3467950000000002 	 1.3459812713995394 
	 2.3561899999999998 	 1.3987024370220629 
	 2.3655850000000003 	 1.4519290716924507 
	 2.3749799999999999 	 1.5056337244253426 
	 2.3843749999999999 	 1.5598046024542720 
	 2.3937700000000000 	 1.6144245819170460 
	 2.4031650000000000 	 1.6694702928659599 
	 2.4125600000000000 	 1.7249203784105402 
	 2.4219550000000001 	 1.7807238255645126 
	 2.4313500000000001 	 1.8368125269410287 
	 2.4407449999999997 	 1.8932091704949772 
	 2.4501400000000002 	 1.9499492854241296 
	 2.4595349999999998 	 2.0070381314614529 
	 2.4689300000000003 	 2.0643832875163333 
	 2.4783249999999999 	 2.1219486813518684 
	 2.4877199999999999 	 2.1797202679101022 
	 2.4971150000000000 	 2.2376691097329204 
	 2.5065100000000005 	 2.2957696572342332 
	 2.5159050000000001 	 2.3540014704912724 
	 2.5253000000000001 	 2.4123437659830644 
	 2.5346950000000001 	 2.4707691285177740 
	 2.5440899999999997 	 2.5292449150506395 
	 2.5534850000000002 	 2.5877501867251302 
	 2.5628799999999998 	 2.6462665391791740 
	 2.5722749999999999 	 2.7047568380703386 
	 2.5816699999999999 	 2.7631944680255214 
	 2.5910650000000000 	 2.8215860626121141 
	 2.6004600000000000 	 2.8799283701819545 
	 2.6098550000000000 	 2.9381785114675116 
	 2.6192500000000001 	 2.9962865740181401 
	 2.6286449999999997 	 3.0542072600750578 
	 2.6380400000000002 	 3.1119187462453040 
	 2.6474349999999998 	 3.1694066547651452 
	 2.6568300000000002 	 3.2266562101519272 
	 2.6662249999999998 	 3.2836488677254367 
	 2.6756200000000003 	 3.3403640927356943 
	 2.6850149999999999 	 3.3967824817304564 
	 2.6944100000000004 	 3.4528853562094466 
	 2.7038050000000000 	 3.5086516322263575 
	 2.7132000000000001 	 3.5640577558894231 
	 2.7225950000000001 	 3.6190846853585730 
	 2.7319900000000001 	 3.6737140716770309 
	 2.7413850000000002 	 3.7279220824991359 
	 2.7507800000000002 	 3.7816946040651973 
	 2.7601750000000003 	 3.8350135785165889 
	 2.7695699999999999 	 3.8878579231186738 
	 2.7789650000000004 	 3.9402192769014150 
	 2.7883599999999999 	 3.9920794216000459 
	 2.7977550000000004 	 4.0434161524595584 
	 2.8071500000000000 	 4.0942089309774747 
	 2.8165450000000001 	 4.1444502662352534 
	 2.8259399999999997 	 4.1941298787302221 
	 2.8353349999999997 	 4.2432318650071830 
	 2.8447299999999998 	 4.2917426702248562 
	 2.8541249999999998 	 4.3396507713752701 
	 2.8635199999999998 	 4.3869447203947951 
	 2.8729149999999999 	 4.4336136243092579 
	 2.8823099999999995 	 4.4796473610484853 
	 2.8917050000000000 	 4.5250358676271354 
	 2.9010999999999996 	 4.5697696869821902 
	 2.9104950000000001 	 4.6138407862543547 
	 2.9198899999999997 	 4.6572411256778121 
	 2.9292850000000001 	 4.6999619433607345 
	 2.9386799999999997 	 4.7419943233132713 
	 2.9480750000000002 	 4.7833341146186399 
	 2.9574699999999998 	 4.8239870460535199 
	 2.9668650000000003 	 4.8638452191008064 
	 2.9762599999999999 	 4.9029235954247330 
	 2.9856549999999999 	 4.9413336838825970 
	 2.9950500000000000 	 4.9791053937918131 
	 3.0044450000000000 	 5.0162053558565578 
	 3.0138400000000001 	 5.0525985914040046 
	 3.0232350000000001 	 5.0882504881397805 
	 3.0326300000000002 	 5.1231467712995720 
	 3.0420250000000002 	 5.1573037350270798 
	 3.0514200000000002 	 5.1907326612174547 
	 3.0608149999999998 	 5.2234287209964068 
	 3.0702099999999999 	 5.2553871238636765 
	 3.0796049999999999 	 5.2866088533624467 
	 3.0890000000000000 	 5.3170933450798108 
	 3.0983950000000000 	 5.3468400893947559 
	 3.1077900000000001 	 5.3758516721092064 
	 3.1171850000000001 	 5.4041269891041788 
	 3.1265800000000001 	 5.4316668495679581 
	 3.1359749999999997 	 5.4584740270667460 
	 3.1453699999999998 	 5.4845500119510335 
	 3.1547649999999998 	 5.5098963625959190 
	 3.1641599999999999 	 5.5345154434304069 
	 3.1735549999999995 	 5.5584096243505918 
	 3.1829499999999999 	 5.5815812777147444 
	 3.1923449999999995 	 5.6040330050615550 
	 3.2017400000000000 	 5.6257677823800103 
	 3.2111349999999996 	 5.6467887074740011 
	 3.2205300000000001 	 5.6670990812479403 
	 3.2299249999999997 	 5.6867022334173845 
	 3.2393200000000002 	 5.7056014936978983 
	 3.2487149999999998 	 5.7238003633782135 
	 3.2581100000000003 	 5.7413031970354442 
	 3.2675049999999999 	 5.7581146140039916 
	 3.2769000000000004 	 5.7742391515581435 
	 3.2862950000000000 	 5.7896806906664526 
	 3.2956900000000005 	 5.8044438215621401 
	 3.3050850000000001 	 5.8185338428810898 
	 3.3144800000000001 	 5.8319560362714817 
	 3.3238750000000001 	 5.8447149667480716 
	 3.3332700000000002 	 5.8568150664430672 
	 3.3426650000000002 	 5.8682615158342708 
	 3.3520600000000003 	 5.8790571029179768 
	 3.3614549999999999 	 5.8892040744815120 
	 3.3708500000000003 	 5.8987123260996235 
	 3.3802449999999999 	 5.9075927828234551 
	 3.3896400000000000 	 5.9158605083242728 
	 3.3990350000000000 	 5.9235382059263770 
	 3.4084300000000001 	 5.9306203542408440 
	 3.4178249999999997 	 5.9371062706438069 
	 3.4272200000000002 	 5.9430001876212373 
	 3.4366149999999998 	 5.9483063416446171 
	 3.4460099999999998 	 5.9530289691854383 
	 3.4554049999999998 	 5.9571724921514262 
	 3.4647999999999999 	 5.9607443977911547 
	 3.4741949999999999 	 5.9637546488850033 
	 3.4835900000000000 	 5.9662120147248361 
	 3.4929850000000000 	 5.9681238064756847 
	 3.5023799999999996 	 5.9694972547906264 
	 3.5117750000000001 	 5.9703395903227356 
	 3.5211699999999997 	 5.9706580443403254 
	 3.5305649999999997 	 5.9704602985140891 
	 3.5399599999999998 	 5.9697545853638134 
	 3.5493550000000003 	 5.9685474057945385 
	 3.5587499999999999 	 5.9668463115218353 
	 3.5681449999999999 	 5.9646591330550214 
	 3.5775399999999999 	 5.9619931687782639 
	 3.5869350000000004 	 5.9588562846144226 
	 3.5963300000000000 	 5.9552557250766673 
	 3.6057249999999996 	 5.9511986381240840 
	 3.6151200000000001 	 5.9466924667169252 
	 3.6245150000000002 	 5.9417446624211800 
	 3.6339100000000002 	 5.9363627740547598 
	 3.6433049999999998 	 5.9305544527432481 
	 3.6527000000000003 	 5.9243273463757369 
	 3.6620950000000003 	 5.9176884109601193 
	 3.6714900000000004 	 5.9106440206062274 
	 3.6808850000000000 	 5.9032022262848223 
	 3.6902800000000000 	 5.8953714902407857 
	 3.6996750000000000 	 5.8871576490331474 
	 3.7090700000000001 	 5.8785668928013370 
	 3.7184650000000001 	 5.8696084105303372 
	 3.7278600000000002 	 5.8602880444147862 
	 3.7372550000000002 	 5.8506130958090035 
	 3.7466499999999998 	 5.8405909262287565 
	 3.7560450000000003 	 5.8302282908590710 
	 3.7654399999999999 	 5.8195319408875754 
	 3.7748350000000004 	 5.8085086275019009 
	 3.7842300000000000 	 5.7971650952225868 
	 3.7936250000000000 	 5.7855078981261876 
	 3.8030200000000001 	 5.7735436079445952 
	 3.8124150000000006 	 5.7612791073756657 
	 3.8218100000000002 	 5.7487210919470755 
	 3.8312049999999997 	 5.7358758569048947 
	 3.8406000000000002 	 5.7227496525779120 
	 3.8499950000000003 	 5.7093487292949217 
	 3.8593899999999999 	 5.6956793501754275 
	 3.8687849999999999 	 5.6817478295835437 
	 3.8781799999999995 	 5.6675604128889399 
	 3.8875749999999996 	 5.6531228612108464 
	 3.8969699999999996 	 5.6384409027890001 
	 3.9063649999999996 	 5.6235213138977764 
	 3.9157599999999997 	 5.6083690146536496 
	 3.9251549999999997 	 5.5929899789675215 
	 3.9345499999999998 	 5.5773904134946042 
	 3.9439449999999998 	 5.5615755522364720 
	 3.9533399999999999 	 5.5455512417599682 
	 3.9627349999999995 	 5.5293230240336815 
	 3.9721299999999999 	 5.5128959497761176 
	 3.9815249999999995 	 5.4962750323853635 
	 3.9909200000000000 	 5.4794658765181250 
	 4.0003149999999996 	 5.4624755542062493 
	 4.0097100000000001 	 5.4453102209828481 
	 4.0191049999999997 	 5.4279719072625738 
	 4.0285000000000002 	 5.4104629815718335 
	 4.0378949999999998 	 5.3927916789050654 
	 4.0472900000000003 	 5.3749628150549462 
	 4.0566849999999999 	 5.3569807243812626 
	 4.0660799999999995 	 5.3388506006939274 
	 4.0754750000000000 	 5.3205772166854413 
	 4.0848700000000004 	 5.3021650550174932 
	 4.0942650000000000 	 5.2836185917493248 
	 4.1036599999999996 	 5.2649422722539549 
	 4.1130550000000001 	 5.2461405073000726 
	 4.1224499999999997 	 5.2272177050148896 
	 4.1318450000000002 	 5.2081781873200548 
	 4.1412399999999998 	 5.1890261135599651 
	 4.1506349999999994 	 5.1697656086028738 
	 4.1600299999999999 	 5.1504007304042965 
	 4.1694250000000004 	 5.1309354563746004 
	 4.1788200000000000 	 5.1113737236739878 
	 4.1882149999999996 	 5.0917193476172802 
	 4.1976100000000001 	 5.0719761494917384 
	 4.2070049999999997 	 5.0521481975619897 
	 4.2164000000000001 	 5.0322391844338066 
	 4.2257949999999997 	 5.0122525383314986 
	 4.2351900000000002 	 4.9921916825640951 
	 4.2445849999999998 	 4.9720599926058231 
	 4.2539800000000003 	 4.9518608022145543 
	 4.2633749999999999 	 4.9315974437497552 
	 4.2727700000000004 	 4.9112732495708888 
	 4.2821650000000000 	 4.8908915513947786 
	 4.2915600000000005 	 4.8704555856792426 
	 4.3009550000000001 	 4.8499683936248950 
	 4.3103499999999997 	 4.8294329924983570 
	 4.3197450000000002 	 4.8088523952936839 
	 4.3291400000000007 	 4.7882295997192283 
	 4.3385350000000003 	 4.7675675642511841 
	 4.3479299999999999 	 4.7468690516932366 
	 4.3573250000000003 	 4.7261367185943843 
	 4.3667199999999999 	 4.7053732358535694 
	 4.3761150000000004 	 4.6845815434302978 
	 4.3855100000000000 	 4.6637642340316958 
	 4.3949049999999996 	 4.6429236825692959 
	 4.4043000000000001 	 4.6220623679488053 
	 4.4136950000000006 	 4.6011827720175065 
	 4.4230900000000002 	 4.5802873710536840 
	 4.4324849999999998 	 4.5593786327154540 
	 4.4418799999999994 	 4.5384588918422999 
	 4.4512749999999999 	 4.5175302364410674 
	 4.4606700000000004 	 4.4965948046416866 
	 4.4700650000000000 	 4.4756548872955468 
	 4.4794599999999996 	 4.4547126350075441 
	 4.4888550000000000 	 4.4337701447796558 
	 4.4982499999999996 	 4.4128294261123262 
	 4.5076450000000001 	 4.3918924576900658 
	 4.5170399999999997 	 4.3709611839645452 
	 4.5264349999999993 	 4.3500375084099892 
	 4.5358299999999998 	 4.3291230912282215 
	 4.5452250000000003 	 4.3082199699933623 
	 4.5546199999999999 	 4.2873300659930313 
	 4.5640149999999995 	 4.2664548482526179 
	 4.5734100000000000 	 4.2455958820307780 
	 4.5828049999999996 	 4.2247548680370768 
	 4.5922000000000001 	 4.2039335622617182 
	 4.6015949999999997 	 4.1831336703605384 
	 4.6109900000000001 	 4.1623566376544021 
	 4.6203849999999997 	 4.1416038769775767 
	 4.6297799999999993 	 4.1208768226591257 
	 4.6391749999999998 	 4.1001769850783303 
	 4.6485700000000003 	 4.0795058554038075 
	 4.6579649999999999 	 4.0588647370697375 
	 4.6673599999999995 	 4.0382548804978837 
	 4.6767550000000000 	 4.0176775843586245 
	 4.6861499999999996 	 3.9971340439025269 
	 4.6955450000000001 	 3.9766253912363481 
	 4.7049399999999997 	 3.9561529280394003 
	 4.7143350000000002 	 3.9357180807809877 
	 4.7237299999999998 	 3.9153220074827448 
	 4.7331250000000002 	 3.8949655652246364 
	 4.7425199999999998 	 3.8746495999101112 
	 4.7519150000000003 	 3.8543754032211672 
	 4.7613099999999999 	 3.8341446345071000 
	 4.7707049999999995 	 3.8139580268207531 
	 4.7801000000000000 	 3.7938161774594432 
	 4.7894950000000005 	 3.7737196837204898 
	 4.7988900000000001 	 3.7536693019849627 
	 4.8082849999999997 	 3.7336664141705485 
	 4.8176800000000002 	 3.7137119371058813 
	 4.8270749999999998 	 3.6938066435833612 
	 4.8364700000000003 	 3.6739513522575740 
	 4.8458649999999999 	 3.6541468953347311 
	 4.8552599999999995 	 3.6343940488145092 
	 4.8646550000000000 	 3.6146935395245574 
	 4.8740500000000004 	 3.5950460769481829 
	 4.8834450000000000 	 3.5754523541099932 
	 4.8928399999999996 	 3.5559130633037053 
	 4.9022350000000001 	 3.5364288964000994 
	 4.9116300000000006 	 3.5170004874720311 
	 4.9210250000000002 	 3.4976283852043903 
	 4.9304199999999998 	 3.4783131985999258 
	 4.9398150000000003 	 3.4590555475883811 
	 4.9492100000000008 	 3.4398560305557990 
	 4.9586050000000004 	 3.4207151544681187 
	 4.9680000000000000 	 3.4016334069264111 
	 4.9773949999999996 	 3.3826113048484863 
	 4.9867900000000001 	 3.3636493667553760 
	 4.9961850000000005 	 3.3447480980924578 
	 5.0055800000000001 	 3.3259079044412050 
	 5.0149750000000006 	 3.3071291255229074 
	 5.0243700000000002 	 3.2884121382221942 
	 5.0337649999999989 	 3.2697582340426430 
	 5.0431600000000003 	 3.2511648990126742 
	 5.0525549999999999 	 3.2326277801240724 
	 5.0619499999999995 	 3.2141491961587429 
	 5.0713449999999991 	 3.1957320705176753 
	 5.0807400000000005 	 3.1773793266018524 
	 5.0901350000000001 	 3.1590938878122685 
	 5.0995299999999997 	 3.1408786775499076 
	 5.1089249999999993 	 3.1227348610855108 
	 5.1183200000000006 	 3.1046568280988227 
	 5.1277150000000002 	 3.0866442192100352 
	 5.1371099999999998 	 3.0686975939884120 
	 5.1465049999999994 	 3.0508171227054945 
	 5.1558999999999999 	 3.0330030980992237 
	 5.1652949999999995 	 3.0152556737638205 
	 5.1746900000000000 	 2.9975750329295932 
	 5.1840849999999996 	 2.9799614400364942 
	 5.1934800000000001 	 2.9624150701752106 
	 5.2028749999999997 	 2.9449360665206172 
	 5.2122700000000002 	 2.9275246770978618 
	 5.2216649999999998 	 2.9101811569150917 
	 5.2310600000000003 	 2.8929053686689112 
	 5.2404549999999999 	 2.8756970552619210 
	 5.2498499999999995 	 2.8585581577372445 
	 5.2592449999999999 	 2.8414902223665033 
	 5.2686400000000004 	 2.8244913975601076 
	 5.2780350000000000 	 2.8075593177994422 
	 5.2874299999999996 	 2.7906939591722497 
	 5.2968249999999992 	 2.7738961950290166 
	 5.3062200000000006 	 2.7571669005493025 
	 5.3156150000000002 	 2.7405069098166783 
	 5.3250099999999998 	 2.7239164362577104 
	 5.3344049999999994 	 2.7073952125636187 
	 5.3437999999999999 	 2.6909429644071312 
	 5.3531950000000004 	 2.6745596264682581 
	 5.3625900000000000 	 2.6582454005507943 
	 5.3719849999999996 	 2.6420003912502272 
	 5.3813800000000001 	 2.6258245414572099 
	 5.3907749999999997 	 2.6097178729530923 
	 5.4001700000000001 	 2.5936804206764252 
	 5.4095649999999997 	 2.5777122095223151 
	 5.4189600000000002 	 2.5618132263339133 
	 5.4283549999999998 	 2.5459834518707272 
	 5.4377500000000003 	 2.5302228832478830 
	 5.4471449999999999 	 2.5145315018658274 
	 5.4565400000000004 	 2.4989091514773780 
	 5.4659350000000000 	 2.4833560271330715 
	 5.4753299999999996 	 2.4678724354002943 
	 5.4847250000000001 	 2.4524565743978548 
	 5.4941200000000006 	 2.4371145677205104 
	 5.5035150000000002 	 2.4218480165641241 
	 5.5129099999999998 	 2.4066414303458372 
	 5.5223049999999994 	 2.3914785938205347 
	 5.5317000000000007 	 2.3763784328440201 
	 5.5410950000000003 	 2.3614288790771933 
	 5.5504899999999999 	 2.3466185369112842 
	 5.5598849999999995 	 2.3317523611456066 
	 5.5692800000000009 	 2.3169493221180084 
	 5.5786750000000005 	 2.3022307280680625 
	 5.5880700000000001 	 2.2875742471353853 
	 5.5974649999999997 	 2.2729839150867024 
	 5.6068600000000011 	 2.2584631290273851 
	 5.6162549999999998 	 2.2440103112425835 
	 5.6256499999999994 	 2.2296250418216612 
	 5.6350449999999999 	 2.2153076503899696 
	 5.6444399999999995 	 2.2010581711903461 
	 5.6538349999999999 	 2.1868763610335504 
	 5.6632300000000004 	 2.1727620565224197 
	 5.6726250000000000 	 2.1587152079434304 
	 5.6820199999999996 	 2.1447357110861547 
	 5.6914149999999992 	 2.1308233865370552 
	 5.7008099999999997 	 2.1169781205269560 
	 5.7102050000000002 	 2.1031998053422547 
	 5.7195999999999998 	 2.0894883212050805 
	 5.7289949999999994 	 2.0758435424637511 
	 5.7383899999999999 	 2.0622653273402038 
	 5.7477850000000004 	 2.0487535326205921 
	 5.7571800000000000 	 2.0353080345066363 
	 5.7665749999999996 	 2.0219287030530668 
	 5.7759699999999992 	 2.0086153980465049 
	 5.7853649999999996 	 1.9953679444221686 
	 5.7947600000000001 	 1.9821861939806567 
	 5.8041549999999997 	 1.9690700412573756 
	 5.8135500000000002 	 1.9560193470501119 
	 5.8229449999999998 	 1.9430339315246858 
	 5.8323400000000003 	 1.9301136238960630 
	 5.8417349999999999 	 1.9172582720156961 
	 5.8511299999999995 	 1.9044677498543989 
	 5.8605250000000000 	 1.8917419272220926 
	 5.8699199999999996 	 1.8790805636933943 
	 5.8793150000000001 	 1.8664835472993158 
	 5.8887100000000006 	 1.8539507163197586 
	 5.8981050000000002 	 1.8414818865391636 
	 5.9074999999999998 	 1.8290768805900632 
	 5.9168950000000002 	 1.8167355719944751 
	 5.9262899999999998 	 1.8044578474511115 
	 5.9356850000000003 	 1.7922434816858712 
	 5.9450799999999999 	 1.7800921776592218 
	 5.9544749999999995 	 1.7680036530102172 
	 5.9638700000000000 	 1.7559780339195945 
	 5.9732650000000005 	 1.7440158675692505 
	 5.9826600000000001 	 1.7321169847840499 
	 5.9920549999999997 	 1.7202801158214618 
	 6.0014499999999993 	 1.7085039010583030 
	 6.0108449999999998 	 1.6967869850970005 
	 6.0202400000000003 	 1.6851355154339469 
	 6.0296349999999999 	 1.6735637563703814 
	 6.0390300000000003 	 1.6620438710153405 
	 6.0484249999999999 	 1.6505736021279676 
	 6.0578200000000004 	 1.6391614533636520 
	 6.0672150000000000 	 1.6278145764122780 
	 6.0766099999999996 	 1.6165297013509086 
	 6.0860050000000001 	 1.6053048493853950 
	 6.0953999999999997 	 1.5941405689940549 
	 6.1047950000000002 	 1.5830364723482069 
	 6.1141900000000007 	 1.5719922973883174 
	 6.1235850000000003 	 1.5610079228264162 
	 6.1329799999999999 	 1.5500831856096737 
	 6.1423750000000004 	 1.5392178967826311 
	 6.1517700000000000 	 1.5284119269048801 
	 6.1611650000000004 	 1.5176650844111050 
	 6.1705600000000000 	 1.5069770210088038 
	 6.1799549999999996 	 1.4963475463599134 
	 6.1893500000000010 	 1.4857770725155399 
	 6.1987450000000006 	 1.4752656850520052 
	 6.2081400000000002 	 1.4648112414148107 
	 6.2175349999999998 	 1.4544109574113981 
	 6.2269299999999994 	 1.4440623658985310 
	 6.2363250000000008 	 1.4337687897442972 
	 6.2457200000000004 	 1.4235874974850671 
	 6.2551150000000000 	 1.4134743585809606 
	 6.2645100000000005 	 1.4033707672044220 
	 6.2739050000000010 	 1.3933004864488927 
	 6.2833000000000006 	 1.3832899670463650 
	 6.2926950000000001 	 1.3733505753201132 
	 6.3020899999999997 	 1.3634714101359975 
	 6.3114850000000002 	 1.3536435603123305 
	 6.3208800000000007 	 1.3438672897915394 
	 6.3302750000000003 	 1.3341469973451361 
	 6.3396700000000008 	 1.3244875666131652 
	 6.3490650000000004 	 1.3148938812356761 
	 6.3584600000000000 	 1.3053649047452298 
	 6.3678550000000005 	 1.2958754189981951 
	 6.3772500000000001 	 1.2864372785818372 
	 6.3866450000000006 	 1.2770551736206506 
	 6.3960400000000002 	 1.2677270683392767 
	 6.4054350000000007 	 1.2584535214640238 
	 6.4148300000000011 	 1.2492341226365029 
	 6.4242250000000007 	 1.2400686526283153 
	 6.4336200000000003 	 1.2309569553354414 
	 6.4430149999999999 	 1.2218988059226763 
	 6.4524100000000004 	 1.2128940564890212 
	 6.4618050000000009 	 1.2039425075299039 
	 6.4712000000000005 	 1.1950439541103801 
	 6.4805950000000001 	 1.1861981912968633 
	 6.4899900000000006 	 1.1774050205864577 
	 6.4993849999999993 	 1.1686642647645753 
	 6.5087799999999998 	 1.1599757446475454 
	 6.5181749999999994 	 1.1513392500359652 
	 6.5275699999999990 	 1.1427545666677268 
	 6.5369650000000004 	 1.1342215160940914 
	 6.5463600000000000 	 1.1257399091120432 
	 6.5557549999999996 	 1.1173095423817776 
	 6.5651499999999992 	 1.1089302197132138 
	 6.5745449999999988 	 1.1006017501696750 
	 6.5839400000000001 	 1.0923239387207195 
	 6.5933349999999997 	 1.0840965859301011 
	 6.6027299999999993 	 1.0759194923367696 
	 6.6121249999999998 	 1.0677924732327115 
	 6.6215199999999994 	 1.0597153029513102 
	 6.6309149999999999 	 1.0516878374579930 
	 6.6403099999999995 	 1.0437097996415958 
	 6.6497049999999991 	 1.0357800933875037 
	 6.6590999999999996 	 1.0279011799235251 
	 6.6684950000000001 	 1.0200718887482987 
	 6.6778899999999997 	 1.0122727712228370 
	 6.6872850000000001 	 1.0045145498800421 
	 6.6966799999999997 	 0.9968205317113970 
	 6.7060749999999993 	 0.9891871650119179 
	 6.7154699999999998 	 0.9815975572297361 
	 6.7248649999999994 	 0.9740659400179479 
	 6.7342599999999999 	 0.9665942665709588 
	 6.7436549999999995 	 0.9591480096486056 
	 6.7530500000000000 	 0.9516925136586861 
	 6.7624450000000005 	 0.9442789521344116 
	 6.7718400000000001 	 0.9369835631701164 
	 6.7812349999999997 	 0.9297272069908957 
	 6.7906299999999993 	 0.9225101349464111 
	 6.8000249999999998 	 0.9153429917447179 
	 6.8094200000000003 	 0.9082241791982391 
	 6.8188149999999998 	 0.9011502726491017 
	 6.8282099999999994 	 0.8941210990790291 
	 6.8376049999999999 	 0.8871373597953436 
	 6.8469999999999995 	 0.8801990158184971 
	 6.8563950000000000 	 0.8733057049989021 
	 6.8657899999999996 	 0.8664570768953204 
	 6.8751849999999992 	 0.8596529581877149 
	 6.8845799999999997 	 0.8528931998288521 
	 6.8939750000000002 	 0.8461775912259993 
	 6.9033699999999998 	 0.8395059527005385 
	 6.9127650000000003 	 0.8328780943544839 
	 6.9221599999999999 	 0.8262937969287335 
	 6.9315549999999995 	 0.8197528493305909 
	 6.9409500000000000 	 0.8132550848419855 
	 6.9503449999999996 	 0.8068003006223440 
	 6.9597400000000000 	 0.8003882901912740 
	 6.9691349999999996 	 0.7940188578472260 
	 6.9785299999999992 	 0.7876918113562965 
	 6.9879250000000006 	 0.7814069626929104 
	 6.9973200000000002 	 0.7751641169201198 
	 7.0067149999999998 	 0.7689630756382235 
	 7.0161099999999994 	 0.7628036404388576 
	 7.0255049999999990 	 0.7566856125317906 
	 7.0349000000000004 	 0.7506087870824478 
	 7.0442950000000000 	 0.7445729550611979 
	 7.0536899999999996 	 0.7385779252678251 
	 7.0630850000000001 	 0.7326235263404166 
	 7.0724800000000005 	 0.7267095723487355 
	 7.0818750000000001 	 0.7208358528393330 
	 7.0912699999999997 	 0.7150021603040123 
	 7.1006649999999993 	 0.7092082986162481 
	 7.1100599999999998 	 0.7034540738525685 
	 7.1194550000000003 	 0.6977392942297931 
	 7.1288499999999999 	 0.6920637678619744 
	 7.1382450000000004 	 0.6864273003145259 
	 7.1476400000000000 	 0.6808296963950459 
	 7.1570350000000005 	 0.6752707609110060 
	 7.1664300000000001 	 0.6697502986698799 
	 7.1758249999999997 	 0.6642681146275221 
	 7.1852200000000002 	 0.6588240157931625 
	 7.1946149999999998 	 0.6534178106755060 
	 7.2040100000000002 	 0.6480493077366051 
	 7.2134050000000007 	 0.6427183127429926 
	 7.2228000000000003 	 0.6374246282085874 
	 7.2321949999999999 	 0.6321680573031544 
	 7.2415900000000004 	 0.6269484046670335 
	 7.2509850000000000 	 0.6217654814198674 
	 7.2603800000000005 	 0.6166191141031442 
	 7.2697750000000001 	 0.6115091160160534 
	 7.2791699999999997 	 0.6064352643576382 
	 7.2885650000000002 	 0.6013973948410714 
	 7.2979600000000007 	 0.5963953083328600 
	 7.3073550000000003 	 0.5914287950228984 
	 7.3167499999999999 	 0.5864976978209410 
	 7.3261449999999995 	 0.5816018138130367 
	 7.3355399999999999 	 0.5767409419129557 
	 7.3449350000000004 	 0.5719149102394535 
	 7.3543300000000000 	 0.5671235335533392 
	 7.3637250000000005 	 0.5623666137737167 
	 7.3731200000000001 	 0.5576439595223336 
	 7.3825150000000006 	 0.5529553888660287 
	 7.3919100000000002 	 0.5483007205117006 
	 7.4013049999999998 	 0.5436797731559331 
	 7.4107000000000003 	 0.5390923590635698 
	 7.4200949999999999 	 0.5345382734213934 
	 7.4294900000000004 	 0.5300173230911847 
	 7.4388850000000009 	 0.5255293608181112 
	 7.4482800000000005 	 0.5210742045050587 
	 7.4576750000000001 	 0.5166516578024207 
	 7.4670700000000005 	 0.5122615257026822 
	 7.4764650000000001 	 0.5079036247983112 
	 7.4858600000000006 	 0.5035777776131837 
	 7.4952550000000002 	 0.4992838067189774 
	 7.5046499999999998 	 0.4950215346873684 
	 7.5140450000000012 	 0.4907907839005493 
	 7.5234400000000008 	 0.4865913705481768 
	 7.5328350000000004 	 0.4824231035420766 
	 7.5422300000000000 	 0.4782858024951161 
	 7.5516249999999996 	 0.4741792998822387 
	 7.5610200000000010 	 0.4701034169201638 
	 7.5704150000000006 	 0.4660579709557255 
	 7.5798100000000002 	 0.4620427808313511 
	 7.5892050000000006 	 0.4580576718836151 
	 7.5986000000000002 	 0.4541024708709148 
	 7.6079950000000007 	 0.4501770045516473 
	 7.6173900000000003 	 0.4462810994089910 
	 7.6267849999999999 	 0.4424145798021500 
	 7.6361800000000004 	 0.4385772691019922 
	 7.6455750000000009 	 0.4347689907878003 
	 7.6549700000000005 	 0.4309895700886669 
	 7.6643650000000010 	 0.4272388336042708 
	 7.6737599999999988 	 0.4235166081911121 
	 7.6831549999999993 	 0.4198227292541754 
	 7.6925499999999998 	 0.4161570429713525 
	 7.7019449999999994 	 0.4125193640901748 
	 7.7113399999999999 	 0.4089094486139411 
	 7.7207349999999995 	 0.4053271389232801 
	 7.7301299999999991 	 0.4017725207418283 
	 7.7395249999999995 	 0.3982454816491189 
	 7.7489199999999991 	 0.3947449974471559 
	 7.7583149999999996 	 0.3912702205674537 
	 7.7677099999999992 	 0.3878225416710458 
	 7.7771049999999997 	 0.3844041382812620 
	 7.7865000000000002 	 0.3810146824521868 
	 7.7958949999999998 	 0.3776298510491678 
	 7.8052899999999994 	 0.3742446365008785 
	 7.8146849999999990 	 0.3708791360215290 
	 7.8240799999999995 	 0.3675539972714581 
	 7.8334750000000000 	 0.3642898679110054 
	 7.8428699999999996 	 0.3611073956005098 
	 7.8522649999999992 	 0.3580263957596234 
	 7.8616600000000005 	 0.3549564751011202 
	 7.8710550000000001 	 0.3515882977056801 
	 7.8804499999999997 	 0.3479867166855828 
	 7.8898449999999993 	 0.3453636594918624 
	 7.8992399999999989 	 0.3442648586829361 
	 7.9086350000000003 	 0.3422088105479404 
	 7.9180299999999999 	 0.3389744144083767 
	 7.9274249999999995 	 0.3353655493809621 
	 7.9368200000000000 	 0.3321099394966152 
	 7.9462149999999996 	 0.3292123456730081 
	 7.9556100000000001 	 0.3263032111795454 
	 7.9650049999999997 	 0.3233528459995766 
	 7.9743999999999993 	 0.3204448559802886 
	 7.9837949999999998 	 0.3175542222835674 
	 7.9931900000000002 	 0.3146852179470958 
	 8.0025849999999998 	 0.3118409570671772 
	 8.0119799999999994 	 0.3090201229128475 
	 8.0213749999999990 	 0.3062215214273151 
	 8.0307700000000004 	 0.3034450313822447 
	 8.0401650000000000 	 0.3006906717668045 
	 8.0495599999999996 	 0.2979584615701617 
	 8.0589549999999992 	 0.2952483799711392 
	 8.0683500000000006 	 0.2925602228530330 
	 8.0777450000000002 	 0.2898937470759134 
	 8.0871399999999998 	 0.2872488031529264 
	 8.0965349999999994 	 0.2846252787556717 
	 8.1059300000000007 	 0.2820230403768381 
	 8.1153250000000003 	 0.2794419417875955 
	 8.1247199999999999 	 0.2768818366168950 
	 8.1341149999999995 	 0.2743425787783302 
	 8.1435099999999991 	 0.2718240303781865 
	 8.1529050000000005 	 0.2693260631545890 
	 8.1623000000000001 	 0.2668485492746081 
	 8.1716949999999997 	 0.2643913453723473 
	 8.1810899999999993 	 0.2619542960864600 
	 8.1904849999999989 	 0.2595372866408343 
	 8.1998800000000003 	 0.2571401987335604 
	 8.2092749999999999 	 0.2547628801673576 
	 8.2186699999999995 	 0.2524051762024528 
	 8.2280649999999991 	 0.2500669558851688 
	 8.2374600000000004 	 0.2477481000582944 
	 8.2468550000000000 	 0.2454485113355016 
	 8.2562499999999996 	 0.2431680170110051 
	 8.2656449999999992 	 0.2409064978588291 
	 8.2750399999999988 	 0.2386638235657920 
	 8.2844350000000002 	 0.2364398090523336 
	 8.2938299999999998 	 0.2342344793183787 
	 8.3032249999999994 	 0.2320476620472361 
	 8.3126200000000008 	 0.2298786449208846 
	 8.3220150000000004 	 0.2277271786104440 
	 8.3314100000000000 	 0.2255939096262225 
	 8.3408049999999996 	 0.2234795778367483 
	 8.3501999999999992 	 0.2213849231020249 
	 8.3595950000000006 	 0.2193097440148830 
	 8.3689900000000002 	 0.2172503069145302 
	 8.3783849999999997 	 0.2152020497233509 
	 8.3877800000000011 	 0.2131636956792438 
	 8.3971750000000007 	 0.2111561718023855 
	 8.4065700000000003 	 0.2091892326827603 
	 8.4159649999999999 	 0.2070833172958033 
	 8.4253599999999995 	 0.2048142808349425 
	 8.4347550000000009 	 0.2025529155969043 
	 8.4441500000000005 	 0.2004691796932108 
	 8.4535450000000001 	 0.1985820837871667 
	 8.4629399999999997 	 0.1967362488705274 
	 8.4723350000000011 	 0.1948616432320113 
	 8.4817300000000007 	 0.1930094535393951 
	 8.4911250000000003 	 0.1911767407165048 
	 8.5005199999999999 	 0.1893566566165986 
	 8.5099149999999995 	 0.1875522194822069 
	 8.5193100000000008 	 0.1857637003954587 
	 8.5287050000000004 	 0.1839904688751628 
	 8.5381000000000000 	 0.1822323665297148 
	 8.5474949999999996 	 0.1804893819085507 
	 8.5568900000000010 	 0.1787614918057056 
	 8.5662850000000006 	 0.1770485682491929 
	 8.5756800000000002 	 0.1753504692783089 
	 8.5850749999999998 	 0.1736670809305807 
	 8.5944700000000012 	 0.1719982898247189 
	 8.6038650000000008 	 0.1703439854986979 
	 8.6132600000000004 	 0.1687040606001454 
	 8.6226550000000000 	 0.1670784080727865 
	 8.6320499999999996 	 0.1654669335988746 
	 8.6414450000000009 	 0.1638695255050261 
	 8.6508400000000005 	 0.1622860332213271 
	 8.6602350000000001 	 0.1607163907095286 
	 8.6696299999999997 	 0.1591604942740226 
	 8.6790249999999993 	 0.1576182296185329 
	 8.6884200000000007 	 0.1560894851548427 
	 8.6978150000000003 	 0.1545741641301736 
	 8.7072099999999999 	 0.1530721725784137 
	 8.7166049999999995 	 0.1515833979574033 
	 8.7259999999999991 	 0.1501077207287983 
	 8.7353950000000005 	 0.1486450486485162 
	 8.7447900000000001 	 0.1471953069722836 
	 8.7541850000000014 	 0.1457583885379266 
	 8.7635800000000010 	 0.1443341694977026 
	 8.7729750000000006 	 0.1429225431751579 
	 8.7823700000000002 	 0.1415234245126182 
	 8.7917649999999998 	 0.1401367422350134 
	 8.8011599999999994 	 0.1387623897496569 
	 8.8105549999999990 	 0.1374002560867711 
	 8.8199500000000022 	 0.1360502352091600 
	 8.8293450000000018 	 0.1347122376161882 
	 8.8387400000000014 	 0.1333861772687117 
	 8.8481349999999992 	 0.1320719641065610 
	 8.8575299999999988 	 0.1307694870931961 
	 8.8669249999999984 	 0.1294786538357793 
	 8.8763199999999998 	 0.1281994118315763 
	 8.8857149999999994 	 0.1269316297460896 
	 8.8951099999999990 	 0.1256751959354702 
	 8.9045050000000003 	 0.1244300500873417 
	 8.9138999999999999 	 0.1231961204529651 
	 8.9232949999999995 	 0.1219732938113902 
	 8.9326899999999991 	 0.1207614698298308 
	 8.9420850000000005 	 0.1195605779271468 
	 8.9514800000000001 	 0.1183705030721503 
	 8.9608749999999997 	 0.1171912110050836 
	 8.9702699999999993 	 0.1160225830833172 
	 8.9796649999999989 	 0.1148645042548110 
	 8.9890599999999985 	 0.1137169216967626 
	 8.9984549999999999 	 0.1125797614519678 
	 9.0078499999999995 	 0.1114529341544753 
	 9.0172449999999991 	 0.1103363251067449 
	 9.0266400000000004 	 0.1092298659175002 
	 9.0360350000000000 	 0.1081334807922197 
	 9.0454299999999996 	 0.1070470808362570 
	 9.0548249999999992 	 0.1059705832277496 
	 9.0642199999999988 	 0.1049039043756364 
	 9.0736149999999984 	 0.1038469599968390 
	 9.0830099999999980 	 0.1027996731056524 
	 9.0924050000000012 	 0.1017619764977858 
	 9.1018000000000008 	 0.1007337884779289 
	 9.1111950000000004 	 0.0997150117475592 
	 9.1205900000000000 	 0.0987055766458026 
	 9.1299849999999996 	 0.0977054123902886 
	 9.1393799999999992 	 0.0967144302298871 
	 9.1487749999999988 	 0.0957325454685840 
	 9.1581699999999984 	 0.0947597048191256 
	 9.1675649999999997 	 0.0937958278536531 
	 9.1769600000000011 	 0.0928408219584257 
	 9.1863550000000007 	 0.0918946127590465 
	 9.1957500000000003 	 0.0909571350812582 
	 9.2051449999999999 	 0.0900283175271709 
	 9.2145399999999995 	 0.0891080839923579 
	 9.2239349999999991 	 0.0881963583750103 
	 9.2333299999999987 	 0.0872930684702253 
	 9.2427250000000001 	 0.0863981406961068 
	 9.2521200000000015 	 0.0855114914695690 
	 9.2615150000000011 	 0.0846330349325524 
	 9.2709100000000007 	 0.0837627791230621 
	 9.2803050000000002 	 0.0829008140869819 
	 9.2896999999999998 	 0.0820468085869012 
	 9.2990949999999994 	 0.0812003460512150 
	 9.3084899999999990 	 0.0803610099083181 
	 9.3178849999999986 	 0.0795287284165287 
	 9.3272800000000000 	 0.0787056798829833 
	 9.3366749999999996 	 0.0778948286721730 
	 9.3460700000000010 	 0.0770970468752509 
	 9.3554650000000006 	 0.0763008090276497 
	 9.3648600000000002 	 0.0754918063169960 
	 9.3742549999999998 	 0.0747614098583117 
	 9.3836499999999994 	 0.0741611798514941 
	 9.3930450000000008 	 0.0735820692537411 
	 9.4024400000000004 	 0.0729071847015941 
	 9.4118350000000000 	 0.0721305325157640 
	 9.4212299999999995 	 0.0713757669051680 
	 9.4306249999999991 	 0.0706252723181085 
	 9.4400200000000005 	 0.0698820480017741 
	 9.4494150000000001 	 0.0691472608472831 
	 9.4588099999999997 	 0.0684200248288943 
	 9.4682049999999993 	 0.0676996448244752 
	 9.4776000000000007 	 0.0669864433332515 
	 9.4869950000000003 	 0.0662804337730365 
	 9.4963899999999999 	 0.0655815068598573 
	 9.5057849999999995 	 0.0648896517647793 
	 9.5151799999999991 	 0.0642047954172691 
	 9.5245749999999987 	 0.0635268489809342 
	 9.5339700000000001 	 0.0628557504095321 
	 9.5433650000000014 	 0.0621914311432427 
	 9.5527600000000010 	 0.0615338221817072 
	 9.5621550000000006 	 0.0608828492449290 
	 9.5715500000000002 	 0.0602384232952574 
	 9.5809449999999998 	 0.0596004837642993 
	 9.5903399999999994 	 0.0589689698143679 
	 9.5997349999999990 	 0.0583438082953282 
	 9.6091299999999986 	 0.0577249237847270 
	 9.6185250000000000 	 0.0571122420277619 
	 9.6279200000000014 	 0.0565056949443841 
	 9.6373150000000010 	 0.0559052164880621 
	 9.6467100000000006 	 0.0553107402130343 
	 9.6561050000000002 	 0.0547221957382861 
	 9.6654999999999998 	 0.0541395103075037 
	 9.6748949999999994 	 0.0535626100765644 
	 9.6842899999999990 	 0.0529914433543490 
	 9.6936850000000003 	 0.0524259630951968 
	 9.7030800000000017 	 0.0518661023507437 
	 9.7124750000000013 	 0.0513117929865523 
	 9.7218700000000009 	 0.0507629579562814 
	 9.7312650000000005 	 0.0502195403567673 
	 9.7406600000000001 	 0.0496815644682436 
	 9.7500549999999997 	 0.0491488608967043 
	 9.7594499999999993 	 0.0486210046324134 
	 9.7688449999999989 	 0.0480990440774117 
	 9.7782400000000003 	 0.0475826631611380 
	 9.7876350000000016 	 0.0470638829371961 
	 9.7970300000000012 	 0.0465491256442052 
	 9.8064250000000008 	 0.0460526264039926 
	 9.8158200000000004 	 0.0455847492130385 
	 9.8252150000000000 	 0.0451017453475134 
	 9.8346099999999996 	 0.0445246766861635 
	 9.8440050000000010 	 0.0438790326078186 
	 9.8534000000000006 	 0.0432964356851477 
	 9.8627950000000002 	 0.0428252054190349 
	 9.8721899999999998 	 0.0423871857461957 
	 9.8815850000000012 	 0.0419281001867317 
	 9.8909800000000008 	 0.0414622135401464 
	 9.9003750000000004 	 0.0410061947815089 
	 9.9097700000000000 	 0.0405593287373961 
	 9.9191649999999996 	 0.0401177282106177 
	 9.9285600000000009 	 0.0396784675146778 
	 9.9379550000000005 	 0.0392432245335381 
	 9.9473500000000001 	 0.0388126133684044 
	 9.9567449999999997 	 0.0383862305577335 
	 9.9661400000000011 	 0.0379640656934536 
	 9.9755350000000007 	 0.0375461639449253 
	 9.9849300000000003 	 0.0371324567900122 
	 9.9943250000000017 	 0.0367228851371257 
	 10.0037200000000013 	 0.0363174203364753 
	 10.0131150000000009 	 0.0359160385963780 
	 10.0225099999999987 	 0.0355186929553680 
	 10.0319049999999983 	 0.0351253348789879 
	 10.0412999999999979 	 0.0347359325340361 
	 10.0506950000000010 	 0.0343504717952381 
	 10.0600900000000006 	 0.0339688920868930 
	 10.0694850000000002 	 0.0335911436381558 
	 10.0788799999999998 	 0.0332172352814270 
	 10.0882749999999994 	 0.0328471174819910 
	 10.0976699999999990 	 0.0324807241233499 
	 10.1070649999999986 	 0.0321180294758597 
	 10.1164600000000000 	 0.0317590133009524 
	 10.1258549999999996 	 0.0314036478005869 
	 10.1352499999999992 	 0.0310518887436579 
	 10.1446450000000006 	 0.0307036970478031 
	 10.1540400000000002 	 0.0303590455708000 
	 10.1634349999999998 	 0.0300179045138720 
	 10.1728299999999994 	 0.0296802438106426 
	 10.1822249999999990 	 0.0293460237225671 
	 10.1916199999999986 	 0.0290151946838633 
	 10.2010149999999999 	 0.0286877211890710 
	 10.2104099999999995 	 0.0283635750639055 
	 10.2198049999999991 	 0.0280427289818284 
	 10.2291999999999987 	 0.0277251556163011 
	 10.2385950000000001 	 0.0274108276407851 
	 10.2479899999999997 	 0.0270997177287421 
	 10.2573849999999993 	 0.0267917985536336 
	 10.2667800000000007 	 0.0264870427889211 
	 10.2761750000000003 	 0.0261854231080662 
	 10.2855699999999999 	 0.0258869121845304 
	 10.2949649999999995 	 0.0255914826917752 
	 10.3043599999999991 	 0.0252991073032623 
	 10.3137550000000005 	 0.0250097586924529 
	 10.3231500000000000 	 0.0247234095328090 
	 10.3325449999999996 	 0.0244400324977918 
	 10.3419399999999992 	 0.0241596002608630 
	 10.3513350000000006 	 0.0238820854954840 
	 10.3607300000000002 	 0.0236074608751165 
	 10.3701249999999998 	 0.0233356990732220 
	 10.3795199999999994 	 0.0230667727632620 
	 10.3889149999999990 	 0.0228006546186980 
	 10.3983099999999986 	 0.0225373173129916 
	 10.4077050000000000 	 0.0222767335196044 
	 10.4171000000000014 	 0.0220188759119978 
	 10.4264950000000010 	 0.0217637171636334 
	 10.4358900000000006 	 0.0215112299479729 
	 10.4452850000000002 	 0.0212613869384776 
	 10.4546799999999998 	 0.0210141608086092 
	 10.4640749999999993 	 0.0207695242318292 
	 10.4734699999999989 	 0.0205274498815990 
	 10.4828649999999985 	 0.0202879104313804 
	 10.4922599999999981 	 0.0200508785546348 
	 10.5016550000000013 	 0.0198163269310197 
	 10.5110500000000009 	 0.0195842300596154 
	 10.5204450000000005 	 0.0193545667809615 
	 10.5298400000000001 	 0.0191273165693882 
	 10.5392349999999997 	 0.0189024588992256 
	 10.5486299999999993 	 0.0186799732448038 
	 10.5580249999999989 	 0.0184598390804529 
	 10.5674200000000003 	 0.0182420358805031 
	 10.5768149999999999 	 0.0180265431192845 
	 10.5862100000000012 	 0.0178133402711273 
	 10.5956050000000008 	 0.0176024068103615 
	 10.6050000000000004 	 0.0173937221650150 
	 10.6143949999999982 	 0.0171872648434126 
	 10.6237899999999996 	 0.0169830125082924 
	 10.6331849999999992 	 0.0167809427909461 
	 10.6425799999999988 	 0.0165810333226655 
	 10.6519749999999984 	 0.0163832617347423 
	 10.6613699999999998 	 0.0161876056584683 
	 10.6707649999999994 	 0.0159940427251352 
	 10.6801600000000008 	 0.0158025505660348 
	 10.6895550000000004 	 0.0156131068124588 
	 10.6989500000000000 	 0.0154256890956990 
	 10.7083449999999996 	 0.0152402756578116 
	 10.7177400000000009 	 0.0150568481653281 
	 10.7271349999999988 	 0.0148753894775364 
	 10.7365300000000001 	 0.0146958824549408 
	 10.7459249999999980 	 0.0145183099580459 
	 10.7553199999999993 	 0.0143426548473560 
	 10.7647149999999989 	 0.0141688999833756 
	 10.7741100000000003 	 0.0139970282266090 
	 10.7835049999999999 	 0.0138270224375608 
	 10.7928999999999995 	 0.0136588654767354 
	 10.8022949999999991 	 0.0134925402046371 
	 10.8116900000000005 	 0.0133280294817705 
	 10.8210849999999983 	 0.0131653161686399 
	 10.8304799999999997 	 0.0130043831257497 
	 10.8398749999999993 	 0.0128452132136045 
	 10.8492700000000006 	 0.0126877892927086 
	 10.8586650000000002 	 0.0125320942235665 
	 10.8680600000000016 	 0.0123781108666825 
	 10.8774549999999994 	 0.0122258220825612 
	 10.8868500000000008 	 0.0120752107317069 
	 10.8962449999999986 	 0.0119262596746242 
	 10.9056400000000000 	 0.0117789517718173 
	 10.9150349999999978 	 0.0116332698837908 
	 10.9244299999999992 	 0.0114891968710490 
	 10.9338249999999988 	 0.0113467155940964 
	 10.9432200000000002 	 0.0112058089134375 
	 10.9526149999999998 	 0.0110664596895766 
	 10.9620100000000011 	 0.0109286507830182 
	 10.9714049999999990 	 0.0107923650542667 
	 10.9808000000000003 	 0.0106575853638266 
	 10.9901949999999999 	 0.0105242945722022 
	 10.9995899999999995 	 0.0103924755398981 
	 11.0089849999999991 	 0.0102621116141606 
	 11.0183800000000005 	 0.0101331883618616 
	 11.0277750000000001 	 0.0100056919822270 
	 11.0371700000000015 	 0.0098796086745290 
	 11.0465649999999993 	 0.0097549246380397 
	 11.0559600000000007 	 0.0096316260720315 
	 11.0653549999999985 	 0.0095096991757764 
	 11.0747499999999999 	 0.0093891301485466 
	 11.0841449999999995 	 0.0092699051896143 
	 11.0935399999999991 	 0.0091520104982518 
	 11.1029349999999987 	 0.0090354322847721 
	 11.1123300000000000 	 0.0089201575339233 
	 11.1217249999999996 	 0.0088061745000683 
	 11.1311200000000010 	 0.0086934715552977 
	 11.1405150000000006 	 0.0085820370717021 
	 11.1499100000000002 	 0.0084718594213723 
	 11.1593049999999998 	 0.0083629269763989 
	 11.1687000000000012 	 0.0082552281088726 
	 11.1780949999999990 	 0.0081487511908840 
	 11.1874900000000004 	 0.0080434845945239 
	 11.1968849999999982 	 0.0079394166918829 
	 11.2062799999999996 	 0.0078365358550516 
	 11.2156749999999992 	 0.0077348304561208 
	 11.2250700000000005 	 0.0076342888671811 
	 11.2344650000000001 	 0.0075348994603233 
	 11.2438599999999997 	 0.0074366506076379 
	 11.2532549999999993 	 0.0073395306812156 
	 11.2626500000000007 	 0.0072435280531471 
	 11.2720449999999985 	 0.0071486310955232 
	 11.2814399999999999 	 0.0070548281804344 
	 11.2908350000000013 	 0.0069621076799714 
	 11.3002300000000009 	 0.0068704579662250 
	 11.3096250000000005 	 0.0067798674112857 
	 11.3190200000000019 	 0.0066903243872442 
	 11.3284149999999997 	 0.0066018172661914 
	 11.3378100000000011 	 0.0065143344202177 
	 11.3472049999999989 	 0.0064278642214139 
	 11.3566000000000003 	 0.0063423950418706 
	 11.3659949999999981 	 0.0062579152536785 
	 11.3753899999999994 	 0.0061744132289283 
	 11.3847850000000008 	 0.0060918773397107 
	 11.3941800000000004 	 0.0060102959581164 
	 11.4035750000000000 	 0.0059296574848366 
	 11.4129700000000014 	 0.0058499515719005 
	 11.4223649999999992 	 0.0057711695825093 
	 11.4317600000000006 	 0.0056933030032645 
	 11.4411550000000002 	 0.0056163433207677 
	 11.4505499999999998 	 0.0055402820216208 
	 11.4599449999999994 	 0.0054651105924252 
	 11.4693400000000025 	 0.0053908205197826 
	 11.4787350000000004 	 0.0053174032902948 
	 11.4881300000000017 	 0.0052448503905633 
	 11.4975249999999996 	 0.0051731533071898 
	 11.5069200000000009 	 0.0051023035182197 
	 11.5163149999999987 	 0.0050322924237926 
	 11.5257100000000001 	 0.0049631113824306 
	 11.5351049999999997 	 0.0048947517522644 
	 11.5444999999999993 	 0.0048272048914245 
	 11.5538950000000007 	 0.0047604621580416 
	 11.5632900000000021 	 0.0046945149102465 
	 11.5726849999999999 	 0.0046293545061697 
	 11.5820800000000013 	 0.0045649723039418 
	 11.5914750000000009 	 0.0045013596616936 
	 11.6008700000000005 	 0.0044385079376784 
	 11.6102650000000001 	 0.0043764086913139 
	 11.6196600000000014 	 0.0043150540928506 
	 11.6290549999999993 	 0.0042544364280484 
	 11.6384500000000006 	 0.0041945479826667 
	 11.6478450000000002 	 0.0041353810424653 
	 11.6572400000000016 	 0.0040769278932039 
	 11.6666349999999994 	 0.0040191808206420 
	 11.6760300000000008 	 0.0039621321105394 
	 11.6854250000000004 	 0.0039057740486556 
	 11.6948200000000000 	 0.0038500989207505 
	 11.7042149999999996 	 0.0037950990297558 
	 11.7136100000000010 	 0.0037407671880256 
	 11.7230049999999988 	 0.0036870967904278 
	 11.7324000000000002 	 0.0036340812637035 
	 11.7417950000000015 	 0.0035817140345940 
	 11.7511900000000011 	 0.0035299885298406 
	 11.7605850000000007 	 0.0034788981761845 
	 11.7699800000000021 	 0.0034284364003668 
	 11.7793749999999999 	 0.0033785966291289 
	 11.7887699999999978 	 0.0033293722892119 
	 11.7981649999999991 	 0.0032807568073570 
	 11.8075599999999987 	 0.0032327436103055 
	 11.8169549999999983 	 0.0031853261247986 
	 11.8263499999999997 	 0.0031384977775776 
	 11.8357450000000011 	 0.0030922519953836 
	 11.8451399999999989 	 0.0030465822049579 
	 11.8545350000000003 	 0.0030014818330416 
	 11.8639299999999999 	 0.0029569443063761 
	 11.8733249999999995 	 0.0029129630517026 
	 11.8827199999999991 	 0.0028695314957622 
	 11.8921150000000004 	 0.0028266430652962 
	 11.9015099999999983 	 0.0027842911879723 
	 11.9109049999999996 	 0.0027424696367292 
	 11.9202999999999992 	 0.0027011730453245 
	 11.9296950000000006 	 0.0026603961794400 
	 11.9390899999999984 	 0.0026201338047576 
	 11.9484849999999998 	 0.0025803806869592 
	 11.9578799999999994 	 0.0025411315917267 
	 11.9672749999999990 	 0.0025023812847421 
	 11.9766699999999986 	 0.0024641245316871 
	 11.9860650000000000 	 0.0024263560982436 
	 11.9954599999999978 	 0.0023890707500937 
	 12.0048550000000009 	 0.0023522632529191 
	 12.0142500000000005 	 0.0023159283724017 
	 12.0236450000000001 	 0.0022800608742235 
	 12.0330399999999997 	 0.0022446555240662 
	 12.0424350000000011 	 0.0022097070876119 
	 12.0518299999999989 	 0.0021752103305424 
	 12.0612250000000003 	 0.0021411600185396 
	 12.0706199999999981 	 0.0021075509172853 
	 12.0800149999999995 	 0.0020743777924615 
	 12.0894099999999991 	 0.0020416354097501 
	 12.0988050000000005 	 0.0020093185348329 
	 12.1082000000000001 	 0.0019774220158209 
	 12.1175949999999997 	 0.0019459411854506 
	 12.1269899999999993 	 0.0019148715529903 
	 12.1363850000000006 	 0.0018842086279637 
	 12.1457799999999985 	 0.0018539479198943 
	 12.1551749999999998 	 0.0018240849383057 
	 12.1645699999999994 	 0.0017946151927214 
	 12.1739649999999990 	 0.0017655341926651 
	 12.1833600000000004 	 0.0017368374476602 
	 12.1927550000000018 	 0.0017085204672304 
	 12.2021499999999996 	 0.0016805787621713 
	 12.2115450000000010 	 0.0016530080351584 
	 12.2209399999999988 	 0.0016258043839154 
	 12.2303350000000002 	 0.0015989639548435 
	 12.2397299999999980 	 0.0015724828943440 
	 12.2491249999999994 	 0.0015463573488183 
	 12.2585199999999990 	 0.0015205834646675 
	 12.2679150000000003 	 0.0014951573882932 
	 12.2773099999999999 	 0.0014700752660964 
	 12.2867050000000013 	 0.0014453332444785 
	 12.2960999999999991 	 0.0014209274698409 
	 12.3054950000000005 	 0.0013968540885847 
	 12.3148900000000001 	 0.0013731092471114 
	 12.3242849999999997 	 0.0013496890918222 
	 12.3336799999999993 	 0.0013265897691183 
	 12.3430750000000007 	 0.0013038074254012 
	 12.3524700000000003 	 0.0012813382070720 
	 12.3618650000000017 	 0.0012591782605321 
	 12.3712599999999995 	 0.0012373237321828 
	 12.3806550000000009 	 0.0012157707684254 
	 12.3900499999999987 	 0.0011945155156612 
	 12.3994450000000001 	 0.0011735541202914 
	 12.4088399999999996 	 0.0011528827961301 
	 12.4182349999999992 	 0.0011324980790412 
	 12.4276299999999988 	 0.0011123966009510 
	 12.4370250000000002 	 0.0010925749938025 
	 12.4464199999999998 	 0.0010730298895384 
	 12.4558150000000012 	 0.0010537579201016 
	 12.4652100000000008 	 0.0010347557174352 
	 12.4746050000000004 	 0.0010160199134820 
	 12.4840000000000000 	 0.0009975471401848 
	 12.4933950000000014 	 0.0009793340294866 
	 12.5027899999999992 	 0.0009613772164865 
	 12.5121850000000006 	 0.0009436735865868 
	 12.5215799999999984 	 0.0009262204529587 
	 12.5309750000000015 	 0.0009090151706510 
	 12.5403699999999994 	 0.0008920550947126 
	 12.5497650000000007 	 0.0008753375801920 
	 12.5591600000000003 	 0.0008588599821381 
	 12.5685549999999999 	 0.0008426196555996 
	 12.5779499999999995 	 0.0008266139556252 
	 12.5873450000000009 	 0.0008108402372636 
	 12.5967399999999987 	 0.0007952958555637 
	 12.6061350000000001 	 0.0007799781655741 
	 12.6155299999999997 	 0.0007648845223436 
	 12.6249250000000011 	 0.0007500122809209 
	 12.6343200000000007 	 0.0007353587963547 
	 12.6437150000000020 	 0.0007209214236938 
	 12.6531099999999999 	 0.0007066975179870 
	 12.6625050000000012 	 0.0006926844342829 
	 12.6718999999999991 	 0.0006788795276303 
	 12.6812950000000004 	 0.0006652801530780 
	 12.6906899999999982 	 0.0006518836656746 
	 12.7000849999999996 	 0.0006386874204689 
	 12.7094800000000010 	 0.0006256887725097 
	 12.7188750000000006 	 0.0006128850768457 
	 12.7282700000000002 	 0.0006002736885256 
	 12.7376650000000016 	 0.0005878519625981 
	 12.7470599999999994 	 0.0005756172541121 
	 12.7564550000000008 	 0.0005635669181162 
	 12.7658500000000004 	 0.0005516983096591 
	 12.7752450000000000 	 0.0005400087837897 
	 12.7846399999999996 	 0.0005284956955566 
	 12.7940350000000009 	 0.0005171564000086 
	 12.8034300000000005 	 0.0005059882578549 
	 12.8128250000000019 	 0.0004949889030560 
	 12.8222199999999997 	 0.0004841563588079 
	 12.8316150000000011 	 0.0004734886780773 
	 12.8410099999999989 	 0.0004629839138309 
	 12.8504050000000003 	 0.0004526401190355 
	 12.8597999999999999 	 0.0004424553466579 
	 12.8691949999999995 	 0.0004324276496649 
	 12.8785899999999991 	 0.0004225550810232 
	 12.8879850000000022 	 0.0004128356936996 
	 12.8973800000000001 	 0.0004032675406609 
	 12.9067750000000014 	 0.0003938486748738 
	 12.9161700000000010 	 0.0003845771493052 
	 12.9255650000000006 	 0.0003754510169217 
	 12.9349600000000002 	 0.0003664683306903 
	 12.9443550000000016 	 0.0003576271435775 
	 12.9537499999999994 	 0.0003489255085503 
	 12.9631449999999973 	 0.0003403614785753 
	 12.9725400000000004 	 0.0003319331066194 
	 12.9819350000000000 	 0.0003236384456494 
	 12.9913299999999996 	 0.0003154755486319 
	 13.0007249999999992 	 0.0003074424685721 
	 13.0101200000000006 	 0.0002995373625591 
	 13.0195149999999984 	 0.0002917587184218 
	 13.0289099999999998 	 0.0002841050895337 
	 13.0383049999999994 	 0.0002765750292686 
	 13.0476999999999990 	 0.0002691670910002 
	 13.0570950000000003 	 0.0002618798281021 
	 13.0664900000000017 	 0.0002547117939481 
	 13.0758849999999995 	 0.0002476615419119 
	 13.0852800000000009 	 0.0002407276253672 
	 13.0946749999999987 	 0.0002339085976876 
	 13.1040700000000001 	 0.0002272030122469 
	 13.1134649999999979 	 0.0002206094224187 
	 13.1228599999999993 	 0.0002141263815768 
	 13.1322549999999989 	 0.0002077524430948 
	 13.1416499999999985 	 0.0002014861603465 
	 13.1510449999999999 	 0.0001953260867054 
	 13.1604400000000012 	 0.0001892707755455 
	 13.1698349999999991 	 0.0001833187802402 
	 13.1792300000000004 	 0.0001774686541634 
	 13.1886250000000000 	 0.0001717189506887 
	 13.1980199999999996 	 0.0001660682231898 
	 13.2074149999999992 	 0.0001605150250404 
	 13.2168100000000006 	 0.0001550579096142 
	 13.2262049999999984 	 0.0001496954302849 
	 13.2356000000000016 	 0.0001444261404262 
	 13.2449949999999994 	 0.0001392485934118 
	 13.2543900000000008 	 0.0001341613426154 
	 13.2637849999999986 	 0.0001291629414107 
	 13.2731800000000000 	 0.0001242519431713 
	 13.2825749999999996 	 0.0001194269012711 
	 13.2919699999999992 	 0.0001146863690836 
	 13.3013649999999988 	 0.0001100289001934 
	 13.3107600000000001 	 0.0001054531506202 
	 13.3201549999999980 	 0.0001009580433032 
	 13.3295500000000011 	 0.0000965425441073 
	 13.3389450000000007 	 0.0000922056188978 
	 13.3483400000000003 	 0.0000879462335396 
	 13.3577349999999999 	 0.0000837633538978 
	 13.3671300000000013 	 0.0000796559458376 
	 13.3765249999999991 	 0.0000756229752239 
	 13.3859200000000005 	 0.0000716634079219 
	 13.3953149999999983 	 0.0000677762097966 
	 13.4047099999999997 	 0.0000639603503883 
	 13.4141049999999993 	 0.0000602148832390 
	 13.4235000000000007 	 0.0000565389456017 
	 13.4328950000000003 	 0.0000529316783462 
	 13.4422899999999998 	 0.0000493922223424 
	 13.4516849999999994 	 0.0000459197184602 
	 13.4610800000000008 	 0.0000425133075694 
	 13.4704749999999986 	 0.0000391721305398 
	 13.4798700000000000 	 0.0000358953282415 
	 13.4892649999999996 	 0.0000326820415441 
	 13.4986599999999992 	 0.0000295314113175 
	 13.5080550000000006 	 0.0000264425784317 
	 13.5174500000000020 	 0.0000234146837565 
	 13.5268449999999998 	 0.0000204468681617 
	 13.5362400000000012 	 0.0000175382725172 
	 13.5456349999999990 	 0.0000146880376929 
	 13.5550300000000004 	 0.0000118953045586 
	 13.5644249999999982 	 0.0000091592139841 
	 13.5738199999999996 	 0.0000064789068394 
	 13.5832149999999992 	 0.0000038535239943 
	 13.5926100000000005 	 0.0000012822063186 
	 13.6020050000000001 	 -0.0000012359053177 
	 13.6114000000000015 	 -0.0000037016700449 
	 13.6207949999999993 	 -0.0000061159469930 
	 13.6301900000000007 	 -0.0000084795952923 
	 13.6395850000000003 	 -0.0000107934740728 
	 13.6489799999999999 	 -0.0000130584424647 
	 13.6583749999999995 	 -0.0000152753595981 
	 13.6677700000000009 	 -0.0000174450846032 
	 13.6771649999999987 	 -0.0000195684766101 
	 13.6865600000000018 	 -0.0000216463947490 
	 13.6959549999999997 	 -0.0000236796981499 
	 13.7053500000000010 	 -0.0000256692365228 
	 13.7147449999999989 	 -0.0000276157000444 
	 13.7241400000000002 	 -0.0000295196458288 
	 13.7335349999999998 	 -0.0000313816269188 
	 13.7429299999999994 	 -0.0000332021963569 
	 13.7523249999999990 	 -0.0000349819071857 
	 13.7617200000000004 	 -0.0000367213124478 
	 13.7711150000000000 	 -0.0000384209651859 
	 13.7805100000000014 	 -0.0000400814184426 
	 13.7899050000000010 	 -0.0000417032252604 
	 13.7993000000000006 	 -0.0000432869386821 
	 13.8086950000000002 	 -0.0000448331122924 
	 13.8180900000000015 	 -0.0000463423023909 
	 13.8274849999999994 	 -0.0000478150661245 
	 13.8368800000000007 	 -0.0000492519606404 
	 13.8462749999999986 	 -0.0000506535430858 
	 13.8556699999999999 	 -0.0000520203706081 
	 13.8650649999999995 	 -0.0000533530003544 
	 13.8744600000000009 	 -0.0000546519894721 
	 13.8838550000000005 	 -0.0000559178951083 
	 13.8932500000000001 	 -0.0000571512744103 
	 13.9026449999999997 	 -0.0000583526845254 
	 13.9120400000000011 	 -0.0000595226826007 
	 13.9214349999999989 	 -0.0000606618257836 
	 13.9308300000000003 	 -0.0000617706712214 
	 13.9402249999999999 	 -0.0000628497760611 
	 13.9496200000000012 	 -0.0000638996974502 
	 13.9590150000000008 	 -0.0000649209925357 
	 13.9684100000000022 	 -0.0000659142184651 
	 13.9778050000000000 	 -0.0000668799323855 
	 13.9872000000000014 	 -0.0000678186914442 
	 13.9965949999999992 	 -0.0000687310527884 
	 14.0059900000000006 	 -0.0000696175651435 
	 14.0153849999999984 	 -0.0000704786682240 
	 14.0247799999999998 	 -0.0000713147257539 
	 14.0341750000000012 	 -0.0000721260999105 
	 14.0435700000000008 	 -0.0000729131528709 
	 14.0529650000000004 	 -0.0000736762468122 
	 14.0623600000000017 	 -0.0000744157439117 
	 14.0717549999999996 	 -0.0000751320063464 
	 14.0811500000000009 	 -0.0000758253962935 
	 14.0905450000000005 	 -0.0000764962759302 
	 14.0999400000000001 	 -0.0000771450074336 
	 14.1093349999999997 	 -0.0000777719529809 
	 14.1187300000000011 	 -0.0000783774747492 
	 14.1281250000000007 	 -0.0000789619349158 
	 14.1375199999999985 	 -0.0000795256956577 
	 14.1469149999999999 	 -0.0000800691191521 
	 14.1563099999999995 	 -0.0000805925675762 
	 14.1657049999999991 	 -0.0000810964031072 
	 14.1750999999999987 	 -0.0000815809879221 
	 14.1844950000000001 	 -0.0000820466841982 
	 14.1938899999999979 	 -0.0000824938541126 
	 14.2032849999999993 	 -0.0000829228598424 
	 14.2126800000000006 	 -0.0000833340635649 
	 14.2220750000000002 	 -0.0000837278274571 
	 14.2314699999999998 	 -0.0000841045136963 
	 14.2408650000000012 	 -0.0000844644844595 
	 14.2502599999999990 	 -0.0000848081019240 
	 14.2596550000000004 	 -0.0000851357282669 
	 14.2690499999999982 	 -0.0000854477256654 
	 14.2784449999999996 	 -0.0000857444562965 
	 14.2878399999999974 	 -0.0000860262823376 
	 14.2972350000000006 	 -0.0000862935659657 
	 14.3066300000000002 	 -0.0000865466649493 
	 14.3160249999999998 	 -0.0000867858924389 
	 14.3254199999999994 	 -0.0000870115356641 
	 14.3348150000000008 	 -0.0000872238815351 
	 14.3442099999999986 	 -0.0000874232169616 
	 14.3536049999999999 	 -0.0000876098288538 
	 14.3629999999999995 	 -0.0000877840041215 
	 14.3723949999999991 	 -0.0000879460296749 
	 14.3817899999999987 	 -0.0000880961924237 
	 14.3911850000000019 	 -0.0000882347792781 
	 14.4005799999999997 	 -0.0000883620771424 
	 14.4099750000000011 	 -0.0000884783441508 
	 14.4193699999999989 	 -0.0000885837427448 
	 14.4287650000000003 	 -0.0000886784154953 
	 14.4381599999999981 	 -0.0000887625049731 
	 14.4475549999999995 	 -0.0000888361537493 
	 14.4569499999999991 	 -0.0000888995043946 
	 14.4663449999999987 	 -0.0000889526994800 
	 14.4757400000000001 	 -0.0000889958815763 
	 14.4851350000000014 	 -0.0000890291932544 
	 14.4945299999999992 	 -0.0000890527770853 
	 14.5039250000000006 	 -0.0000890667766666 
	 14.5133200000000002 	 -0.0000890713716237 
	 14.5227149999999998 	 -0.0000890667862469 
	 14.5321099999999994 	 -0.0000890532476062 
	 14.5415050000000008 	 -0.0000890309827715 
	 14.5508999999999986 	 -0.0000890002188129 
	 14.5602950000000000 	 -0.0000889611828003 
	 14.5696899999999996 	 -0.0000889141018036 
	 14.5790850000000010 	 -0.0000888592028929 
	 14.5884799999999988 	 -0.0000887967131381 
	 14.5978750000000002 	 -0.0000887268596092 
	 14.6072699999999998 	 -0.0000886498693761 
	 14.6166649999999994 	 -0.0000885659695089 
	 14.6260599999999990 	 -0.0000884753870775 
	 14.6354550000000003 	 -0.0000883783491518 
	 14.6448499999999981 	 -0.0000882750828019 
	 14.6542450000000013 	 -0.0000881658150977 
	 14.6636400000000009 	 -0.0000880507731092 
	 14.6730350000000005 	 -0.0000879301839064 
	 14.6824300000000001 	 -0.0000878042745591 
	 14.6918250000000015 	 -0.0000876732721375 
	 14.7012199999999993 	 -0.0000875374036339 
	 14.7106150000000007 	 -0.0000873968453160 
	 14.7200099999999985 	 -0.0000872516352661 
	 14.7294049999999999 	 -0.0000871017882549 
	 14.7387999999999995 	 -0.0000869473190532 
	 14.7481950000000008 	 -0.0000867882424318 
	 14.7575900000000004 	 -0.0000866245731615 
	 14.7669850000000000 	 -0.0000864563260131 
	 14.7763799999999996 	 -0.0000862835157574 
	 14.7857750000000010 	 -0.0000861061571652 
	 14.7951699999999988 	 -0.0000859242650072 
	 14.8045650000000002 	 -0.0000857378573011 
	 14.8139599999999998 	 -0.0000855470319307 
	 14.8233549999999994 	 -0.0000853519696391 
	 14.8327500000000008 	 -0.0000851528550149 
	 14.8421450000000021 	 -0.0000849498726472 
	 14.8515400000000000 	 -0.0000847432071248 
	 14.8609350000000013 	 -0.0000845330430365 
	 14.8703299999999992 	 -0.0000843195649711 
	 14.8797250000000005 	 -0.0000841029575175 
	 14.8891199999999984 	 -0.0000838834052645 
	 14.8985149999999997 	 -0.0000836610928010 
	 14.9079099999999993 	 -0.0000834361928928 
	 14.9173049999999989 	 -0.0000832088017989 
	 14.9267000000000003 	 -0.0000829789853242 
	 14.9360950000000017 	 -0.0000827468091952 
	 14.9454899999999995 	 -0.0000825123391385 
	 14.9548850000000009 	 -0.0000822756408808 
	 14.9642800000000005 	 -0.0000820367801485 
	 14.9736750000000001 	 -0.0000817958226682 
	 14.9830699999999997 	 -0.0000815528341666 
	 14.9924650000000010 	 -0.0000813078803701 
	 15.0018600000000006 	 -0.0000810610270054 
	 15.0112550000000020 	 -0.0000808123397990 
	 15.0206499999999998 	 -0.0000805618844776 
	 15.0300450000000012 	 -0.0000803097267676 
	 15.0394399999999990 	 -0.0000800559323956 
	 15.0488350000000004 	 -0.0000798005670883 
	 15.0582300000000000 	 -0.0000795436965722 
	 15.0676249999999996 	 -0.0000792853865738 
	 15.0770199999999992 	 -0.0000790257028198 
	 15.0864150000000006 	 -0.0000787647110367 
	 15.0958100000000002 	 -0.0000785024769511 
	 15.1052050000000015 	 -0.0000782390662896 
	 15.1146000000000011 	 -0.0000779745447787 
	 15.1239950000000007 	 -0.0000777089781450 
	 15.1333900000000003 	 -0.0000774424321150 
	 15.1427850000000017 	 -0.0000771749724155 
	 15.1521799999999995 	 -0.0000769066647728 
	 15.1615750000000009 	 -0.0000766375749137 
	 15.1709699999999987 	 -0.0000763677685646 
	 15.1803650000000001 	 -0.0000760973114522 
	 15.1897599999999997 	 -0.0000758262693030 
	 15.1991550000000011 	 -0.0000755547078436 
	 15.2085500000000007 	 -0.0000752826899338 
	 15.2179450000000003 	 -0.0000750102633964 
	 15.2273399999999999 	 -0.0000747374711403 
	 15.2367350000000012 	 -0.0000744643560718 
	 15.2461299999999991 	 -0.0000741909610971 
	 15.2555250000000004 	 -0.0000739173291225 
	 15.2649200000000000 	 -0.0000736435030541 
	 15.2743150000000014 	 -0.0000733695257982 
	 15.2837100000000010 	 -0.0000730954402611 
	 15.2931050000000024 	 -0.0000728212893490 
	 15.3025000000000002 	 -0.0000725471159004 
	 15.3118949999999980 	 -0.0000722729557353 
	 15.3212899999999994 	 -0.0000719988316303 
	 15.3306849999999990 	 -0.0000717247649421 
	 15.3400799999999986 	 -0.0000714507770278 
	 15.3494749999999982 	 -0.0000711768892441 
	 15.3588699999999996 	 -0.0000709031229480 
	 15.3682649999999992 	 -0.0000706294994962 
	 15.3776600000000006 	 -0.0000703560402456 
	 15.3870550000000001 	 -0.0000700827665531 
	 15.3964499999999997 	 -0.0000698096997756 
	 15.4058449999999993 	 -0.0000695368612700 
	 15.4152400000000007 	 -0.0000692642723930 
	 15.4246349999999985 	 -0.0000689919545016 
	 15.4340299999999999 	 -0.0000687199289526 
	 15.4434249999999977 	 -0.0000684482171029 
	 15.4528200000000009 	 -0.0000681768403093 
	 15.4622149999999987 	 -0.0000679058199288 
	 15.4716100000000001 	 -0.0000676351773181 
	 15.4810049999999997 	 -0.0000673649338342 
	 15.4903999999999993 	 -0.0000670951108338 
	 15.4997949999999989 	 -0.0000668257296740 
	 15.5091900000000003 	 -0.0000665568117114 
	 15.5185849999999981 	 -0.0000662883783031 
	 15.5279799999999994 	 -0.0000660204508058 
	 15.5373750000000008 	 -0.0000657530505765 
	 15.5467700000000004 	 -0.0000654861989719 
	 15.5561650000000000 	 -0.0000652199173489 
	 15.5655600000000014 	 -0.0000649542270645 
	 15.5749549999999992 	 -0.0000646891494755 
	 15.5843500000000006 	 -0.0000644247059387 
	 15.5937449999999984 	 -0.0000641609178110 
	 15.6031399999999998 	 -0.0000638978063331 
	 15.6125349999999976 	 -0.0000636353858201 
	 15.6219299999999990 	 -0.0000633736598779 
	 15.6313250000000004 	 -0.0000631126311941 
	 15.6407200000000000 	 -0.0000628523024563 
	 15.6501149999999996 	 -0.0000625926763522 
	 15.6595100000000009 	 -0.0000623337555692 
	 15.6689049999999988 	 -0.0000620755427951 
	 15.6783000000000001 	 -0.0000618180407174 
	 15.6876949999999997 	 -0.0000615612520237 
	 15.6970899999999993 	 -0.0000613051794017 
	 15.7064849999999989 	 -0.0000610498255389 
	 15.7158800000000021 	 -0.0000607951931230 
	 15.7252749999999999 	 -0.0000605412848416 
	 15.7346700000000013 	 -0.0000602881033822 
	 15.7440649999999991 	 -0.0000600356514325 
	 15.7534600000000005 	 -0.0000597839316801 
	 15.7628549999999983 	 -0.0000595329468125 
	 15.7722499999999997 	 -0.0000592826995175 
	 15.7816449999999993 	 -0.0000590331924825 
	 15.7910399999999989 	 -0.0000587844283953 
	 15.8004350000000002 	 -0.0000585364099436 
	 15.8098300000000016 	 -0.0000582891426754 
	 15.8192249999999994 	 -0.0000580426420981 
	 15.8286200000000008 	 -0.0000577969258859 
	 15.8380150000000004 	 -0.0000575520117128 
	 15.8474100000000000 	 -0.0000573079172531 
	 15.8568049999999996 	 -0.0000570646601808 
	 15.8662000000000010 	 -0.0000568222581700 
	 15.8755949999999988 	 -0.0000565807288948 
	 15.8849900000000002 	 -0.0000563400900295 
	 15.8943849999999998 	 -0.0000561003592481 
	 15.9037800000000011 	 -0.0000558615536444 
	 15.9131749999999990 	 -0.0000556236680617 
	 15.9225700000000003 	 -0.0000553866686167 
	 15.9319649999999999 	 -0.0000551505195238 
	 15.9413599999999995 	 -0.0000549151849977 
	 15.9507549999999991 	 -0.0000546806292527 
	 15.9601500000000005 	 -0.0000544468165036 
	 15.9695449999999983 	 -0.0000542137109646 
	 15.9789400000000015 	 -0.0000539812768505 
	 15.9883350000000011 	 -0.0000537494783757 
	 15.9977300000000007 	 -0.0000535182797547 
	 16.0071249999999985 	 -0.0000532876508719 
	 16.0165199999999999 	 -0.0000530576096032 
	 16.0259150000000012 	 -0.0000528281979723 
	 16.0353100000000026 	 -0.0000525994581858 
	 16.0447050000000004 	 -0.0000523714324508 
	 16.0541000000000018 	 -0.0000521441629739 
	 16.0634949999999996 	 -0.0000519176919620 
	 16.0728900000000010 	 -0.0000516920616221 
	 16.0822849999999988 	 -0.0000514673141608 
	 16.0916800000000002 	 -0.0000512434917850 
	 16.1010749999999980 	 -0.0000510206366865 
	 16.1104699999999994 	 -0.0000507987771837 
	 16.1198650000000008 	 -0.0000505779020709 
	 16.1292600000000022 	 -0.0000503579931506 
	 16.1386550000000000 	 -0.0000501390322252 
	 16.1480500000000013 	 -0.0000499210010972 
	 16.1574449999999992 	 -0.0000497038815690 
	 16.1668400000000005 	 -0.0000494876554430 
	 16.1762349999999984 	 -0.0000492723045218 
	 16.1856299999999997 	 -0.0000490578106078 
	 16.1950249999999976 	 -0.0000488441555034 
	 16.2044200000000025 	 -0.0000486313210111 
	 16.2138150000000003 	 -0.0000484192889333 
	 16.2232100000000017 	 -0.0000482080410724 
	 16.2326049999999995 	 -0.0000479975592310 
	 16.2420000000000009 	 -0.0000477878252115 
	 16.2513949999999987 	 -0.0000475788208163 
	 16.2607900000000001 	 -0.0000473705278479 
	 16.2701850000000015 	 -0.0000471629281087 
	 16.2795799999999993 	 -0.0000469560034012 
	 16.2889750000000006 	 -0.0000467497355278 
	 16.2983700000000020 	 -0.0000465441062909 
	 16.3077649999999998 	 -0.0000463390976138 
	 16.3171600000000012 	 -0.0000461346922393 
	 16.3265549999999990 	 -0.0000459308732510 
	 16.3359500000000004 	 -0.0000457276237340 
	 16.3453449999999982 	 -0.0000455249267731 
	 16.3547399999999996 	 -0.0000453227654533 
	 16.3641349999999974 	 -0.0000451211228594 
	 16.3735299999999988 	 -0.0000449199820764 
	 16.3829250000000002 	 -0.0000447193261891 
	 16.3923200000000016 	 -0.0000445191382824 
	 16.4017150000000029 	 -0.0000443194014413 
	 16.4111100000000008 	 -0.0000441200987507 
	 16.4205050000000021 	 -0.0000439212132954 
	 16.4299000000000035 	 -0.0000437227281604 
	 16.4392950000000013 	 -0.0000435246264306 
	 16.4486900000000027 	 -0.0000433268911908 
	 16.4580850000000005 	 -0.0000431295055260 
	 16.4674800000000019 	 -0.0000429324525210 
	 16.4768749999999997 	 -0.0000427357152609 
	 16.4862699999999975 	 -0.0000425392768304 
	 16.4956649999999989 	 -0.0000423431203145 
	 16.5050599999999967 	 -0.0000421472293632 
	 16.5144549999999981 	 -0.0000419515985400 
	 16.5238499999999959 	 -0.0000417562322765 
	 16.5332449999999973 	 -0.0000415611353596 
	 16.5426399999999987 	 -0.0000413663125764 
	 16.5520349999999965 	 -0.0000411717687138 
	 16.5614300000000014 	 -0.0000409775085587 
	 16.5708250000000028 	 -0.0000407835368981 
	 16.5802200000000006 	 -0.0000405898585189 
	 16.5896150000000020 	 -0.0000403964782081 
	 16.5990099999999998 	 -0.0000402034007527 
	 16.6084050000000012 	 -0.0000400106309395 
	 16.6177999999999990 	 -0.0000398181735555 
	 16.6271950000000004 	 -0.0000396260333878 
	 16.6365899999999982 	 -0.0000394342152231 
	 16.6459849999999996 	 -0.0000392427238486 
	 16.6553799999999974 	 -0.0000390515640511 
	 16.6647749999999988 	 -0.0000388607406176 
	 16.6741700000000002 	 -0.0000386702583350 
	 16.6835649999999980 	 -0.0000384801219903 
	 16.6929599999999994 	 -0.0000382903363705 
	 16.7023550000000007 	 -0.0000381009062625 
	 16.7117499999999986 	 -0.0000379118364532 
	 16.7211449999999999 	 -0.0000377231317296 
	 16.7305400000000013 	 -0.0000375347968786 
	 16.7399350000000027 	 -0.0000373468366873 
	 16.7493300000000005 	 -0.0000371592559425 
	 16.7587250000000019 	 -0.0000369720594312 
	 16.7681199999999997 	 -0.0000367852519403 
	 16.7775150000000011 	 -0.0000365988382569 
	 16.7869099999999989 	 -0.0000364128231678 
	 16.7963050000000003 	 -0.0000362272114600 
	 16.8056999999999981 	 -0.0000360420060983 
	 16.8150949999999995 	 -0.0000358571834942 
	 16.8244899999999973 	 -0.0000356726999760 
	 16.8338849999999987 	 -0.0000354885113756 
	 16.8432800000000000 	 -0.0000353045735250 
	 16.8526749999999979 	 -0.0000351208422561 
	 16.8620699999999992 	 -0.0000349372734008 
	 16.8714650000000006 	 -0.0000347538227912 
	 16.8808599999999984 	 -0.0000345704462591 
	 16.8902549999999998 	 -0.0000343870996365 
	 16.8996499999999976 	 -0.0000342037387553 
	 16.9090450000000025 	 -0.0000340203310164 
	 16.9184400000000004 	 -0.0000338368955724 
	 16.9278350000000017 	 -0.0000336534660416 
	 16.9372299999999996 	 -0.0000334700760425 
	 16.9466250000000009 	 -0.0000332867591940 
	 16.9560199999999988 	 -0.0000331035491148 
	 16.9654150000000001 	 -0.0000329204794238 
	 16.9748100000000015 	 -0.0000327375837396 
	 16.9842049999999993 	 -0.0000325548956810 
	 16.9936000000000007 	 -0.0000323724488668 
	 17.0029950000000021 	 -0.0000321902762357 
	 17.0123899999999999 	 -0.0000320083653029 
	 17.0217850000000013 	 -0.0000318266303817 
	 17.0311799999999991 	 -0.0000316449791499 
	 17.0405750000000005 	 -0.0000314633192856 
	 17.0499699999999983 	 -0.0000312815584665 
	 17.0593649999999997 	 -0.0000310996043706 
	 17.0687599999999975 	 -0.0000309173646758 
	 17.0781549999999989 	 -0.0000307347470600 
	 17.0875500000000002 	 -0.0000305516592012 
	 17.0969450000000016 	 -0.0000303680087772 
	 17.1063399999999994 	 -0.0000301837150373 
	 17.1157350000000008 	 -0.0000299988278391 
	 17.1251299999999986 	 -0.0000298134794855 
	 17.1345250000000000 	 -0.0000296278035738 
	 17.1439200000000014 	 -0.0000294419337014 
	 17.1533149999999992 	 -0.0000292560034656 
	 17.1627100000000006 	 -0.0000290701464637 
	 17.1721050000000020 	 -0.0000288844962931 
	 17.1814999999999998 	 -0.0000286991865512 
	 17.1908950000000011 	 -0.0000285143508352 
	 17.2002899999999990 	 -0.0000283301227414 
	 17.2096850000000003 	 -0.0000281465913045 
	 17.2190799999999982 	 -0.0000279636830627 
	 17.2284749999999995 	 -0.0000277812875245 
	 17.2378699999999974 	 -0.0000275992941988 
	 17.2472649999999987 	 -0.0000274175925942 
	 17.2566599999999966 	 -0.0000272360722195 
	 17.2660550000000015 	 -0.0000270546225833 
	 17.2754500000000029 	 -0.0000268731331945 
	 17.2848450000000007 	 -0.0000266914935617 
	 17.2942400000000021 	 -0.0000265095931935 
	 17.3036350000000034 	 -0.0000263273227444 
	 17.3130300000000013 	 -0.0000261446210494 
	 17.3224250000000026 	 -0.0000259614917289 
	 17.3318200000000004 	 -0.0000257779429609 
	 17.3412150000000018 	 -0.0000255939829234 
	 17.3506099999999996 	 -0.0000254096197948 
	 17.3600050000000010 	 -0.0000252248617530 
	 17.3693999999999988 	 -0.0000250397169761 
	 17.3787950000000002 	 -0.0000248541936423 
	 17.3881899999999980 	 -0.0000246682999298 
	 17.3975849999999994 	 -0.0000244820440165 
	 17.4069799999999972 	 -0.0000242954340806 
	 17.4163749999999986 	 -0.0000241084783003 
	 17.4257699999999964 	 -0.0000239211848537 
	 17.4351649999999978 	 -0.0000237335619188 
	 17.4445600000000027 	 -0.0000235456176737 
	 17.4539550000000006 	 -0.0000233573602967 
	 17.4633500000000019 	 -0.0000231687979657 
	 17.4727450000000033 	 -0.0000229799388590 
	 17.4821400000000011 	 -0.0000227907911546 
	 17.4915350000000025 	 -0.0000226013630306 
	 17.5009300000000003 	 -0.0000224116626652 
	 17.5103250000000017 	 -0.0000222216982365 
	 17.5197199999999995 	 -0.0000220314779225 
	 17.5291150000000009 	 -0.0000218410099015 
	 17.5385099999999987 	 -0.0000216503023514 
	 17.5479050000000001 	 -0.0000214593634505 
	 17.5572999999999979 	 -0.0000212682013768 
	 17.5666949999999993 	 -0.0000210768243084 
	 17.5760900000000007 	 -0.0000208852404235 
	 17.5854849999999985 	 -0.0000206934579002 
	 17.5948799999999999 	 -0.0000205014849166 
	 17.6042750000000012 	 -0.0000203093294833 
	 17.6136700000000026 	 -0.0000201169948053 
	 17.6230650000000040 	 -0.0000199244786835 
	 17.6324600000000018 	 -0.0000197317786311 
	 17.6418550000000032 	 -0.0000195388921611 
	 17.6512500000000010 	 -0.0000193458167867 
	 17.6606449999999988 	 -0.0000191525500210 
	 17.6700400000000002 	 -0.0000189590893772 
	 17.6794349999999980 	 -0.0000187654323683 
	 17.6888299999999994 	 -0.0000185715765077 
	 17.6982249999999972 	 -0.0000183775193083 
	 17.7076199999999986 	 -0.0000181832582833 
	 17.7170150000000000 	 -0.0000179887909459 
	 17.7264099999999978 	 -0.0000177941148091 
	 17.7358049999999992 	 -0.0000175992273862 
	 17.7452000000000005 	 -0.0000174041261903 
	 17.7545949999999984 	 -0.0000172088087345 
	 17.7639899999999997 	 -0.0000170132725319 
	 17.7733849999999975 	 -0.0000168175150957 
	 17.7827799999999989 	 -0.0000166215339391 
	 17.7921750000000003 	 -0.0000164253265751 
	 17.8015700000000017 	 -0.0000162288905233 
	 17.8109649999999995 	 -0.0000160322254904 
	 17.8203600000000009 	 -0.0000158353365368 
	 17.8297549999999987 	 -0.0000156382295273 
	 17.8391500000000001 	 -0.0000154409103265 
	 17.8485450000000014 	 -0.0000152433847993 
	 17.8579399999999993 	 -0.0000150456588103 
	 17.8673350000000006 	 -0.0000148477382243 
	 17.8767300000000020 	 -0.0000146496289061 
	 17.8861249999999998 	 -0.0000144513367204 
	 17.8955200000000012 	 -0.0000142528675319 
	 17.9049149999999990 	 -0.0000140542269009 
	 17.9143100000000004 	 -0.0000138554140924 
	 17.9237049999999982 	 -0.0000136564224448 
	 17.9330999999999996 	 -0.0000134572450662 
	 17.9424949999999974 	 -0.0000132578750645 
	 17.9518899999999988 	 -0.0000130583055477 
	 17.9612849999999966 	 -0.0000128585296238 
	 17.9706800000000015 	 -0.0000126585404007 
	 17.9800749999999994 	 -0.0000124583309864 
	 17.9894700000000007 	 -0.0000122578944889 
	 17.9988649999999986 	 -0.0000120572240161 
	 18.0082599999999999 	 -0.0000118563126761 
	 18.0176550000000013 	 -0.0000116551535768 
	 18.0270499999999991 	 -0.0000114537398261 
	 18.0364450000000005 	 -0.0000112520645321 
	 18.0458400000000019 	 -0.0000110501208028 
	 18.0552349999999997 	 -0.0000108479017460 
	 18.0646300000000011 	 -0.0000106454004698 
	 18.0740249999999989 	 -0.0000104426100822 
	 18.0834200000000003 	 -0.0000102395236911 
	 18.0928149999999981 	 -0.0000100361344044 
	 18.1022099999999995 	 -0.0000098324353549 
	 18.1116049999999973 	 -0.0000096284231339 
	 18.1209999999999987 	 -0.0000094241013302 
	 18.1303949999999965 	 -0.0000092194743764 
	 18.1397899999999979 	 -0.0000090145467054 
	 18.1491850000000028 	 -0.0000088093227499 
	 18.1585800000000006 	 -0.0000086038069427 
	 18.1679750000000020 	 -0.0000083980037167 
	 18.1773700000000034 	 -0.0000081919175045 
	 18.1867650000000012 	 -0.0000079855527390 
	 18.1961600000000026 	 -0.0000077789138530 
	 18.2055550000000004 	 -0.0000075720052793 
	 18.2149500000000018 	 -0.0000073648314505 
	 18.2243449999999996 	 -0.0000071573967996 
	 18.2337400000000009 	 -0.0000069497057593 
	 18.2431349999999988 	 -0.0000067417627624 
	 18.2525300000000001 	 -0.0000065335722417 
	 18.2619249999999980 	 -0.0000063251386300 
	 18.2713199999999993 	 -0.0000061164663599 
	 18.2807149999999972 	 -0.0000059075598645 
	 18.2901099999999985 	 -0.0000056984235763 
	 18.2995049999999964 	 -0.0000054890619282 
	 18.3088999999999977 	 -0.0000052794798362 
	 18.3182949999999991 	 -0.0000050696844804 
	 18.3276900000000005 	 -0.0000048596837035 
	 18.3370850000000019 	 -0.0000046494853483 
	 18.3464800000000032 	 -0.0000044390972578 
	 18.3558750000000011 	 -0.0000042285272748 
	 18.3652700000000024 	 -0.0000040177832421 
	 18.3746650000000002 	 -0.0000038068730026 
	 18.3840600000000016 	 -0.0000035958043992 
	 18.3934549999999994 	 -0.0000033845852746 
	 18.4028500000000008 	 -0.0000031732234718 
	 18.4122449999999986 	 -0.0000029617268336 
	 18.4216400000000000 	 -0.0000027501032029 
	 18.4310349999999978 	 -0.0000025383604225 
	 18.4404299999999992 	 -0.0000023265063352 
	 18.4498250000000006 	 -0.0000021145487840 
	 18.4592199999999984 	 -0.0000019024956116 
	 18.4686149999999998 	 -0.0000016903546609 
	 18.4780100000000012 	 -0.0000014781337748 
	 18.4874049999999990 	 -0.0000012658407962 
	 18.4968000000000004 	 -0.0000010534835678 
	 18.5061950000000017 	 -0.0000008410691437 
	 18.5155900000000031 	 -0.0000006285951603 
	 18.5249850000000009 	 -0.0000004160530597 
	 18.5343800000000023 	 -0.0000002034341749 
	 18.5437750000000001 	 0.0000000092701611 
	 18.5531700000000015 	 0.0000002220686151 
	 18.5625649999999993 	 0.0000004349698539 
	 18.5719600000000007 	 0.0000006479825446 
	 18.5813549999999985 	 0.0000008611153539 
	 18.5907499999999999 	 0.0000010743769488 
	 18.6001449999999977 	 0.0000012877759962 
	 18.6095399999999991 	 0.0000015013211630 
	 18.6189350000000005 	 0.0000017150211160 
	 18.6283299999999983 	 0.0000019288845222 
	 18.6377249999999997 	 0.0000021429200484 
	 18.6471200000000010 	 0.0000023571363616 
	 18.6565149999999988 	 0.0000025715421285 
	 18.6659100000000002 	 0.0000027861460163 
	 18.6753050000000016 	 0.0000030009566916 
	 18.6847000000000030 	 0.0000032159828215 
	 18.6940950000000008 	 0.0000034312330727 
	 18.7034900000000022 	 0.0000036467157257 
	 18.7128850000000000 	 0.0000038624211504 
	 18.7222800000000014 	 0.0000040783146324 
	 18.7316749999999992 	 0.0000042943595845 
	 18.7410700000000006 	 0.0000045105194195 
	 18.7504650000000019 	 0.0000047267575503 
	 18.7598599999999998 	 0.0000049430373898 
	 18.7692550000000011 	 0.0000051593223506 
	 18.7786500000000025 	 0.0000053755758457 
	 18.7880450000000003 	 0.0000055917612878 
	 18.7974400000000017 	 0.0000058078420898 
	 18.8068349999999995 	 0.0000060237844086 
	 18.8162300000000009 	 0.0000062395801639 
	 18.8256249999999987 	 0.0000064552353823 
	 18.8350199999999965 	 0.0000066707562342 
	 18.8444149999999979 	 0.0000068861488903 
	 18.8538099999999993 	 0.0000071014195212 
	 18.8632050000000007 	 0.0000073165742974 
	 18.8725999999999985 	 0.0000075316193896 
	 18.8819949999999999 	 0.0000077465609682 
	 18.8913900000000012 	 0.0000079614052040 
	 18.9007849999999991 	 0.0000081761582674 
	 18.9101800000000004 	 0.0000083908263290 
	 18.9195750000000018 	 0.0000086054155595 
	 18.9289699999999996 	 0.0000088199321294 
	 18.9383650000000010 	 0.0000090343822094 
	 18.9477599999999988 	 0.0000092487719699 
	 18.9571550000000002 	 0.0000094631075815 
	 18.9665499999999980 	 0.0000096773952149 
	 18.9759449999999994 	 0.0000098916410407 
	 18.9853399999999972 	 0.0000101058512294 
	 18.9947349999999986 	 0.0000103200319515 
	 19.0041299999999964 	 0.0000105341893778 
	 19.0135249999999978 	 0.0000107483296787 
	 19.0229199999999992 	 0.0000109624590248 
	 19.0323150000000005 	 0.0000111765835868 
	 19.0417100000000019 	 0.0000113907095352 
	 19.0511050000000033 	 0.0000116048430406 
	 19.0605000000000011 	 0.0000118189902736 
	 19.0698950000000025 	 0.0000120331574047 
	 19.0792900000000003 	 0.0000122473506046 
	 19.0886850000000017 	 0.0000124615760437 
	 19.0980799999999995 	 0.0000126758398929 
	 19.1074750000000009 	 0.0000128901462747 
	 19.1168699999999987 	 0.0000131044839647 
	 19.1262650000000001 	 0.0000133188347744 
	 19.1356599999999979 	 0.0000135331804809 
	 19.1450549999999993 	 0.0000137475028614 
	 19.1544499999999971 	 0.0000139617836930 
	 19.1638449999999985 	 0.0000141760047525 
	 19.1732399999999963 	 0.0000143901478173 
	 19.1826349999999977 	 0.0000146041946643 
	 19.1920299999999990 	 0.0000148181270705 
	 19.2014249999999969 	 0.0000150319268131 
	 19.2108200000000018 	 0.0000152455756692 
	 19.2202150000000032 	 0.0000154590554158 
	 19.2296100000000010 	 0.0000156723478300 
	 19.2390050000000024 	 0.0000158854346888 
	 19.2484000000000002 	 0.0000160982977693 
	 19.2577950000000016 	 0.0000163109188487 
	 19.2671899999999994 	 0.0000165232797039 
	 19.2765850000000007 	 0.0000167353621120 
	 19.2859799999999986 	 0.0000169471478502 
	 19.2953749999999999 	 0.0000171586186955 
	 19.3047699999999978 	 0.0000173697572910 
	 19.3141649999999991 	 0.0000175805654965 
	 19.3235600000000005 	 0.0000177910640054 
	 19.3329549999999983 	 0.0000180012743003 
	 19.3423499999999997 	 0.0000182112178643 
	 19.3517450000000011 	 0.0000184209161800 
	 19.3611399999999989 	 0.0000186303907303 
	 19.3705350000000003 	 0.0000188396629981 
	 19.3799300000000017 	 0.0000190487544661 
	 19.3893250000000030 	 0.0000192576866171 
	 19.3987200000000009 	 0.0000194664809340 
	 19.4081150000000022 	 0.0000196751588995 
	 19.4175100000000000 	 0.0000198837419966 
	 19.4269050000000014 	 0.0000200922517080 
	 19.4362999999999992 	 0.0000203007095165 
	 19.4456950000000006 	 0.0000205091369050 
	 19.4550899999999984 	 0.0000207175553563 
	 19.4644849999999998 	 0.0000209259863531 
	 19.4738799999999976 	 0.0000211344513783 
	 19.4832749999999990 	 0.0000213429719148 
	 19.4926700000000004 	 0.0000215515694453 
	 19.5020649999999982 	 0.0000217602653231 
	 19.5114599999999996 	 0.0000219690592614 
	 19.5208550000000010 	 0.0000221779052883 
	 19.5302499999999988 	 0.0000223867516335 
	 19.5396450000000002 	 0.0000225955465267 
	 19.5490399999999980 	 0.0000228042381978 
	 19.5584349999999993 	 0.0000230127748764 
	 19.5678300000000007 	 0.0000232211047924 
	 19.5772250000000021 	 0.0000234291761754 
	 19.5866199999999999 	 0.0000236369372552 
	 19.5960150000000013 	 0.0000238443362615 
	 19.6054099999999991 	 0.0000240513230289 
	 19.6148050000000005 	 0.0000242578738605 
	 19.6242000000000019 	 0.0000244639867700 
	 19.6335949999999997 	 0.0000246696604124 
	 19.6429900000000011 	 0.0000248748934427 
	 19.6523850000000024 	 0.0000250796845161 
	 19.6617800000000003 	 0.0000252840322874 
	 19.6711750000000016 	 0.0000254879354118 
	 19.6805699999999995 	 0.0000256913925443 
	 19.6899650000000008 	 0.0000258944023399 
	 19.6993599999999986 	 0.0000260969634537 
	 19.7087550000000000 	 0.0000262990745406 
	 19.7181499999999978 	 0.0000265007342558 
	 19.7275449999999992 	 0.0000267019412541 
	 19.7369400000000006 	 0.0000269026941908 
	 19.7463350000000020 	 0.0000271029917208 
	 19.7557299999999998 	 0.0000273028324991 
	 19.7651250000000012 	 0.0000275022151808 
	 19.7745199999999990 	 0.0000277011384209 
	 19.7839150000000004 	 0.0000278996008744 
	 19.7933100000000017 	 0.0000280976011964 
	 19.8027049999999996 	 0.0000282951381211 
	 19.8121000000000009 	 0.0000284922171564 
	 19.8214950000000023 	 0.0000286888556730 
	 19.8308900000000001 	 0.0000288850722400 
	 19.8402850000000015 	 0.0000290808854265 
	 19.8496799999999993 	 0.0000292763138017 
	 19.8590750000000007 	 0.0000294713759346 
	 19.8684699999999985 	 0.0000296660903944 
	 19.8778649999999999 	 0.0000298604757503 
	 19.8872599999999977 	 0.0000300545505713 
	 19.8966549999999991 	 0.0000302483334265 
	 19.9060499999999969 	 0.0000304418428851 
	 19.9154450000000018 	 0.0000306350975161 
	 19.9248400000000032 	 0.0000308281158888 
	 19.9342350000000010 	 0.0000310209165721 
	 19.9436300000000024 	 0.0000312135181353 
	 19.9530250000000038 	 0.0000314059391475 
	 19.9624200000000016 	 0.0000315981981777 
	 19.9718150000000030 	 0.0000317903137952 
	 19.9812100000000008 	 0.0000319823045689 
	 19.9906050000000022 	 0.0000321741890680 
	 20.0000000000000000 	 0.0000323659858617 
