	 1.2100000000000000 	 0.8279595209250001 
	 1.2193950000000000 	 0.9070543650323704 
	 1.2287900000000000 	 0.9839917527295192 
	 1.2381850000000001 	 1.0588087388304017 
	 1.2475799999999999 	 1.1315515888351246 
	 1.2569750000000002 	 1.2022702920387527 
	 1.2663700000000000 	 1.2710180386603709 
	 1.2757650000000000 	 1.3378502150502012 
	 1.2851600000000001 	 1.4028233494421016 
	 1.2945550000000001 	 1.4659952142695754 
	 1.3039499999999999 	 1.5274241038676837 
	 1.3133450000000000 	 1.5871660670914629 
	 1.3227400000000000 	 1.6452761097482096 
	 1.3321350000000001 	 1.7018116728778239 
	 1.3415300000000001 	 1.7568303826422911 
	 1.3509249999999999 	 1.8103821856586553 
	 1.3603200000000000 	 1.8625159974360610 
	 1.3697150000000000 	 1.9133136109237059 
	 1.3791099999999998 	 1.9628016434398636 
	 1.3885049999999999 	 2.0109968331320034 
	 1.3978999999999999 	 2.0579416293523143 
	 1.4072950000000000 	 2.1036870019125797 
	 1.4166900000000000 	 2.1482827679767049 
	 1.4260850000000000 	 2.1917674262211873 
	 1.4354799999999999 	 2.2341747538769674 
	 1.4448749999999999 	 2.2755395871527737 
	 1.4542700000000000 	 2.3158946166662417 
	 1.4636650000000000 	 2.3552704424769728 
	 1.4730600000000000 	 2.3936965111059556 
	 1.4824550000000001 	 2.4312002042277578 
	 1.4918499999999999 	 2.4678077734302168 
	 1.5012450000000002 	 2.5035445345397034 
	 1.5106400000000000 	 2.5384339018268638 
	 1.5200350000000000 	 2.5724984331491130 
	 1.5294300000000001 	 2.6057587392611614 
	 1.5388250000000001 	 2.6382350343321725 
	 1.5482200000000002 	 2.6699471317317589 
	 1.5576150000000002 	 2.7009125038206010 
	 1.5670099999999998 	 2.7311477754513733 
	 1.5764049999999998 	 2.7606695065178815 
	 1.5857999999999999 	 2.7894935545324380 
	 1.5951949999999999 	 2.8176352485074658 
	 1.6045900000000000 	 2.8451082178325713 
	 1.6139850000000000 	 2.8719246164727399 
	 1.6233799999999998 	 2.8980965183067702 
	 1.6327749999999999 	 2.9236359596683004 
	 1.6421699999999999 	 2.9485549746147215 
	 1.6515649999999999 	 2.9728655863595135 
	 1.6609600000000000 	 2.9965761466143674 
	 1.6703550000000000 	 3.0196980883534890 
	 1.6797499999999999 	 3.0422640685103559 
	 1.6891450000000001 	 3.0642662803430922 
	 1.6985399999999999 	 3.0856908887264174 
	 1.7079350000000000 	 3.1065475710127037 
	 1.7173300000000000 	 3.1268537116504644 
	 1.7267250000000001 	 3.1466257895590082 
	 1.7361199999999999 	 3.1658713903998024 
	 1.7455150000000001 	 3.1845932158289805 
	 1.7549100000000000 	 3.2027961634383937 
	 1.7643049999999998 	 3.2204872021481319 
	 1.7736999999999998 	 3.2376801277154978 
	 1.7830949999999999 	 3.2543567817793670 
	 1.7924899999999999 	 3.2705165740751663 
	 1.8018850000000000 	 3.2862229241567738 
	 1.8112800000000000 	 3.3014630325117480 
	 1.8206750000000000 	 3.3162214014458971 
	 1.8300700000000001 	 3.3305004943381218 
	 1.8394650000000001 	 3.3443090879557116 
	 1.8488600000000002 	 3.3576690341317126 
	 1.8582550000000002 	 3.3706053812093328 
	 1.8676499999999998 	 3.3830966915813945 
	 1.8770449999999999 	 3.3948782996310851 
	 1.8864399999999999 	 3.4062399015176923 
	 1.8958349999999999 	 3.4173668161188906 
	 1.9052300000000000 	 3.4281498803436796 
	 1.9146250000000000 	 3.4384790104726122 
	 1.9240199999999998 	 3.4483250617244305 
	 1.9334150000000001 	 3.4577409484141710 
	 1.9428099999999999 	 3.4667576600039469 
	 1.9522050000000000 	 3.4753695295840759 
	 1.9616000000000000 	 3.4835725310992256 
	 1.9709950000000001 	 3.4913716811803508 
	 1.9803900000000001 	 3.4987729563792613 
	 1.9897850000000001 	 3.5057810215197382 
	 1.9991800000000000 	 3.5123979902304758 
	 2.0085750000000000 	 3.5186286003381766 
	 2.0179700000000000 	 3.5244780011179535 
	 2.0273649999999996 	 3.5299482724045319 
	 2.0367600000000001 	 3.5350402943082710 
	 2.0461549999999997 	 3.5397553886129201 
	 2.0555499999999998 	 3.5441002660483192 
	 2.0649449999999998 	 3.5480848809363832 
	 2.0743399999999999 	 3.5517123943969389 
	 2.0837349999999999 	 3.5549824671794079 
	 2.0931299999999999 	 3.5578978470505764 
	 2.1025250000000000 	 3.5604625851429903 
	 2.1119199999999996 	 3.5626806506206106 
	 2.1213150000000001 	 3.5645537563929652 
	 2.1307099999999997 	 3.5660855409447678 
	 2.1401050000000001 	 3.5672798679668118 
	 2.1494999999999997 	 3.5681403412785615 
	 2.1588950000000002 	 3.5686705129492577 
	 2.1682899999999998 	 3.5688739350481424 
	 2.1776850000000003 	 3.5687541596444574 
	 2.1870799999999999 	 3.5683143717211330 
	 2.1964750000000000 	 3.5675551398467138 
	 2.2058700000000000 	 3.5664809797818338 
	 2.2152650000000000 	 3.5650966506488988 
	 2.2246600000000001 	 3.5634046070786232 
	 2.2340550000000001 	 3.5614073093049998 
	 2.2434500000000002 	 3.5591090256030031 
	 2.2528449999999998 	 3.5565132100980490 
	 2.2622400000000003 	 3.5536213684134044 
	 2.2716349999999998 	 3.5504385172745518 
	 2.2810300000000003 	 3.5469683541600157 
	 2.2904249999999999 	 3.5432118134709967 
	 2.2998200000000000 	 3.5391729687104592 
	 2.3092150000000000 	 3.5348565639266405 
	 2.3186100000000001 	 3.5302673431677780 
	 2.3280050000000001 	 3.5254090562118674 
	 2.3373999999999997 	 3.5202800930006077 
	 2.3467950000000002 	 3.5148831551534272 
	 2.3561899999999998 	 3.5092240579083862 
	 2.3655850000000003 	 3.5033085393206327 
	 2.3749799999999999 	 3.4971408948845069 
	 2.3843749999999999 	 3.4907241981082620 
	 2.3937700000000000 	 3.4840589046311252 
	 2.4031650000000000 	 3.4771428657434869 
	 2.4125600000000000 	 3.4699868021588758 
	 2.4219550000000001 	 3.4626009953468722 
	 2.4313500000000001 	 3.4549716167734963 
	 2.4407449999999997 	 3.4471073365152445 
	 2.4501400000000002 	 3.4390203242082529 
	 2.4595349999999998 	 3.4307184422579899 
	 2.4689300000000003 	 3.4221960328181513 
	 2.4783249999999999 	 3.4134572169886708 
	 2.4877199999999999 	 3.4045093791031231 
	 2.4971150000000000 	 3.3953550570233877 
	 2.5065100000000005 	 3.3859953473030746 
	 2.5159050000000001 	 3.3764316589732095 
	 2.5253000000000001 	 3.3666657245756602 
	 2.5346950000000001 	 3.3567048356733311 
	 2.5440899999999997 	 3.3465605050341654 
	 2.5534850000000002 	 3.3362294645184809 
	 2.5628799999999998 	 3.3257074869899750 
	 2.5722749999999999 	 3.3150064739623688 
	 2.5816699999999999 	 3.3041311505124003 
	 2.5910650000000000 	 3.2930905644683373 
	 2.6004600000000000 	 3.2818918840380951 
	 2.6098550000000000 	 3.2705350741126065 
	 2.6192500000000001 	 3.2590188211247950 
	 2.6286449999999997 	 3.2473422287327685 
	 2.6380400000000002 	 3.2355065229674556 
	 2.6474349999999998 	 3.2235136030367091 
	 2.6568300000000002 	 3.2113658213707468 
	 2.6662249999999998 	 3.1990697907461438 
	 2.6756200000000003 	 3.1866340881470245 
	 2.6850149999999999 	 3.1740618479490554 
	 2.6944100000000004 	 3.1613546134878834 
	 2.7038050000000000 	 3.1485165854678492 
	 2.7132000000000001 	 3.1355523026715071 
	 2.7225950000000001 	 3.1224639122197386 
	 2.7319900000000001 	 3.1092532145638967 
	 2.7413850000000002 	 3.0959259038874349 
	 2.7507800000000002 	 3.0824841330427550 
	 2.7601750000000003 	 3.0689301398172395 
	 2.7695699999999999 	 3.0552677472278797 
	 2.7789650000000004 	 3.0414981891970960 
	 2.7883599999999999 	 3.0276251090410433 
	 2.7977550000000004 	 3.0136531000155902 
	 2.8071500000000000 	 2.9995863659583626 
	 2.8165450000000001 	 2.9854260545883551 
	 2.8259399999999997 	 2.9711738946420772 
	 2.8353349999999997 	 2.9568329028008824 
	 2.8447299999999998 	 2.9424058132707449 
	 2.8541249999999998 	 2.9278951090110210 
	 2.8635199999999998 	 2.9133032636610303 
	 2.8729149999999999 	 2.8986326798246296 
	 2.8823099999999995 	 2.8838856614521640 
	 2.8917050000000000 	 2.8690645056110853 
	 2.9010999999999996 	 2.8541716162690252 
	 2.9104950000000001 	 2.8392096486193545 
	 2.9198899999999997 	 2.8241809365418651 
	 2.9292850000000001 	 2.8090865928254032 
	 2.9386799999999997 	 2.7939274696842582 
	 2.9480750000000002 	 2.7787063094112132 
	 2.9574699999999998 	 2.7634311480578395 
	 2.9668650000000003 	 2.7480733147261334 
	 2.9762599999999999 	 2.7326393639039530 
	 2.9856549999999999 	 2.7171648774141470 
	 2.9950500000000000 	 2.7016616768970518 
	 3.0044450000000000 	 2.6861231514573700 
	 3.0138400000000001 	 2.6705422214016163 
	 3.0232350000000001 	 2.6549119073158547 
	 3.0326300000000002 	 2.6392307962660313 
	 3.0420250000000002 	 2.6235058426269307 
	 3.0514200000000002 	 2.6077427080820144 
	 3.0608149999999998 	 2.5919428135559941 
	 3.0702099999999999 	 2.5761069659442226 
	 3.0796049999999999 	 2.5602362540273287 
	 3.0890000000000000 	 2.5443335698230083 
	 3.0983950000000000 	 2.5284016751857581 
	 3.1077900000000001 	 2.5124408800342577 
	 3.1171850000000001 	 2.4964544294815734 
	 3.1265800000000001 	 2.4804445371788626 
	 3.1359749999999997 	 2.4644121211186421 
	 3.1453699999999998 	 2.4483592793894191 
	 3.1547649999999998 	 2.4322885415448603 
	 3.1641599999999999 	 2.4162020932501691 
	 3.1735549999999995 	 2.4001020955870143 
	 3.1829499999999999 	 2.3839907083715639 
	 3.1923449999999995 	 2.3678700447619279 
	 3.2017400000000000 	 2.3517421419205080 
	 3.2111349999999996 	 2.3356090734667521 
	 3.2205300000000001 	 2.3194730141503475 
	 3.2299249999999997 	 2.3033361530669829 
	 3.2393200000000002 	 2.2872006793123409 
	 3.2487149999999998 	 2.2710687687101254 
	 3.2581100000000003 	 2.2549425310782043 
	 3.2675049999999999 	 2.2388240557542414 
	 3.2769000000000004 	 2.2227154767401123 
	 3.2862950000000000 	 2.2066192758087482 
	 3.2956900000000005 	 2.1905374440181897 
	 3.3050850000000001 	 2.1744715200459428 
	 3.3144800000000001 	 2.1584230839050420 
	 3.3238750000000001 	 2.1423949271127505 
	 3.3332700000000002 	 2.1263896834381457 
	 3.3426650000000002 	 2.1104081905135743 
	 3.3520600000000003 	 2.0944521163054661 
	 3.3614549999999999 	 2.0785241975657835 
	 3.3708500000000003 	 2.0626260340452092 
	 3.3802449999999999 	 2.0467590589455593 
	 3.3896400000000000 	 2.0309254077421710 
	 3.3990350000000000 	 2.0151288288373341 
	 3.4084300000000001 	 1.9993695988240612 
	 3.4178249999999997 	 1.9836486514418581 
	 3.4272200000000002 	 1.9679675637373677 
	 3.4366149999999998 	 1.9523279132788780 
	 3.4460099999999998 	 1.9367312776346715 
	 3.4554049999999998 	 1.9211792359139401 
	 3.4647999999999999 	 1.9056733926977554 
	 3.4741949999999999 	 1.8902153673928794 
	 3.4835900000000000 	 1.8748065971435075 
	 3.4929850000000000 	 1.8594483088038882 
	 3.5023799999999996 	 1.8441417176169008 
	 3.5117750000000001 	 1.8288880388254181 
	 3.5211699999999997 	 1.8136884877820678 
	 3.5305649999999997 	 1.7985443601672610 
	 3.5399599999999998 	 1.7834569619231053 
	 3.5493550000000003 	 1.7684270883956761 
	 3.5587499999999999 	 1.7534560353025996 
	 3.5681449999999999 	 1.7385451592416854 
	 3.5775399999999999 	 1.7236952366194171 
	 3.5869350000000004 	 1.7089071149892623 
	 3.5963300000000000 	 1.6941819389198576 
	 3.6057249999999996 	 1.6795207117748012 
	 3.6151200000000001 	 1.6649242824563486 
	 3.6245150000000002 	 1.6503934957275133 
	 3.6339100000000002 	 1.6359291539601979 
	 3.6433049999999998 	 1.6215320149314403 
	 3.6527000000000003 	 1.6072028363075470 
	 3.6620950000000003 	 1.5929425473662853 
	 3.6714900000000004 	 1.5787522162829382 
	 3.6808850000000000 	 1.5646322824619909 
	 3.6902800000000000 	 1.5505827906927354 
	 3.6996750000000000 	 1.5366050141957106 
	 3.7090700000000001 	 1.5227000478298818 
	 3.7184650000000001 	 1.5088675025048370 
	 3.7278600000000002 	 1.4951085835622029 
	 3.7372550000000002 	 1.4814238424845281 
	 3.7466499999999998 	 1.4678135899351701 
	 3.7560450000000003 	 1.4542783092085325 
	 3.7654399999999999 	 1.4408184847412722 
	 3.7748350000000004 	 1.4274346009700405 
	 3.7842300000000000 	 1.4141271474530772 
	 3.7936250000000000 	 1.4008967575221953 
	 3.8030200000000001 	 1.3877439441259096 
	 3.8124150000000006 	 1.3746688367320898 
	 3.8218100000000002 	 1.3616716347855191 
	 3.8312049999999997 	 1.3487527240119355 
	 3.8406000000000002 	 1.3359125110404440 
	 3.8499950000000003 	 1.3231514025001525 
	 3.8593899999999999 	 1.3104697535905596 
	 3.8687849999999999 	 1.2978677134640215 
	 3.8781799999999995 	 1.2853454192406348 
	 3.8875749999999996 	 1.2729032421692215 
	 3.8969699999999996 	 1.2605415170589123 
	 3.9063649999999996 	 1.2482597071417276 
	 3.9157599999999997 	 1.2360589743040689 
	 3.9251549999999997 	 1.2239392369325459 
	 3.9345499999999998 	 1.2119001701648848 
	 3.9439449999999998 	 1.1999423935899713 
	 3.9533399999999999 	 1.1880658673515478 
	 3.9627349999999995 	 1.1762705871982666 
	 3.9721299999999999 	 1.1645566499758013 
	 3.9815249999999995 	 1.1529241605998362 
	 3.9909200000000000 	 1.1413732438071253 
	 4.0003149999999996 	 1.1299040735245385 
	 4.0097100000000001 	 1.1185167494973702 
	 4.0191049999999997 	 1.1072110759673721 
	 4.0285000000000002 	 1.0959867829251801 
	 4.0378949999999998 	 1.0848436762518718 
	 4.0472900000000003 	 1.0737822116998281 
	 4.0566849999999999 	 1.0628024365663795 
	 4.0660799999999995 	 1.0519040719501549 
	 4.0754750000000000 	 1.0410869975808410 
	 4.0848700000000004 	 1.0303512024439099 
	 4.0942650000000000 	 1.0196966744205294 
	 4.1036599999999996 	 1.0091233093213710 
	 4.1130550000000001 	 0.9986308991307700 
	 4.1224499999999997 	 0.9882192311562333 
	 4.1318450000000002 	 0.9778881881780425 
	 4.1412399999999998 	 0.9676378326875912 
	 4.1506349999999994 	 0.9574680501047141 
	 4.1600299999999999 	 0.9473783315427529 
	 4.1694250000000004 	 0.9373685338181493 
	 4.1788200000000000 	 0.9274385982155466 
	 4.1882149999999996 	 0.9175884257296901 
	 4.1976100000000001 	 0.9078178749288188 
	 4.2070049999999997 	 0.8981266065249994 
	 4.2164000000000001 	 0.8885143567123267 
	 4.2257949999999997 	 0.8789809499359763 
	 4.2351900000000002 	 0.8695262072918845 
	 4.2445849999999998 	 0.8601498750279389 
	 4.2539800000000003 	 0.8508516341176310 
	 4.2633749999999999 	 0.8416311633463369 
	 4.2727700000000004 	 0.8324881414994307 
	 4.2821650000000000 	 0.8234222474462464 
	 4.2915600000000005 	 0.8144331725012111 
	 4.3009550000000001 	 0.8055206334880973 
	 4.3103499999999997 	 0.7966843503579172 
	 4.3197450000000002 	 0.7879240520173775 
	 4.3291400000000007 	 0.7792394994134784 
	 4.3385350000000003 	 0.7706303771174545 
	 4.3479299999999999 	 0.7620960336057173 
	 4.3573250000000003 	 0.7536363428549520 
	 4.3667199999999999 	 0.7452513416312564 
	 4.3761150000000004 	 0.7369401563852487 
	 4.3855100000000000 	 0.7287024273533325 
	 4.3949049999999996 	 0.7205380958109934 
	 4.4043000000000001 	 0.7124467674206455 
	 4.4136950000000006 	 0.7044280378249645 
	 4.4230900000000002 	 0.6964814907060490 
	 4.4324849999999998 	 0.6886066945380087 
	 4.4418799999999994 	 0.6808032804950082 
	 4.4512749999999999 	 0.6730709985351051 
	 4.4606700000000004 	 0.6654094531580771 
	 4.4700650000000000 	 0.6578179744212914 
	 4.4794599999999996 	 0.6502963076166703 
	 4.4888550000000000 	 0.6428442410473852 
	 4.4982499999999996 	 0.6354613018055543 
	 4.5076450000000001 	 0.6281469687515219 
	 4.5170399999999997 	 0.6209009280831095 
	 4.5264349999999993 	 0.6137229034444290 
	 4.5358299999999998 	 0.6066121130615039 
	 4.5452250000000003 	 0.5995682334237378 
	 4.5546199999999999 	 0.5925911324155007 
	 4.5640149999999995 	 0.5856803387307897 
	 4.5734100000000000 	 0.5788353454228469 
	 4.5828049999999996 	 0.5720556177581105 
	 4.5922000000000001 	 0.5653407212468374 
	 4.6015949999999997 	 0.5586903459363005 
	 4.6109900000000001 	 0.5521040982041499 
	 4.6203849999999997 	 0.5455815722430283 
	 4.6297799999999993 	 0.5391223405687773 
	 4.6391749999999998 	 0.5327258990031194 
	 4.6485700000000003 	 0.5263917534634258 
	 4.6579649999999999 	 0.5201195508386853 
	 4.6673599999999995 	 0.5139089526527473 
	 4.6767550000000000 	 0.5077593985717537 
	 4.6861499999999996 	 0.5016704168378278 
	 4.6955450000000001 	 0.4956416464671308 
	 4.7049399999999997 	 0.4896726951817481 
	 4.7143350000000002 	 0.4837631441567483 
	 4.7237299999999998 	 0.4779125505308784 
	 4.7331250000000002 	 0.4721204456343955 
	 4.7425199999999998 	 0.4663863597661541 
	 4.7519150000000003 	 0.4607098541724068 
	 4.7613099999999999 	 0.4550905348889481 
	 4.7707049999999995 	 0.4495279865419951 
	 4.7801000000000000 	 0.4440217900689115 
	 4.7894950000000005 	 0.4385715264070624 
	 4.7988900000000001 	 0.4331767587865096 
	 4.8082849999999997 	 0.4278369945018832 
	 4.8176800000000002 	 0.4225518595658932 
	 4.8270749999999998 	 0.4173209445522656 
	 4.8364700000000003 	 0.4121438025442084 
	 4.8458649999999999 	 0.4070199996198575 
	 4.8552599999999995 	 0.4019491117794082 
	 4.8646550000000000 	 0.3969307167603722 
	 4.8740500000000004 	 0.3919643962503643 
	 4.8834450000000000 	 0.3870497359012521 
	 4.8928399999999996 	 0.3821863215409449 
	 4.9022350000000001 	 0.3773737389953455 
	 4.9116300000000006 	 0.3726115738106298 
	 4.9210250000000002 	 0.3678994094158941 
	 4.9304199999999998 	 0.3632368254100102 
	 4.9398150000000003 	 0.3586234008376799 
	 4.9492100000000008 	 0.3540587220373712 
	 4.9586050000000004 	 0.3495424062984372 
	 4.9680000000000000 	 0.3450740682726651 
	 4.9773949999999996 	 0.3406532617069497 
	 4.9867900000000001 	 0.3362795695147948 
	 4.9961850000000005 	 0.3319526028450015 
	 5.0055800000000001 	 0.3276720027507526 
	 5.0149750000000006 	 0.3234374299182649 
	 5.0243700000000002 	 0.3192485170501915 
	 5.0337649999999989 	 0.3151042208200982 
	 5.0431600000000003 	 0.3110063112972838 
	 5.0525549999999999 	 0.3069578890369729 
	 5.0619499999999995 	 0.3029570766784651 
	 5.0713449999999991 	 0.2990015459955158 
	 5.0807400000000005 	 0.2950889687618796 
	 5.0901350000000001 	 0.2912170167513132 
	 5.0995299999999997 	 0.2873833617375711 
	 5.1089249999999993 	 0.2835870070894310 
	 5.1183200000000006 	 0.2798320768021190 
	 5.1277150000000002 	 0.2761186595101163 
	 5.1371099999999998 	 0.2724461581093712 
	 5.1465049999999994 	 0.2688142789131717 
	 5.1558999999999999 	 0.2652226051636061 
	 5.1652949999999995 	 0.2616708265761705 
	 5.1746900000000000 	 0.2581586071633246 
	 5.1840849999999996 	 0.2546855343040712 
	 5.1934800000000001 	 0.2512512500310743 
	 5.2028749999999997 	 0.2478554322799871 
	 5.2122700000000002 	 0.2444977170093020 
	 5.2216649999999998 	 0.2411777368997094 
	 5.2310600000000003 	 0.2378951728802153 
	 5.2404549999999999 	 0.2346497315498668 
	 5.2498499999999995 	 0.2314408805484353 
	 5.2592449999999999 	 0.2282681266732578 
	 5.2686400000000004 	 0.2251313317790913 
	 5.2780350000000000 	 0.2220304133820817 
	 5.2874299999999996 	 0.2189650564729321 
	 5.2968249999999992 	 0.2159348569426428 
	 5.3062200000000006 	 0.2129394105005830 
	 5.3156150000000002 	 0.2099783168257036 
	 5.3250099999999998 	 0.2070512355479860 
	 5.3344049999999994 	 0.2041578727330126 
	 5.3437999999999999 	 0.2012979354433914 
	 5.3531950000000004 	 0.1984711226362489 
	 5.3625900000000000 	 0.1956771227897905 
	 5.3719849999999996 	 0.1929156168376137 
	 5.3813800000000001 	 0.1901862826343798 
	 5.3907749999999997 	 0.1874888171159289 
	 5.4001700000000001 	 0.1848229198797411 
	 5.4095649999999997 	 0.1821882910658611 
	 5.4189600000000002 	 0.1795846328699601 
	 5.4283549999999998 	 0.1770116467860340 
	 5.4377500000000003 	 0.1744690276664342 
	 5.4471449999999999 	 0.1719564782569944 
	 5.4565400000000004 	 0.1694737706747613 
	 5.4659350000000000 	 0.1670205487593640 
	 5.4753299999999996 	 0.1645964050439599 
	 5.4847250000000001 	 0.1622016380611864 
	 5.4941200000000006 	 0.1598339329774126 
	 5.5035150000000002 	 0.1574924615043344 
	 5.5129099999999998 	 0.1551820362830505 
	 5.5223049999999994 	 0.1529077093048964 
	 5.5317000000000007 	 0.1506629560342651 
	 5.5410950000000003 	 0.1484185195736253 
	 5.5504899999999999 	 0.1461780470813210 
	 5.5598849999999995 	 0.1440058626820335 
	 5.5692800000000009 	 0.1418619460311733 
	 5.5786750000000005 	 0.1397389246962622 
	 5.5880700000000001 	 0.1376439673797814 
	 5.5974649999999997 	 0.1355754244508403 
	 5.6068600000000011 	 0.1335318690217103 
	 5.6162549999999998 	 0.1315135429409423 
	 5.6256499999999994 	 0.1295203076728836 
	 5.6350449999999999 	 0.1275517780816093 
	 5.6444399999999995 	 0.1256076614889348 
	 5.6538349999999999 	 0.1236877522247611 
	 5.6632300000000004 	 0.1217918191417432 
	 5.6726250000000000 	 0.1199195949529954 
	 5.6820199999999996 	 0.1180708376947306 
	 5.6914149999999992 	 0.1162453382518343 
	 5.7008099999999997 	 0.1144428564590388 
	 5.7102050000000002 	 0.1126631498996484 
	 5.7195999999999998 	 0.1109059836411074 
	 5.7289949999999994 	 0.1091711258142522 
	 5.7383899999999999 	 0.1074583519154764 
	 5.7477850000000004 	 0.1057674382753586 
	 5.7571800000000000 	 0.1040981543622669 
	 5.7665749999999996 	 0.1024502796077488 
	 5.7759699999999992 	 0.1008235993402039 
	 5.7853649999999996 	 0.0992178894523470 
	 5.7947600000000001 	 0.0976329264891539 
	 5.8041549999999997 	 0.0960684933176748 
	 5.8135500000000002 	 0.0945243772477817 
	 5.8229449999999998 	 0.0930003704918335 
	 5.8323400000000003 	 0.0914962627428075 
	 5.8417349999999999 	 0.0900118391430356 
	 5.8511299999999995 	 0.0885468901642704 
	 5.8605250000000000 	 0.0871012184581622 
	 5.8699199999999996 	 0.0856746208207619 
	 5.8793150000000001 	 0.0842668832199666 
	 5.8887100000000006 	 0.0828778067853759 
	 5.8981050000000002 	 0.0815071973310703 
	 5.9074999999999998 	 0.0801548601577054 
	 5.9168950000000002 	 0.0788205967505675 
	 5.9262899999999998 	 0.0775042074228493 
	 5.9356850000000003 	 0.0762054987634559 
	 5.9450799999999999 	 0.0749242813848515 
	 5.9544749999999995 	 0.0736603661809116 
	 5.9638700000000000 	 0.0724135696055586 
	 5.9732650000000005 	 0.0711837138421373 
	 5.9826600000000001 	 0.0699706113143511 
	 5.9920549999999997 	 0.0687740594522383 
	 6.0014499999999993 	 0.0675938544613415 
	 6.0108449999999998 	 0.0664297926357370 
	 6.0202400000000003 	 0.0652818274680235 
	 6.0296349999999999 	 0.0641500780678782 
	 6.0390300000000003 	 0.0630337716157185 
	 6.0484249999999999 	 0.0619326972141504 
	 6.0578200000000004 	 0.0608468777935957 
	 6.0672150000000000 	 0.0597763043422110 
	 6.0766099999999996 	 0.0587207225325928 
	 6.0860050000000001 	 0.0576799179985648 
	 6.0953999999999997 	 0.0566537447030882 
	 6.1047950000000002 	 0.0556420366045453 
	 6.1141900000000007 	 0.0546446262638316 
	 6.1235850000000003 	 0.0536613458436651 
	 6.1329799999999999 	 0.0526920503634101 
	 6.1423750000000004 	 0.0517365705189610 
	 6.1517700000000000 	 0.0507946481434148 
	 6.1611650000000004 	 0.0498661550659987 
	 6.1705600000000000 	 0.0489512819808019 
	 6.1799549999999996 	 0.0480498963826960 
	 6.1893500000000010 	 0.0471606340421266 
	 6.1987450000000006 	 0.0462828071034996 
	 6.2081400000000002 	 0.0454203270869924 
	 6.2175349999999998 	 0.0445772038847598 
	 6.2269299999999994 	 0.0437477897680231 
	 6.2363250000000008 	 0.0429234926785415 
	 6.2457200000000004 	 0.0421101910103406 
	 6.2551150000000000 	 0.0413100983181738 
	 6.2645100000000005 	 0.0405200275211866 
	 6.2739050000000010 	 0.0397407705685670 
	 6.2833000000000006 	 0.0389732537169441 
	 6.2926950000000001 	 0.0382176874575396 
	 6.3020899999999997 	 0.0374732319987484 
	 6.3114850000000002 	 0.0367401622251265 
	 6.3208800000000007 	 0.0360198863679078 
	 6.3302750000000003 	 0.0353106415437733 
	 6.3396700000000008 	 0.0346101257772690 
	 6.3490650000000004 	 0.0339160370929412 
	 6.3584600000000000 	 0.0332285633899889 
	 6.3678550000000005 	 0.0325580597287093 
	 6.3772500000000001 	 0.0318992714130891 
	 6.3866450000000006 	 0.0312499765785105 
	 6.3960400000000002 	 0.0306108274401904 
	 6.4054350000000007 	 0.0299813928171469 
	 6.4148300000000011 	 0.0293616408197652 
	 6.4242250000000007 	 0.0287514552646062 
	 6.4336200000000003 	 0.0281506900435343 
	 6.4430149999999999 	 0.0275592399991892 
	 6.4524100000000004 	 0.0269769764495413 
	 6.4618050000000009 	 0.0264037809736551 
	 6.4712000000000005 	 0.0258395362987252 
	 6.4805950000000001 	 0.0252841251520723 
	 6.4899900000000006 	 0.0247374308586461 
	 6.4993849999999993 	 0.0241993387218006 
	 6.5087799999999998 	 0.0236697356533155 
	 6.5181749999999994 	 0.0231485144073604 
	 6.5275699999999990 	 0.0226355672101481 
	 6.5369650000000004 	 0.0221307717578517 
	 6.5463600000000000 	 0.0216340179646556 
	 6.5557549999999996 	 0.0211452056743322 
	 6.5651499999999992 	 0.0206642295915716 
	 6.5745449999999988 	 0.0201909806823728 
	 6.5839400000000001 	 0.0197253537414680 
	 6.5933349999999997 	 0.0192672476549068 
	 6.6027299999999993 	 0.0188165615245488 
	 6.6121249999999998 	 0.0183731964003128 
	 6.6215199999999994 	 0.0179370469336606 
	 6.6309149999999999 	 0.0175080111160820 
	 6.6403099999999995 	 0.0170860062371386 
	 6.6497049999999991 	 0.0166708910897798 
	 6.6590999999999996 	 0.0162626605809179 
	 6.6684950000000001 	 0.0158611924722188 
	 6.6778899999999997 	 0.0154657482933473 
	 6.6872850000000001 	 0.0150766138759539 
	 6.6966799999999997 	 0.0146944957358476 
	 6.7060749999999993 	 0.0143191294127809 
	 6.7154699999999998 	 0.0139498011179250 
	 6.7248649999999994 	 0.0135874067552880 
	 6.7342599999999999 	 0.0132318866144461 
	 6.7436549999999995 	 0.0128809787001249 
	 6.7530500000000000 	 0.0125324176279965 
	 6.7624450000000005 	 0.0121893789895974 
	 6.7718400000000001 	 0.0118566320907026 
	 6.7812349999999997 	 0.0115290988133012 
	 6.7906299999999993 	 0.0112067196288060 
	 6.8000249999999998 	 0.0108900948463397 
	 6.8094200000000003 	 0.0105790587001405 
	 6.8188149999999998 	 0.0102733310620387 
	 6.8282099999999994 	 0.0099728349092262 
	 6.8376049999999999 	 0.0096775483747028 
	 6.8469999999999995 	 0.0093874072466893 
	 6.8563950000000000 	 0.0091023288274774 
	 6.8657899999999996 	 0.0088222310405409 
	 6.8751849999999992 	 0.0085470410763434 
	 6.8845799999999997 	 0.0082766839935471 
	 6.8939750000000002 	 0.0080110861933488 
	 6.9033699999999998 	 0.0077501836810609 
	 6.9127650000000003 	 0.0074939066797815 
	 6.9221599999999999 	 0.0072421861993783 
	 6.9315549999999995 	 0.0069949579130302 
	 6.9409500000000000 	 0.0067521433696833 
	 6.9503449999999996 	 0.0065136827837918 
	 6.9597400000000000 	 0.0062795168285277 
	 6.9691349999999996 	 0.0060495760851336 
	 6.9785299999999992 	 0.0058237913334929 
	 6.9879250000000006 	 0.0056021051832380 
	 6.9973200000000002 	 0.0053844571143309 
	 7.0067149999999998 	 0.0051707836781422 
	 7.0161099999999994 	 0.0049610214187109 
	 7.0255049999999990 	 0.0047551074176028 
	 7.0349000000000004 	 0.0045529872645557 
	 7.0442950000000000 	 0.0043546129582843 
	 7.0536899999999996 	 0.0041599257026301 
	 7.0630850000000001 	 0.0039688546115410 
	 7.0724800000000005 	 0.0037813402338004 
	 7.0818750000000001 	 0.0035973420599067 
	 7.0912699999999997 	 0.0034168133770990 
	 7.1006649999999993 	 0.0032396899040469 
	 7.1100599999999998 	 0.0030659092006129 
	 7.1194550000000003 	 0.0028954224973814 
	 7.1288499999999999 	 0.0027281831769248 
	 7.1382450000000004 	 0.0025641417163543 
	 7.1476400000000000 	 0.0024032477288656 
	 7.1570350000000005 	 0.0022454508275120 
	 7.1664300000000001 	 0.0020907006253465 
	 7.1758249999999997 	 0.0019389469647775 
	 7.1852200000000002 	 0.0017901428621256 
	 7.1946149999999998 	 0.0016442436514549 
	 7.2040100000000002 	 0.0015012046770781 
	 7.2134050000000007 	 0.0013609798639710 
	 7.2228000000000003 	 0.0012235214575617 
	 7.2321949999999999 	 0.0010887846530767 
	 7.2415900000000004 	 0.0009567298387011 
	 7.2509850000000000 	 0.0008273148486900 
	 7.2603800000000005 	 0.0007004900680494 
	 7.2697750000000001 	 0.0005762118905531 
	 7.2791699999999997 	 0.0004544523306493 
	 7.2885650000000002 	 0.0003351543062391 
	 7.2979600000000007 	 0.0002182842379443 
	 7.3073550000000003 	 0.0001038152686967 
	 7.3167499999999999 	 -0.0000083103989033 
	 7.3261449999999995 	 -0.0001181260131254 
	 7.3355399999999999 	 -0.0002256630320727 
	 7.3449350000000004 	 -0.0003309670687496 
	 7.3543300000000000 	 -0.0004340752984279 
	 7.3637250000000005 	 -0.0005350168757956 
	 7.3731200000000001 	 -0.0006338258715009 
	 7.3825150000000006 	 -0.0007305432129437 
	 7.3919100000000002 	 -0.0008252102471554 
	 7.4013049999999998 	 -0.0009178591829442 
	 7.4107000000000003 	 -0.0010085110882580 
	 7.4200949999999999 	 -0.0010972084650184 
	 7.4294900000000004 	 -0.0011839919813401 
	 7.4388850000000009 	 -0.0012688828810752 
	 7.4482800000000005 	 -0.0013519113660851 
	 7.4576750000000001 	 -0.0014331118761110 
	 7.4670700000000005 	 -0.0015125184937298 
	 7.4764650000000001 	 -0.0015901622139463 
	 7.4858600000000006 	 -0.0016660724529996 
	 7.4952550000000002 	 -0.0017402786144057 
	 7.5046499999999998 	 -0.0018128101016809 
	 7.5140450000000012 	 -0.0018836962746349 
	 7.5234400000000008 	 -0.0019529650647029 
	 7.5328350000000004 	 -0.0020206427036989 
	 7.5422300000000000 	 -0.0020867563071702 
	 7.5516249999999996 	 -0.0021513347345831 
	 7.5610200000000010 	 -0.0022144058246788 
	 7.5704150000000006 	 -0.0022759941691383 
	 7.5798100000000002 	 -0.0023361242068619 
	 7.5892050000000006 	 -0.0023948215303567 
	 7.5986000000000002 	 -0.0024521119846998 
	 7.6079950000000007 	 -0.0025080214149683 
	 7.6173900000000003 	 -0.0025625754081110 
	 7.6267849999999999 	 -0.0026157975590034 
	 7.6361800000000004 	 -0.0026677105355601 
	 7.6455750000000009 	 -0.0027183370387481 
	 7.6549700000000005 	 -0.0027677003564399 
	 7.6643650000000010 	 -0.0028158242362187 
	 7.6737599999999988 	 -0.0028627323825392 
	 7.6831549999999993 	 -0.0029084463481230 
	 7.6925499999999998 	 -0.0029529849018332 
	 7.7019449999999994 	 -0.0029963675895610 
	 7.7113399999999999 	 -0.0030386157216640 
	 7.7207349999999995 	 -0.0030797505768763 
	 7.7301299999999991 	 -0.0031197928555204 
	 7.7395249999999995 	 -0.0031587639004667 
	 7.7489199999999991 	 -0.0031966878802102 
	 7.7583149999999996 	 -0.0032335872176200 
	 7.7677099999999992 	 -0.0032694706147079 
	 7.7771049999999997 	 -0.0033043419498403 
	 7.7865000000000002 	 -0.0033382196274864 
	 7.7958949999999998 	 -0.0033712612700783 
	 7.8052899999999994 	 -0.0034035138144009 
	 7.8146849999999990 	 -0.0034348795762310 
	 7.8240799999999995 	 -0.0034652577002143 
	 7.8334750000000000 	 -0.0034945473309966 
	 7.8428699999999996 	 -0.0035226476132235 
	 7.8522649999999992 	 -0.0035494623742623 
	 7.8616600000000005 	 -0.0035755155465614 
	 7.8710550000000001 	 -0.0036025629739192 
	 7.8804499999999997 	 -0.0036302543526614 
	 7.8898449999999993 	 -0.0036517831391176 
	 7.8992399999999989 	 -0.0036640952555655 
	 7.9086350000000003 	 -0.0036811832879029 
	 7.9180299999999999 	 -0.0037043008012898 
	 7.9274249999999995 	 -0.0037289260872391 
	 7.9368200000000000 	 -0.0037509678219872 
	 7.9462149999999996 	 -0.0037704203846137 
	 7.9556100000000001 	 -0.0037893922998499 
	 7.9650049999999997 	 -0.0038080532542903 
	 7.9743999999999993 	 -0.0038259325033282 
	 7.9837949999999998 	 -0.0038431864564687 
	 7.9931900000000002 	 -0.0038598068597295 
	 8.0025849999999998 	 -0.0038757899817532 
	 8.0119799999999994 	 -0.0038911540097806 
	 8.0213749999999990 	 -0.0039059162940003 
	 8.0307700000000004 	 -0.0039200883788632 
	 8.0401650000000000 	 -0.0039336810500168 
	 8.0495599999999996 	 -0.0039467050931086 
	 8.0589549999999992 	 -0.0039591713869169 
	 8.0683500000000006 	 -0.0039710912390145 
	 8.0777450000000002 	 -0.0039824758668932 
	 8.0871399999999998 	 -0.0039933350286594 
	 8.0965349999999994 	 -0.0040036781624507 
	 8.1059300000000007 	 -0.0040135177524134 
	 8.1153250000000003 	 -0.0040228677838268 
	 8.1247199999999999 	 -0.0040317368106553 
	 8.1341149999999995 	 -0.0040401289421936 
	 8.1435099999999991 	 -0.0040480524647558 
	 8.1529050000000005 	 -0.0040555207431263 
	 8.1623000000000001 	 -0.0040625473939755 
	 8.1716949999999997 	 -0.0040691411008549 
	 8.1810899999999993 	 -0.0040753046245794 
	 8.1904849999999989 	 -0.0040810485998361 
	 8.1998800000000003 	 -0.0040863840180115 
	 8.2092749999999999 	 -0.0040913186434703 
	 8.2186699999999995 	 -0.0040958596126453 
	 8.2280649999999991 	 -0.0041000143794166 
	 8.2374600000000004 	 -0.0041037914660037 
	 8.2468550000000000 	 -0.0041072049514339 
	 8.2562499999999996 	 -0.0041102572657561 
	 8.2656449999999992 	 -0.0041129559890090 
	 8.2750399999999988 	 -0.0041153105850603 
	 8.2844350000000002 	 -0.0041173250795380 
	 8.2938299999999998 	 -0.0041190054838838 
	 8.3032249999999994 	 -0.0041203622607301 
	 8.3126200000000008 	 -0.0041214087511614 
	 8.3220150000000004 	 -0.0041221527341958 
	 8.3314100000000000 	 -0.0041225916763869 
	 8.3408049999999996 	 -0.0041227219695941 
	 8.3501999999999992 	 -0.0041225400057792 
	 8.3595950000000006 	 -0.0041220534907787 
	 8.3689900000000002 	 -0.0041213125875282 
	 8.3783849999999997 	 -0.0041203774163957 
	 8.3877800000000011 	 -0.0041192665062385 
	 8.3971750000000007 	 -0.0041177172899771 
	 8.4065700000000003 	 -0.0041156151444964 
	 8.4159649999999999 	 -0.0041153018116217 
	 8.4253599999999995 	 -0.0041170914567359 
	 8.4347550000000009 	 -0.0041187608238734 
	 8.4441500000000005 	 -0.0041180977136732 
	 8.4535450000000001 	 -0.0041148608156185 
	 8.4629399999999997 	 -0.0041110856609362 
	 8.4723350000000011 	 -0.0041076845935921 
	 8.4817300000000007 	 -0.0041039803921012 
	 8.4911250000000003 	 -0.0041000162305459 
	 8.5005199999999999 	 -0.0040958905455009 
	 8.5099149999999995 	 -0.0040915756114044 
	 8.5193100000000008 	 -0.0040870661505850 
	 8.5287050000000004 	 -0.0040823669382695 
	 8.5381000000000000 	 -0.0040774834691163 
	 8.5474949999999996 	 -0.0040724214617122 
	 8.5568900000000010 	 -0.0040671865689336 
	 8.5662850000000006 	 -0.0040617836881140 
	 8.5756800000000002 	 -0.0040562156600622 
	 8.5850749999999998 	 -0.0040504842129890 
	 8.5944700000000012 	 -0.0040445911451334 
	 8.6038650000000008 	 -0.0040385405344076 
	 8.6132600000000004 	 -0.0040323388870741 
	 8.6226550000000000 	 -0.0040259928218838 
	 8.6320499999999996 	 -0.0040195084412022 
	 8.6414450000000009 	 -0.0040128868371335 
	 8.6508400000000005 	 -0.0040061222719238 
	 8.6602350000000001 	 -0.0039992189432038 
	 8.6696299999999997 	 -0.0039921939593737 
	 8.6790249999999993 	 -0.0039850459573022 
	 8.6884200000000007 	 -0.0039777702834724 
	 8.6978150000000003 	 -0.0039703720827794 
	 8.7072099999999999 	 -0.0039628591632255 
	 8.7166049999999995 	 -0.0039552338217844 
	 8.7259999999999991 	 -0.0039474959138457 
	 8.7353950000000005 	 -0.0039396486834628 
	 8.7447900000000001 	 -0.0039316976859936 
	 8.7541850000000014 	 -0.0039236471871445 
	 8.7635800000000010 	 -0.0039154978035375 
	 8.7729750000000006 	 -0.0039072474001581 
	 8.7823700000000002 	 -0.0038989000242068 
	 8.7917649999999998 	 -0.0038904649229573 
	 8.8011599999999994 	 -0.0038819423644111 
	 8.8105549999999990 	 -0.0038733314852287 
	 8.8199500000000022 	 -0.0038646329401847 
	 8.8293450000000018 	 -0.0038558524735564 
	 8.8387400000000014 	 -0.0038469968949746 
	 8.8481349999999992 	 -0.0038380697777827 
	 8.8575299999999988 	 -0.0038290587917174 
	 8.8669249999999984 	 -0.0038199701478732 
	 8.8763199999999998 	 -0.0038108179675512 
	 8.8857149999999994 	 -0.0038015981215260 
	 8.8951099999999990 	 -0.0037923051112368 
	 8.9045050000000003 	 -0.0037829453737721 
	 8.9138999999999999 	 -0.0037735294453321 
	 8.9232949999999995 	 -0.0037640554531810 
	 8.9326899999999991 	 -0.0037545153708813 
	 8.9420850000000005 	 -0.0037449141067191 
	 8.9514800000000001 	 -0.0037352603790327 
	 8.9608749999999997 	 -0.0037255623733813 
	 8.9702699999999993 	 -0.0037158091234071 
	 8.9796649999999989 	 -0.0037059942949133 
	 8.9890599999999985 	 -0.0036961350154902 
	 8.9984549999999999 	 -0.0036862328561860 
	 9.0078499999999995 	 -0.0036762842261015 
	 9.0172449999999991 	 -0.0036662910316195 
	 9.0266400000000004 	 -0.0036562514439327 
	 9.0360350000000000 	 -0.0036461735909929 
	 9.0454299999999996 	 -0.0036360604138150 
	 9.0548249999999992 	 -0.0036259057284564 
	 9.0642199999999988 	 -0.0036157082701768 
	 9.0736149999999984 	 -0.0036054717510376 
	 9.0830099999999980 	 -0.0035952021511710 
	 9.0924050000000012 	 -0.0035849081407091 
	 9.1018000000000008 	 -0.0035745866270638 
	 9.1111950000000004 	 -0.0035642233153219 
	 9.1205900000000000 	 -0.0035538281544922 
	 9.1299849999999996 	 -0.0035434109102541 
	 9.1393799999999992 	 -0.0035329683757471 
	 9.1487749999999988 	 -0.0035224970702216 
	 9.1581699999999984 	 -0.0035120035944464 
	 9.1675649999999997 	 -0.0035014881511510 
	 9.1769600000000011 	 -0.0034909477150723 
	 9.1863550000000007 	 -0.0034803832042740 
	 9.1957500000000003 	 -0.0034697975535593 
	 9.2051449999999999 	 -0.0034591927403424 
	 9.2145399999999995 	 -0.0034485700139701 
	 9.2239349999999991 	 -0.0034379306830655 
	 9.2333299999999987 	 -0.0034272786121383 
	 9.2427250000000001 	 -0.0034166148668717 
	 9.2521200000000015 	 -0.0034059363063579 
	 9.2615150000000011 	 -0.0033952470987400 
	 9.2709100000000007 	 -0.0033845488377975 
	 9.2803050000000002 	 -0.0033738372496236 
	 9.2896999999999998 	 -0.0033631144237387 
	 9.2990949999999994 	 -0.0033523838779331 
	 9.3084899999999990 	 -0.0033416491299968 
	 9.3178849999999986 	 -0.0033309204791473 
	 9.3272800000000000 	 -0.0033202524740778 
	 9.3366749999999996 	 -0.0033096939539662 
	 9.3460700000000010 	 -0.0032990768019733 
	 9.3554650000000006 	 -0.0032883057716064 
	 9.3648600000000002 	 -0.0032774470702157 
	 9.3742549999999998 	 -0.0032670144454131 
	 9.3836499999999994 	 -0.0032572467019856 
	 9.3930450000000008 	 -0.0032475819055155 
	 9.4024400000000004 	 -0.0032374192224394 
	 9.4118350000000000 	 -0.0032267162174404 
	 9.4212299999999995 	 -0.0032160884101861 
	 9.4306249999999991 	 -0.0032054511489439 
	 9.4400200000000005 	 -0.0031948227713008 
	 9.4494150000000001 	 -0.0031842095707732 
	 9.4588099999999997 	 -0.0031736069841615 
	 9.4682049999999993 	 -0.0031630133608491 
	 9.4776000000000007 	 -0.0031524397192790 
	 9.4869950000000003 	 -0.0031418745382591 
	 9.4963899999999999 	 -0.0031313193222371 
	 9.5057849999999995 	 -0.0031207878687514 
	 9.5151799999999991 	 -0.0031102710835782 
	 9.5245749999999987 	 -0.0030997623985133 
	 9.5339700000000001 	 -0.0030892722464039 
	 9.5433650000000014 	 -0.0030787992866688 
	 9.5527600000000010 	 -0.0030683459955307 
	 9.5621550000000006 	 -0.0030579186773836 
	 9.5715500000000002 	 -0.0030474987738542 
	 9.5809449999999998 	 -0.0030370927725903 
	 9.5903399999999994 	 -0.0030267080279915 
	 9.5997349999999990 	 -0.0030163438352144 
	 9.6091299999999986 	 -0.0030059980020456 
	 9.6185250000000000 	 -0.0029956687245501 
	 9.6279200000000014 	 -0.0029853562520800 
	 9.6373150000000010 	 -0.0029750615101919 
	 9.6467100000000006 	 -0.0029647853523476 
	 9.6561050000000002 	 -0.0029545279195118 
	 9.6654999999999998 	 -0.0029442889580009 
	 9.6748949999999994 	 -0.0029340683648515 
	 9.6842899999999990 	 -0.0029238661608733 
	 9.6936850000000003 	 -0.0029136827627972 
	 9.7030800000000017 	 -0.0029035190425620 
	 9.7124750000000013 	 -0.0028933758770146 
	 9.7218700000000009 	 -0.0028832521181461 
	 9.7312650000000005 	 -0.0028731460373800 
	 9.7406600000000001 	 -0.0028630627294562 
	 9.7500549999999997 	 -0.0028530034178523 
	 9.7594499999999993 	 -0.0028429591768667 
	 9.7688449999999989 	 -0.0028329398854100 
	 9.7782400000000003 	 -0.0028229493745117 
	 9.7876350000000016 	 -0.0028129397403225 
	 9.7970300000000012 	 -0.0028029435399065 
	 9.8064250000000008 	 -0.0027930384398061 
	 9.8158200000000004 	 -0.0027832818385064 
	 9.8252150000000000 	 -0.0027734475834970 
	 9.8346099999999996 	 -0.0027631250972102 
	 9.8440050000000010 	 -0.0027524502241715 
	 9.8534000000000006 	 -0.0027421141004870 
	 9.8627950000000002 	 -0.0027323688916987 
	 9.8721899999999998 	 -0.0027228005582016 
	 9.8815850000000012 	 -0.0027131216922453 
	 9.8909800000000008 	 -0.0027034076497452 
	 9.9003750000000004 	 -0.0026937474253937 
	 9.9097700000000000 	 -0.0026841406891615 
	 9.9191649999999996 	 -0.0026745708122548 
	 9.9285600000000009 	 -0.0026650233944583 
	 9.9379550000000005 	 -0.0026554961079178 
	 9.9473500000000001 	 -0.0026459930982073 
	 9.9567449999999997 	 -0.0026365191462468 
	 9.9661400000000011 	 -0.0026270752757042 
	 9.9755350000000007 	 -0.0026176638510776 
	 9.9849300000000003 	 -0.0026082887513288 
	 9.9943250000000017 	 -0.0025989369746482 
	 10.0037200000000013 	 -0.0025896096370510 
	 10.0131150000000009 	 -0.0025803231858697 
	 10.0225099999999987 	 -0.0025710709791564 
	 10.0319049999999983 	 -0.0025618447269732 
	 10.0412999999999979 	 -0.0025526450146427 
	 10.0506950000000010 	 -0.0025434836121691 
	 10.0600900000000006 	 -0.0025343523399098 
	 10.0694850000000002 	 -0.0025252462135169 
	 10.0788799999999998 	 -0.0025161818481702 
	 10.0882749999999994 	 -0.0025071576394231 
	 10.0976699999999990 	 -0.0024981648421261 
	 10.1070649999999986 	 -0.0024891971808810 
	 10.1164600000000000 	 -0.0024802613102531 
	 10.1258549999999996 	 -0.0024713682809750 
	 10.1352499999999992 	 -0.0024625038173348 
	 10.1446450000000006 	 -0.0024536682761242 
	 10.1540400000000002 	 -0.0024448751109734 
	 10.1634349999999998 	 -0.0024361219017152 
	 10.1728299999999994 	 -0.0024274054476446 
	 10.1822249999999990 	 -0.0024187204121569 
	 10.1916199999999986 	 -0.0024100645842815 
	 10.2010149999999999 	 -0.0024014457383102 
	 10.2104099999999995 	 -0.0023928650746908 
	 10.2198049999999991 	 -0.0023843225790108 
	 10.2291999999999987 	 -0.0023758182368575 
	 10.2385950000000001 	 -0.0023673520338184 
	 10.2479899999999997 	 -0.0023589239554811 
	 10.2573849999999993 	 -0.0023505339874328 
	 10.2667800000000007 	 -0.0023421821152612 
	 10.2761750000000003 	 -0.0023338683245535 
	 10.2855699999999999 	 -0.0023255926008973 
	 10.2949649999999995 	 -0.0023173549298801 
	 10.3043599999999991 	 -0.0023091552970892 
	 10.3137550000000005 	 -0.0023009936881122 
	 10.3231500000000000 	 -0.0022928700885364 
	 10.3325449999999996 	 -0.0022847844839493 
	 10.3419399999999992 	 -0.0022767368599384 
	 10.3513350000000006 	 -0.0022687272020912 
	 10.3607300000000002 	 -0.0022607554959950 
	 10.3701249999999998 	 -0.0022528217272373 
	 10.3795199999999994 	 -0.0022449258814056 
	 10.3889149999999990 	 -0.0022370679440873 
	 10.3983099999999986 	 -0.0022292479008699 
	 10.4077050000000000 	 -0.0022214657373408 
	 10.4171000000000014 	 -0.0022137214390874 
	 10.4264950000000010 	 -0.0022060149916973 
	 10.4358900000000006 	 -0.0021983463807579 
	 10.4452850000000002 	 -0.0021907155918565 
	 10.4546799999999998 	 -0.0021831226105807 
	 10.4640749999999993 	 -0.0021755674225180 
	 10.4734699999999989 	 -0.0021680500132557 
	 10.4828649999999985 	 -0.0021605703683813 
	 10.4922599999999981 	 -0.0021531284734823 
	 10.5016550000000013 	 -0.0021457243140126 
	 10.5110500000000009 	 -0.0021383578362575 
	 10.5204450000000005 	 -0.0021310288930381 
	 10.5298400000000001 	 -0.0021237373235309 
	 10.5392349999999997 	 -0.0021164829669128 
	 10.5486299999999993 	 -0.0021092656623605 
	 10.5580249999999989 	 -0.0021020852490506 
	 10.5674200000000003 	 -0.0020949415661600 
	 10.5768149999999999 	 -0.0020878344528652 
	 10.5862100000000012 	 -0.0020807637483431 
	 10.5956050000000008 	 -0.0020737292917703 
	 10.6050000000000004 	 -0.0020667309223917 
	 10.6143949999999982 	 -0.0020597684808056 
	 10.6237899999999996 	 -0.0020528418088549 
	 10.6331849999999992 	 -0.0020459507484288 
	 10.6425799999999988 	 -0.0020390951414163 
	 10.6519749999999984 	 -0.0020322748297065 
	 10.6613699999999998 	 -0.0020254896551885 
	 10.6707649999999994 	 -0.0020187394597514 
	 10.6801600000000008 	 -0.0020120240852845 
	 10.6895550000000004 	 -0.0020053433736766 
	 10.6989500000000000 	 -0.0019986971668170 
	 10.7083449999999996 	 -0.0019920853149590 
	 10.7177400000000009 	 -0.0019855077152523 
	 10.7271349999999988 	 -0.0019789642811811 
	 10.7365300000000001 	 -0.0019724549262463 
	 10.7459249999999980 	 -0.0019659795639485 
	 10.7553199999999993 	 -0.0019595381077885 
	 10.7647149999999989 	 -0.0019531304712672 
	 10.7741100000000003 	 -0.0019467565678854 
	 10.7835049999999999 	 -0.0019404163111438 
	 10.7928999999999995 	 -0.0019341096145431 
	 10.8022949999999991 	 -0.0019278363915843 
	 10.8116900000000005 	 -0.0019215965557680 
	 10.8210849999999983 	 -0.0019153900205951 
	 10.8304799999999997 	 -0.0019092166995664 
	 10.8398749999999993 	 -0.0019030765061826 
	 10.8492700000000006 	 -0.0018969693539445 
	 10.8586650000000002 	 -0.0018908951563529 
	 10.8680600000000016 	 -0.0018848538269086 
	 10.8774549999999994 	 -0.0018788452791123 
	 10.8868500000000008 	 -0.0018728694264650 
	 10.8962449999999986 	 -0.0018669261824672 
	 10.9056400000000000 	 -0.0018610154606199 
	 10.9150349999999978 	 -0.0018551371744238 
	 10.9244299999999992 	 -0.0018492912373798 
	 10.9338249999999988 	 -0.0018434775629885 
	 10.9432200000000002 	 -0.0018376960647507 
	 10.9526149999999998 	 -0.0018319466561674 
	 10.9620100000000011 	 -0.0018262292507391 
	 10.9714049999999990 	 -0.0018205437619668 
	 10.9808000000000003 	 -0.0018148901033512 
	 10.9901949999999999 	 -0.0018092681883931 
	 10.9995899999999995 	 -0.0018036779305933 
	 11.0089849999999991 	 -0.0017981192451758 
	 11.0183800000000005 	 -0.0017925920552231 
	 11.0277750000000001 	 -0.0017870962860562 
	 11.0371700000000015 	 -0.0017816318629964 
	 11.0465649999999993 	 -0.0017761987113652 
	 11.0559600000000007 	 -0.0017707967564839 
	 11.0653549999999985 	 -0.0017654259236737 
	 11.0747499999999999 	 -0.0017600861382560 
	 11.0841449999999995 	 -0.0017547773255521 
	 11.0935399999999991 	 -0.0017494994108833 
	 11.1029349999999987 	 -0.0017442523193077 
	 11.1123300000000000 	 -0.0017390359574165 
	 11.1217249999999996 	 -0.0017338502015262 
	 11.1311200000000010 	 -0.0017286949251459 
	 11.1405150000000006 	 -0.0017235700017848 
	 11.1499100000000002 	 -0.0017184753049521 
	 11.1593049999999998 	 -0.0017134107081571 
	 11.1687000000000012 	 -0.0017083760849089 
	 11.1780949999999990 	 -0.0017033713087166 
	 11.1874900000000004 	 -0.0016983962530895 
	 11.1968849999999982 	 -0.0016934507915368 
	 11.2062799999999996 	 -0.0016885347975677 
	 11.2156749999999992 	 -0.0016836481446913 
	 11.2250700000000005 	 -0.0016787907064168 
	 11.2344650000000001 	 -0.0016739623562535 
	 11.2438599999999997 	 -0.0016691629677105 
	 11.2532549999999993 	 -0.0016643924142970 
	 11.2626500000000007 	 -0.0016596505695221 
	 11.2720449999999985 	 -0.0016549373068952 
	 11.2814399999999999 	 -0.0016502524999253 
	 11.2908350000000013 	 -0.0016455960221217 
	 11.3002300000000009 	 -0.0016409677469935 
	 11.3096250000000005 	 -0.0016363675480500 
	 11.3190200000000019 	 -0.0016317952988003 
	 11.3284149999999997 	 -0.0016272508727537 
	 11.3378100000000011 	 -0.0016227341434192 
	 11.3472049999999989 	 -0.0016182449843061 
	 11.3566000000000003 	 -0.0016137832689237 
	 11.3659949999999981 	 -0.0016093488707810 
	 11.3753899999999994 	 -0.0016049416633872 
	 11.3847850000000008 	 -0.0016005615202516 
	 11.3941800000000004 	 -0.0015962083148834 
	 11.4035750000000000 	 -0.0015918819204819 
	 11.4129700000000014 	 -0.0015875821966921 
	 11.4223649999999992 	 -0.0015833089846238 
	 11.4317600000000006 	 -0.0015790621240501 
	 11.4411550000000002 	 -0.0015748414547440 
	 11.4505499999999998 	 -0.0015706468164786 
	 11.4599449999999994 	 -0.0015664780490270 
	 11.4693400000000025 	 -0.0015623349921623 
	 11.4787350000000004 	 -0.0015582174856575 
	 11.4881300000000017 	 -0.0015541253692857 
	 11.4975249999999996 	 -0.0015500584828200 
	 11.5069200000000009 	 -0.0015460166670780 
	 11.5163149999999987 	 -0.0015419997723876 
	 11.5257100000000001 	 -0.0015380076541571 
	 11.5351049999999997 	 -0.0015340401678426 
	 11.5444999999999993 	 -0.0015300971689004 
	 11.5538950000000007 	 -0.0015261785127864 
	 11.5632900000000021 	 -0.0015222840549570 
	 11.5726849999999999 	 -0.0015184136508681 
	 11.5820800000000013 	 -0.0015145671559760 
	 11.5914750000000009 	 -0.0015107444257367 
	 11.6008700000000005 	 -0.0015069453156051 
	 11.6102650000000001 	 -0.0015031696789222 
	 11.6196600000000014 	 -0.0014994173626097 
	 11.6290549999999993 	 -0.0014956882123758 
	 11.6384500000000006 	 -0.0014919820739285 
	 11.6478450000000002 	 -0.0014882987929759 
	 11.6572400000000016 	 -0.0014846382152261 
	 11.6666349999999994 	 -0.0014810001863871 
	 11.6760300000000008 	 -0.0014773845521669 
	 11.6854250000000004 	 -0.0014737911582737 
	 11.6948200000000000 	 -0.0014702198504155 
	 11.7042149999999996 	 -0.0014666704742697 
	 11.7136100000000010 	 -0.0014631428746053 
	 11.7230049999999988 	 -0.0014596368951522 
	 11.7324000000000002 	 -0.0014561523795837 
	 11.7417950000000015 	 -0.0014526891715729 
	 11.7511900000000011 	 -0.0014492471147930 
	 11.7605850000000007 	 -0.0014458260529172 
	 11.7699800000000021 	 -0.0014424258296186 
	 11.7793749999999999 	 -0.0014390462885704 
	 11.7887699999999978 	 -0.0014356872734459 
	 11.7981649999999991 	 -0.0014323486279181 
	 11.8075599999999987 	 -0.0014290301956602 
	 11.8169549999999983 	 -0.0014257318203455 
	 11.8263499999999997 	 -0.0014224533456471 
	 11.8357450000000011 	 -0.0014191946152382 
	 11.8451399999999989 	 -0.0014159554727919 
	 11.8545350000000003 	 -0.0014127357619815 
	 11.8639299999999999 	 -0.0014095353264801 
	 11.8733249999999995 	 -0.0014063540099608 
	 11.8827199999999991 	 -0.0014031916560969 
	 11.8921150000000004 	 -0.0014000481085616 
	 11.9015099999999983 	 -0.0013969232110309 
	 11.9109049999999996 	 -0.0013938168082704 
	 11.9202999999999992 	 -0.0013907287477623 
	 11.9296950000000006 	 -0.0013876588774046 
	 11.9390899999999984 	 -0.0013846070450959 
	 11.9484849999999998 	 -0.0013815730987343 
	 11.9578799999999994 	 -0.0013785568862181 
	 11.9672749999999990 	 -0.0013755582554457 
	 11.9766699999999986 	 -0.0013725770543153 
	 11.9860650000000000 	 -0.0013696131307253 
	 11.9954599999999978 	 -0.0013666663325739 
	 12.0048550000000009 	 -0.0013637365077594 
	 12.0142500000000005 	 -0.0013608235041801 
	 12.0236450000000001 	 -0.0013579271697344 
	 12.0330399999999997 	 -0.0013550473523205 
	 12.0424350000000011 	 -0.0013521838998367 
	 12.0518299999999989 	 -0.0013493366601813 
	 12.0612250000000003 	 -0.0013465054812527 
	 12.0706199999999981 	 -0.0013436902109490 
	 12.0800149999999995 	 -0.0013408906971686 
	 12.0894099999999991 	 -0.0013381067878098 
	 12.0988050000000005 	 -0.0013353383307710 
	 12.1082000000000001 	 -0.0013325851777136 
	 12.1175949999999997 	 -0.0013298472024249 
	 12.1269899999999993 	 -0.0013271242867517 
	 12.1363850000000006 	 -0.0013244163125525 
	 12.1457799999999985 	 -0.0013217231616856 
	 12.1551749999999998 	 -0.0013190447160096 
	 12.1645699999999994 	 -0.0013163808573829 
	 12.1739649999999990 	 -0.0013137314676638 
	 12.1833600000000004 	 -0.0013110964287109 
	 12.1927550000000018 	 -0.0013084756223826 
	 12.2021499999999996 	 -0.0013058689305074 
	 12.2115450000000010 	 -0.0013032762304084 
	 12.2209399999999988 	 -0.0013006973901323 
	 12.2303350000000002 	 -0.0012981322765830 
	 12.2397299999999980 	 -0.0012955807566643 
	 12.2491249999999994 	 -0.0012930426972798 
	 12.2585199999999990 	 -0.0012905179653335 
	 12.2679150000000003 	 -0.0012880064277290 
	 12.2773099999999999 	 -0.0012855079513703 
	 12.2867050000000013 	 -0.0012830224031610 
	 12.2960999999999991 	 -0.0012805496500050 
	 12.3054950000000005 	 -0.0012780895588060 
	 12.3148900000000001 	 -0.0012756419964679 
	 12.3242849999999997 	 -0.0012732068298944 
	 12.3336799999999993 	 -0.0012707839259894 
	 12.3430750000000007 	 -0.0012683731516565 
	 12.3524700000000003 	 -0.0012659743737996 
	 12.3618650000000017 	 -0.0012635874593225 
	 12.3712599999999995 	 -0.0012612122751290 
	 12.3806550000000009 	 -0.0012588486881228 
	 12.3900499999999987 	 -0.0012564965652078 
	 12.3994450000000001 	 -0.0012541557732877 
	 12.4088399999999996 	 -0.0012518261838157 
	 12.4182349999999992 	 -0.0012495076899787 
	 12.4276299999999988 	 -0.0012472001914463 
	 12.4370250000000002 	 -0.0012449035878895 
	 12.4464199999999998 	 -0.0012426177789789 
	 12.4558150000000012 	 -0.0012403426643854 
	 12.4652100000000008 	 -0.0012380781437799 
	 12.4746050000000004 	 -0.0012358241168331 
	 12.4840000000000000 	 -0.0012335804832158 
	 12.4933950000000014 	 -0.0012313471425988 
	 12.5027899999999992 	 -0.0012291239947400 
	 12.5121850000000006 	 -0.0012269109462884 
	 12.5215799999999984 	 -0.0012247079156708 
	 12.5309750000000015 	 -0.0012225148224672 
	 12.5403699999999994 	 -0.0012203315862572 
	 12.5497650000000007 	 -0.0012181581266207 
	 12.5591600000000003 	 -0.0012159943631375 
	 12.5685549999999999 	 -0.0012138402153874 
	 12.5779499999999995 	 -0.0012116956029501 
	 12.5873450000000009 	 -0.0012095604454056 
	 12.5967399999999987 	 -0.0012074346623335 
	 12.6061350000000001 	 -0.0012053181733137 
	 12.6155299999999997 	 -0.0012032108979260 
	 12.6249250000000011 	 -0.0012011127557502 
	 12.6343200000000007 	 -0.0011990236663661 
	 12.6437150000000020 	 -0.0011969435493535 
	 12.6531099999999999 	 -0.0011948723242921 
	 12.6625050000000012 	 -0.0011928099107619 
	 12.6718999999999991 	 -0.0011907562283425 
	 12.6812950000000004 	 -0.0011887111966139 
	 12.6906899999999982 	 -0.0011866747351557 
	 12.7000849999999996 	 -0.0011846467635479 
	 12.7094800000000010 	 -0.0011826272013701 
	 12.7188750000000006 	 -0.0011806159682022 
	 12.7282700000000002 	 -0.0011786129836241 
	 12.7376650000000016 	 -0.0011766181672154 
	 12.7470599999999994 	 -0.0011746314385560 
	 12.7564550000000008 	 -0.0011726527172258 
	 12.7658500000000004 	 -0.0011706819228044 
	 12.7752450000000000 	 -0.0011687189748717 
	 12.7846399999999996 	 -0.0011667637930076 
	 12.7940350000000009 	 -0.0011648162967917 
	 12.8034300000000005 	 -0.0011628764059988 
	 12.8128250000000019 	 -0.0011609440498074 
	 12.8222199999999997 	 -0.0011590191707920 
	 12.8316150000000011 	 -0.0011571017125514 
	 12.8410099999999989 	 -0.0011551916186846 
	 12.8504050000000003 	 -0.0011532888327904 
	 12.8597999999999999 	 -0.0011513932984679 
	 12.8691949999999995 	 -0.0011495049593159 
	 12.8785899999999991 	 -0.0011476237589334 
	 12.8879850000000022 	 -0.0011457496409192 
	 12.8973800000000001 	 -0.0011438825488723 
	 12.9067750000000014 	 -0.0011420224263917 
	 12.9161700000000010 	 -0.0011401692170762 
	 12.9255650000000006 	 -0.0011383228645247 
	 12.9349600000000002 	 -0.0011364833123363 
	 12.9443550000000016 	 -0.0011346505041098 
	 12.9537499999999994 	 -0.0011328243834441 
	 12.9631449999999973 	 -0.0011310048939381 
	 12.9725400000000004 	 -0.0011291919791909 
	 12.9819350000000000 	 -0.0011273855828012 
	 12.9913299999999996 	 -0.0011255856483681 
	 13.0007249999999992 	 -0.0011237921194904 
	 13.0101200000000006 	 -0.0011220049398046 
	 13.0195149999999984 	 -0.0011202240530656 
	 13.0289099999999998 	 -0.0011184494030523 
	 13.0383049999999994 	 -0.0011166809335433 
	 13.0476999999999990 	 -0.0011149185883172 
	 13.0570950000000003 	 -0.0011131623111529 
	 13.0664900000000017 	 -0.0011114120458288 
	 13.0758849999999995 	 -0.0011096677361239 
	 13.0852800000000009 	 -0.0011079293258167 
	 13.0946749999999987 	 -0.0011061967586858 
	 13.1040700000000001 	 -0.0011044699785101 
	 13.1134649999999979 	 -0.0011027489290682 
	 13.1228599999999993 	 -0.0011010335541388 
	 13.1322549999999989 	 -0.0010993237975005 
	 13.1416499999999985 	 -0.0010976196029320 
	 13.1510449999999999 	 -0.0010959209142121 
	 13.1604400000000012 	 -0.0010942276751194 
	 13.1698349999999991 	 -0.0010925398294326 
	 13.1792300000000004 	 -0.0010908573209305 
	 13.1886250000000000 	 -0.0010891800933915 
	 13.1980199999999996 	 -0.0010875080905946 
	 13.2074149999999992 	 -0.0010858412563183 
	 13.2168100000000006 	 -0.0010841795343413 
	 13.2262049999999984 	 -0.0010825228684424 
	 13.2356000000000016 	 -0.0010808712024001 
	 13.2449949999999994 	 -0.0010792244799933 
	 13.2543900000000008 	 -0.0010775826450005 
	 13.2637849999999986 	 -0.0010759456412005 
	 13.2731800000000000 	 -0.0010743134123720 
	 13.2825749999999996 	 -0.0010726859022935 
	 13.2919699999999992 	 -0.0010710630547440 
	 13.3013649999999988 	 -0.0010694448135046 
	 13.3107600000000001 	 -0.0010678311237043 
	 13.3201549999999980 	 -0.0010662219339819 
	 13.3295500000000011 	 -0.0010646171935411 
	 13.3389450000000007 	 -0.0010630168515855 
	 13.3483400000000003 	 -0.0010614208573187 
	 13.3577349999999999 	 -0.0010598291599444 
	 13.3671300000000013 	 -0.0010582417086660 
	 13.3765249999999991 	 -0.0010566584526873 
	 13.3859200000000005 	 -0.0010550793412119 
	 13.3953149999999983 	 -0.0010535043234433 
	 13.4047099999999997 	 -0.0010519333486242 
	 13.4141049999999993 	 -0.0010503663668920 
	 13.4235000000000007 	 -0.0010488033292753 
	 13.4328950000000003 	 -0.0010472441868410 
	 13.4422899999999998 	 -0.0010456888906565 
	 13.4516849999999994 	 -0.0010441373917887 
	 13.4610800000000008 	 -0.0010425896413048 
	 13.4704749999999986 	 -0.0010410455902720 
	 13.4798700000000000 	 -0.0010395051897573 
	 13.4892649999999996 	 -0.0010379683908279 
	 13.4986599999999992 	 -0.0010364351445510 
	 13.5080550000000006 	 -0.0010349054019935 
	 13.5174500000000020 	 -0.0010333791142227 
	 13.5268449999999998 	 -0.0010318562323056 
	 13.5362400000000012 	 -0.0010303367073094 
	 13.5456349999999990 	 -0.0010288204903013 
	 13.5550300000000004 	 -0.0010273075323483 
	 13.5644249999999982 	 -0.0010257977845175 
	 13.5738199999999996 	 -0.0010242911978761 
	 13.5832149999999992 	 -0.0010227877234912 
	 13.5926100000000005 	 -0.0010212873124299 
	 13.6020050000000001 	 -0.0010197899157594 
	 13.6114000000000015 	 -0.0010182954845468 
	 13.6207949999999993 	 -0.0010168039698591 
	 13.6301900000000007 	 -0.0010153153227635 
	 13.6395850000000003 	 -0.0010138294943272 
	 13.6489799999999999 	 -0.0010123464356172 
	 13.6583749999999995 	 -0.0010108660977007 
	 13.6677700000000009 	 -0.0010093884316449 
	 13.6771649999999987 	 -0.0010079133885167 
	 13.6865600000000018 	 -0.0010064409193833 
	 13.6959549999999997 	 -0.0010049709753120 
	 13.7053500000000010 	 -0.0010035035076361 
	 13.7147449999999989 	 -0.0010020384721995 
	 13.7241400000000002 	 -0.0010005758286084 
	 13.7335349999999998 	 -0.0009991155365839 
	 13.7429299999999994 	 -0.0009976575558472 
	 13.7523249999999990 	 -0.0009962018461194 
	 13.7617200000000004 	 -0.0009947483671217 
	 13.7711150000000000 	 -0.0009932970785752 
	 13.7805100000000014 	 -0.0009918479402012 
	 13.7899050000000010 	 -0.0009904009117209 
	 13.7993000000000006 	 -0.0009889559528552 
	 13.8086950000000002 	 -0.0009875130259203 
	 13.8180900000000015 	 -0.0009860721062204 
	 13.8274849999999994 	 -0.0009846331731150 
	 13.8368800000000007 	 -0.0009831962059652 
	 13.8462749999999986 	 -0.0009817611841319 
	 13.8556699999999999 	 -0.0009803280869762 
	 13.8650649999999995 	 -0.0009788968938589 
	 13.8744600000000009 	 -0.0009774675841410 
	 13.8838550000000005 	 -0.0009760401371837 
	 13.8932500000000001 	 -0.0009746145323477 
	 13.9026449999999997 	 -0.0009731907489942 
	 13.9120400000000011 	 -0.0009717687664840 
	 13.9214349999999989 	 -0.0009703485641782 
	 13.9308300000000003 	 -0.0009689301214378 
	 13.9402249999999999 	 -0.0009675134176236 
	 13.9496200000000012 	 -0.0009660984320968 
	 13.9590150000000008 	 -0.0009646851442182 
	 13.9684100000000022 	 -0.0009632735333489 
	 13.9778050000000000 	 -0.0009618635788498 
	 13.9872000000000014 	 -0.0009604552600819 
	 13.9965949999999992 	 -0.0009590485564063 
	 14.0059900000000006 	 -0.0009576434474696 
	 14.0153849999999984 	 -0.0009562399166187 
	 14.0247799999999998 	 -0.0009548379497795 
	 14.0341750000000012 	 -0.0009534375329305 
	 14.0435700000000008 	 -0.0009520386520500 
	 14.0529650000000004 	 -0.0009506412931165 
	 14.0623600000000017 	 -0.0009492454421084 
	 14.0717549999999996 	 -0.0009478510850042 
	 14.0811500000000009 	 -0.0009464582077823 
	 14.0905450000000005 	 -0.0009450667964211 
	 14.0999400000000001 	 -0.0009436768368991 
	 14.1093349999999997 	 -0.0009422883151948 
	 14.1187300000000011 	 -0.0009409012172864 
	 14.1281250000000007 	 -0.0009395155291526 
	 14.1375199999999985 	 -0.0009381312367716 
	 14.1469149999999999 	 -0.0009367483261220 
	 14.1563099999999995 	 -0.0009353667831822 
	 14.1657049999999991 	 -0.0009339865939306 
	 14.1750999999999987 	 -0.0009326077443456 
	 14.1844950000000001 	 -0.0009312302204057 
	 14.1938899999999979 	 -0.0009298540080894 
	 14.2032849999999993 	 -0.0009284790933749 
	 14.2126800000000006 	 -0.0009271054622409 
	 14.2220750000000002 	 -0.0009257331006657 
	 14.2314699999999998 	 -0.0009243619946278 
	 14.2408650000000012 	 -0.0009229921301055 
	 14.2502599999999990 	 -0.0009216234930774 
	 14.2596550000000004 	 -0.0009202560695218 
	 14.2690499999999982 	 -0.0009188898454172 
	 14.2784449999999996 	 -0.0009175248067420 
	 14.2878399999999974 	 -0.0009161609394747 
	 14.2972350000000006 	 -0.0009147982295937 
	 14.3066300000000002 	 -0.0009134366635212 
	 14.3160249999999998 	 -0.0009120762321700 
	 14.3254199999999994 	 -0.0009107169290619 
	 14.3348150000000008 	 -0.0009093587477508 
	 14.3442099999999986 	 -0.0009080016817908 
	 14.3536049999999999 	 -0.0009066457247356 
	 14.3629999999999995 	 -0.0009052908701394 
	 14.3723949999999991 	 -0.0009039371115559 
	 14.3817899999999987 	 -0.0009025844425392 
	 14.3911850000000019 	 -0.0009012328566432 
	 14.4005799999999997 	 -0.0008998823474231 
	 14.4099750000000011 	 -0.0008985329149683 
	 14.4193699999999989 	 -0.0008971845811017 
	 14.4287650000000003 	 -0.0008958373721589 
	 14.4381599999999981 	 -0.0008944913144757 
	 14.4475549999999995 	 -0.0008931464343879 
	 14.4569499999999991 	 -0.0008918027582311 
	 14.4663449999999987 	 -0.0008904603123413 
	 14.4757400000000001 	 -0.0008891191230540 
	 14.4851350000000014 	 -0.0008877792167052 
	 14.4945299999999992 	 -0.0008864406196304 
	 14.5039250000000006 	 -0.0008851033576909 
	 14.5133200000000002 	 -0.0008837674400963 
	 14.5227149999999998 	 -0.0008824328554129 
	 14.5321099999999994 	 -0.0008810995909219 
	 14.5415050000000008 	 -0.0008797676339049 
	 14.5508999999999986 	 -0.0008784369716432 
	 14.5602950000000000 	 -0.0008771075914183 
	 14.5696899999999996 	 -0.0008757794805115 
	 14.5790850000000010 	 -0.0008744526262043 
	 14.5884799999999988 	 -0.0008731270157780 
	 14.5978750000000002 	 -0.0008718026365142 
	 14.6072699999999998 	 -0.0008704794756943 
	 14.6166649999999994 	 -0.0008691575205995 
	 14.6260599999999990 	 -0.0008678367585115 
	 14.6354550000000003 	 -0.0008665171767114 
	 14.6448499999999981 	 -0.0008651987624809 
	 14.6542450000000013 	 -0.0008638815031013 
	 14.6636400000000009 	 -0.0008625653858540 
	 14.6730350000000005 	 -0.0008612503980205 
	 14.6824300000000001 	 -0.0008599365268821 
	 14.6918250000000015 	 -0.0008586237597203 
	 14.7012199999999993 	 -0.0008573120838284 
	 14.7106150000000007 	 -0.0008560014943154 
	 14.7200099999999985 	 -0.0008546920075819 
	 14.7294049999999999 	 -0.0008533836436201 
	 14.7387999999999995 	 -0.0008520764224225 
	 14.7481950000000008 	 -0.0008507703639814 
	 14.7575900000000004 	 -0.0008494654882890 
	 14.7669850000000000 	 -0.0008481618153378 
	 14.7763799999999996 	 -0.0008468593651201 
	 14.7857750000000010 	 -0.0008455581576281 
	 14.7951699999999988 	 -0.0008442582128543 
	 14.8045650000000002 	 -0.0008429595505515 
	 14.8139599999999998 	 -0.0008416621845836 
	 14.8233549999999994 	 -0.0008403661227045 
	 14.8327500000000008 	 -0.0008390713723847 
	 14.8421450000000021 	 -0.0008377779410946 
	 14.8515400000000000 	 -0.0008364858363046 
	 14.8609350000000013 	 -0.0008351950654851 
	 14.8703299999999992 	 -0.0008339056361065 
	 14.8797250000000005 	 -0.0008326175556393 
	 14.8891199999999984 	 -0.0008313308315538 
	 14.8985149999999997 	 -0.0008300454713205 
	 14.9079099999999993 	 -0.0008287614821873 
	 14.9173049999999989 	 -0.0008274788699617 
	 14.9267000000000003 	 -0.0008261976398784 
	 14.9360950000000017 	 -0.0008249177971703 
	 14.9454899999999995 	 -0.0008236393470702 
	 14.9548850000000009 	 -0.0008223622948114 
	 14.9642800000000005 	 -0.0008210866456266 
	 14.9736750000000001 	 -0.0008198124047489 
	 14.9830699999999997 	 -0.0008185395774113 
	 14.9924650000000010 	 -0.0008172681688468 
	 15.0018600000000006 	 -0.0008159981842883 
	 15.0112550000000020 	 -0.0008147296289687 
	 15.0206499999999998 	 -0.0008134625081212 
	 15.0300450000000012 	 -0.0008121968269786 
	 15.0394399999999990 	 -0.0008109325907740 
	 15.0488350000000004 	 -0.0008096698047402 
	 15.0582300000000000 	 -0.0008084084741104 
	 15.0676249999999996 	 -0.0008071486041174 
	 15.0770199999999992 	 -0.0008058901999943 
	 15.0864150000000006 	 -0.0008046332669741 
	 15.0958100000000002 	 -0.0008033778102896 
	 15.1052050000000015 	 -0.0008021238351740 
	 15.1146000000000011 	 -0.0008008713468601 
	 15.1239950000000007 	 -0.0007996203505809 
	 15.1333900000000003 	 -0.0007983708515695 
	 15.1427850000000017 	 -0.0007971228550588 
	 15.1521799999999995 	 -0.0007958763662817 
	 15.1615750000000009 	 -0.0007946313904714 
	 15.1709699999999987 	 -0.0007933879328606 
	 15.1803650000000001 	 -0.0007921459986825 
	 15.1897599999999997 	 -0.0007909055931700 
	 15.1991550000000011 	 -0.0007896667215561 
	 15.2085500000000007 	 -0.0007884293888476 
	 15.2179450000000003 	 -0.0007871935988653 
	 15.2273399999999999 	 -0.0007859593550424 
	 15.2367350000000012 	 -0.0007847266608119 
	 15.2461299999999991 	 -0.0007834955196068 
	 15.2555250000000004 	 -0.0007822659348600 
	 15.2649200000000000 	 -0.0007810379100045 
	 15.2743150000000014 	 -0.0007798114484733 
	 15.2837100000000010 	 -0.0007785865536994 
	 15.2931050000000024 	 -0.0007773632291157 
	 15.3025000000000002 	 -0.0007761414781679 
	 15.3118949999999980 	 -0.0007749213056097 
	 15.3212899999999994 	 -0.0007737027186260 
	 15.3306849999999990 	 -0.0007724857246664 
	 15.3400799999999986 	 -0.0007712703311803 
	 15.3494749999999982 	 -0.0007700565456173 
	 15.3588699999999996 	 -0.0007688443754268 
	 15.3682649999999992 	 -0.0007676338280585 
	 15.3776600000000006 	 -0.0007664249109618 
	 15.3870550000000001 	 -0.0007652176315863 
	 15.3964499999999997 	 -0.0007640119973814 
	 15.4058449999999993 	 -0.0007628080157967 
	 15.4152400000000007 	 -0.0007616056942817 
	 15.4246349999999985 	 -0.0007604050402859 
	 15.4340299999999999 	 -0.0007592060612589 
	 15.4434249999999977 	 -0.0007580087646501 
	 15.4528200000000009 	 -0.0007568131579090 
	 15.4622149999999987 	 -0.0007556192484853 
	 15.4716100000000001 	 -0.0007544270438283 
	 15.4810049999999997 	 -0.0007532365513877 
	 15.4903999999999993 	 -0.0007520477786129 
	 15.4997949999999989 	 -0.0007508607329534 
	 15.5091900000000003 	 -0.0007496754218588 
	 15.5185849999999981 	 -0.0007484918527787 
	 15.5279799999999994 	 -0.0007473100331624 
	 15.5373750000000008 	 -0.0007461299704595 
	 15.5467700000000004 	 -0.0007449516721196 
	 15.5561650000000000 	 -0.0007437751455921 
	 15.5655600000000014 	 -0.0007426003983266 
	 15.5749549999999992 	 -0.0007414274377727 
	 15.5843500000000006 	 -0.0007402562713797 
	 15.5937449999999984 	 -0.0007390869065972 
	 15.6031399999999998 	 -0.0007379193508600 
	 15.6125349999999976 	 -0.0007367536107208 
	 15.6219299999999990 	 -0.0007355896913685 
	 15.6313250000000004 	 -0.0007344275978752 
	 15.6407200000000000 	 -0.0007332673353126 
	 15.6501149999999996 	 -0.0007321089087530 
	 15.6595100000000009 	 -0.0007309523232681 
	 15.6689049999999988 	 -0.0007297975839301 
	 15.6783000000000001 	 -0.0007286446958108 
	 15.6876949999999997 	 -0.0007274936639823 
	 15.6970899999999993 	 -0.0007263444935165 
	 15.7064849999999989 	 -0.0007251971894854 
	 15.7158800000000021 	 -0.0007240517569610 
	 15.7252749999999999 	 -0.0007229082010153 
	 15.7346700000000013 	 -0.0007217665267202 
	 15.7440649999999991 	 -0.0007206267391477 
	 15.7534600000000005 	 -0.0007194888433699 
	 15.7628549999999983 	 -0.0007183528444585 
	 15.7722499999999997 	 -0.0007172187474858 
	 15.7816449999999993 	 -0.0007160865575235 
	 15.7910399999999989 	 -0.0007149562796438 
	 15.8004350000000002 	 -0.0007138279189184 
	 15.8098300000000016 	 -0.0007127014800253 
	 15.8192249999999994 	 -0.0007115769662691 
	 15.8286200000000008 	 -0.0007104543806563 
	 15.8380150000000004 	 -0.0007093337261929 
	 15.8474100000000000 	 -0.0007082150058852 
	 15.8568049999999996 	 -0.0007070982227395 
	 15.8662000000000010 	 -0.0007059833797620 
	 15.8755949999999988 	 -0.0007048704799589 
	 15.8849900000000002 	 -0.0007037595263364 
	 15.8943849999999998 	 -0.0007026505219007 
	 15.9037800000000011 	 -0.0007015434696577 
	 15.9131749999999990 	 -0.0007004383725942 
	 15.9225700000000003 	 -0.0006993352336729 
	 15.9319649999999999 	 -0.0006982340558550 
	 15.9413599999999995 	 -0.0006971348421014 
	 15.9507549999999991 	 -0.0006960375953733 
	 15.9601500000000005 	 -0.0006949423186317 
	 15.9695449999999983 	 -0.0006938490148377 
	 15.9789400000000015 	 -0.0006927576869525 
	 15.9883350000000011 	 -0.0006916683379370 
	 15.9977300000000007 	 -0.0006905809707523 
	 16.0071249999999985 	 -0.0006894955882324 
	 16.0165199999999999 	 -0.0006884121921337 
	 16.0259150000000012 	 -0.0006873307836710 
	 16.0353100000000026 	 -0.0006862513640549 
	 16.0447050000000004 	 -0.0006851739344959 
	 16.0541000000000018 	 -0.0006840984962046 
	 16.0634949999999996 	 -0.0006830250503915 
	 16.0728900000000010 	 -0.0006819535982671 
	 16.0822849999999988 	 -0.0006808841410421 
	 16.0916800000000002 	 -0.0006798166799270 
	 16.1010749999999980 	 -0.0006787512161325 
	 16.1104699999999994 	 -0.0006776877510350 
	 16.1198650000000008 	 -0.0006766262864825 
	 16.1292600000000022 	 -0.0006755668244068 
	 16.1386550000000000 	 -0.0006745093667392 
	 16.1480500000000013 	 -0.0006734539154115 
	 16.1574449999999992 	 -0.0006724004723553 
	 16.1668400000000005 	 -0.0006713490395020 
	 16.1762349999999984 	 -0.0006702996187833 
	 16.1856299999999997 	 -0.0006692522121308 
	 16.1950249999999976 	 -0.0006682068214760 
	 16.2044200000000025 	 -0.0006671634487506 
	 16.2138150000000003 	 -0.0006661220958861 
	 16.2232100000000017 	 -0.0006650827648140 
	 16.2326049999999995 	 -0.0006640454574661 
	 16.2420000000000009 	 -0.0006630101757738 
	 16.2513949999999987 	 -0.0006619769216688 
	 16.2607900000000001 	 -0.0006609456970825 
	 16.2701850000000015 	 -0.0006599165039467 
	 16.2795799999999993 	 -0.0006588893441929 
	 16.2889750000000006 	 -0.0006578642197527 
	 16.2983700000000020 	 -0.0006568411325576 
	 16.3077649999999998 	 -0.0006558200848687 
	 16.3171600000000012 	 -0.0006548010811842 
	 16.3265549999999990 	 -0.0006537841269332 
	 16.3359500000000004 	 -0.0006527692275476 
	 16.3453449999999982 	 -0.0006517563884595 
	 16.3547399999999996 	 -0.0006507456151008 
	 16.3641349999999974 	 -0.0006497369129036 
	 16.3735299999999988 	 -0.0006487302872999 
	 16.3829250000000002 	 -0.0006477257437216 
	 16.3923200000000016 	 -0.0006467232876008 
	 16.4017150000000029 	 -0.0006457229243695 
	 16.4111100000000008 	 -0.0006447246594597 
	 16.4205050000000021 	 -0.0006437284983034 
	 16.4299000000000035 	 -0.0006427344463325 
	 16.4392950000000013 	 -0.0006417425089792 
	 16.4486900000000027 	 -0.0006407526916754 
	 16.4580850000000005 	 -0.0006397649998531 
	 16.4674800000000019 	 -0.0006387794389443 
	 16.4768749999999997 	 -0.0006377960143811 
	 16.4862699999999975 	 -0.0006368147315953 
	 16.4956649999999989 	 -0.0006358355960191 
	 16.5050599999999967 	 -0.0006348586128119 
	 16.5144549999999981 	 -0.0006338837818683 
	 16.5238499999999959 	 -0.0006329110983228 
	 16.5332449999999973 	 -0.0006319405571383 
	 16.5426399999999987 	 -0.0006309721532778 
	 16.5520349999999965 	 -0.0006300058817042 
	 16.5614300000000014 	 -0.0006290417373806 
	 16.5708250000000028 	 -0.0006280797152698 
	 16.5802200000000006 	 -0.0006271198103349 
	 16.5896150000000020 	 -0.0006261620175388 
	 16.5990099999999998 	 -0.0006252063318445 
	 16.6084050000000012 	 -0.0006242527482150 
	 16.6177999999999990 	 -0.0006233012616132 
	 16.6271950000000004 	 -0.0006223518670020 
	 16.6365899999999982 	 -0.0006214045593445 
	 16.6459849999999996 	 -0.0006204593336036 
	 16.6553799999999974 	 -0.0006195161847424 
	 16.6647749999999988 	 -0.0006185751077236 
	 16.6741700000000002 	 -0.0006176360975104 
	 16.6835649999999980 	 -0.0006166991490657 
	 16.6929599999999994 	 -0.0006157642573524 
	 16.7023550000000007 	 -0.0006148314173335 
	 16.7117499999999986 	 -0.0006139006239720 
	 16.7211449999999999 	 -0.0006129718722309 
	 16.7305400000000013 	 -0.0006120451570731 
	 16.7399350000000027 	 -0.0006111204734616 
	 16.7493300000000005 	 -0.0006101978163593 
	 16.7587250000000019 	 -0.0006092771807292 
	 16.7681199999999997 	 -0.0006083585615344 
	 16.7775150000000011 	 -0.0006074419537376 
	 16.7869099999999989 	 -0.0006065273523020 
	 16.7963050000000003 	 -0.0006056147521905 
	 16.8056999999999981 	 -0.0006047041490287 
	 16.8150949999999995 	 -0.0006037955480977 
	 16.8244899999999973 	 -0.0006028889619819 
	 16.8338849999999987 	 -0.0006019844034460 
	 16.8432800000000000 	 -0.0006010818852546 
	 16.8526749999999979 	 -0.0006001814201725 
	 16.8620699999999992 	 -0.0005992830209644 
	 16.8714650000000006 	 -0.0005983867003950 
	 16.8808599999999984 	 -0.0005974924712290 
	 16.8902549999999998 	 -0.0005966003462311 
	 16.8996499999999976 	 -0.0005957103381660 
	 16.9090450000000025 	 -0.0005948224544946 
	 16.9184400000000004 	 -0.0005939366789510 
	 16.9278350000000017 	 -0.0005930529886378 
	 16.9372299999999996 	 -0.0005921713606570 
	 16.9466250000000009 	 -0.0005912917721107 
	 16.9560199999999988 	 -0.0005904142001011 
	 16.9654150000000001 	 -0.0005895386217303 
	 16.9748100000000015 	 -0.0005886650141002 
	 16.9842049999999993 	 -0.0005877933543132 
	 16.9936000000000007 	 -0.0005869236194712 
	 17.0029950000000021 	 -0.0005860557870065 
	 17.0123899999999999 	 -0.0005851898563970 
	 17.0217850000000013 	 -0.0005843258626487 
	 17.0311799999999991 	 -0.0005834638439880 
	 17.0405750000000005 	 -0.0005826038386411 
	 17.0499699999999983 	 -0.0005817458848343 
	 17.0593649999999997 	 -0.0005808900207941 
	 17.0687599999999975 	 -0.0005800362847466 
	 17.0781549999999989 	 -0.0005791847149183 
	 17.0875500000000002 	 -0.0005783353495354 
	 17.0969450000000016 	 -0.0005774882268244 
	 17.1063399999999994 	 -0.0005766433803481 
	 17.1157350000000008 	 -0.0005758007910329 
	 17.1251299999999986 	 -0.0005749604065789 
	 17.1345250000000000 	 -0.0005741221741645 
	 17.1439200000000014 	 -0.0005732860409681 
	 17.1533149999999992 	 -0.0005724519541682 
	 17.1627100000000006 	 -0.0005716198609430 
	 17.1721050000000020 	 -0.0005707897084711 
	 17.1814999999999998 	 -0.0005699614439307 
	 17.1908950000000011 	 -0.0005691350145003 
	 17.2002899999999990 	 -0.0005683103673587 
	 17.2096850000000003 	 -0.0005674874639777 
	 17.2190799999999982 	 -0.0005666663179504 
	 17.2284749999999995 	 -0.0005658469547469 
	 17.2378699999999974 	 -0.0005650293998374 
	 17.2472649999999987 	 -0.0005642136786921 
	 17.2566599999999966 	 -0.0005633998167811 
	 17.2660550000000015 	 -0.0005625878395747 
	 17.2754500000000029 	 -0.0005617777725430 
	 17.2848450000000007 	 -0.0005609696411563 
	 17.2942400000000021 	 -0.0005601634708846 
	 17.3036350000000034 	 -0.0005593592869042 
	 17.3130300000000013 	 -0.0005585571020245 
	 17.3224250000000026 	 -0.0005577569124265 
	 17.3318200000000004 	 -0.0005569587131214 
	 17.3412150000000018 	 -0.0005561624991202 
	 17.3506099999999996 	 -0.0005553682654340 
	 17.3600050000000010 	 -0.0005545760070740 
	 17.3693999999999988 	 -0.0005537857190513 
	 17.3787950000000002 	 -0.0005529973963769 
	 17.3881899999999980 	 -0.0005522110340620 
	 17.3975849999999994 	 -0.0005514266271176 
	 17.4069799999999972 	 -0.0005506441705550 
	 17.4163749999999986 	 -0.0005498636593852 
	 17.4257699999999964 	 -0.0005490850886192 
	 17.4351649999999978 	 -0.0005483084532683 
	 17.4445600000000027 	 -0.0005475337483435 
	 17.4539550000000006 	 -0.0005467609688559 
	 17.4633500000000019 	 -0.0005459901098167 
	 17.4727450000000033 	 -0.0005452211662369 
	 17.4821400000000011 	 -0.0005444541331277 
	 17.4915350000000025 	 -0.0005436890055002 
	 17.5009300000000003 	 -0.0005429257783654 
	 17.5103250000000017 	 -0.0005421644467345 
	 17.5197199999999995 	 -0.0005414050056185 
	 17.5291150000000009 	 -0.0005406474500287 
	 17.5385099999999987 	 -0.0005398917749761 
	 17.5479050000000001 	 -0.0005391379754718 
	 17.5572999999999979 	 -0.0005383860465269 
	 17.5666949999999993 	 -0.0005376359831526 
	 17.5760900000000007 	 -0.0005368877803598 
	 17.5854849999999985 	 -0.0005361414331599 
	 17.5948799999999999 	 -0.0005353969365637 
	 17.6042750000000012 	 -0.0005346542855677 
	 17.6136700000000026 	 -0.0005339134747396 
	 17.6230650000000040 	 -0.0005331744981659 
	 17.6324600000000018 	 -0.0005324373499073 
	 17.6418550000000032 	 -0.0005317020240246 
	 17.6512500000000010 	 -0.0005309685145786 
	 17.6606449999999988 	 -0.0005302368156299 
	 17.6700400000000002 	 -0.0005295069212394 
	 17.6794349999999980 	 -0.0005287788254678 
	 17.6888299999999994 	 -0.0005280525223758 
	 17.6982249999999972 	 -0.0005273280060243 
	 17.7076199999999986 	 -0.0005266052704738 
	 17.7170150000000000 	 -0.0005258843097853 
	 17.7264099999999978 	 -0.0005251651180195 
	 17.7358049999999992 	 -0.0005244476892371 
	 17.7452000000000005 	 -0.0005237320174988 
	 17.7545949999999984 	 -0.0005230180968654 
	 17.7639899999999997 	 -0.0005223059213978 
	 17.7733849999999975 	 -0.0005215954851565 
	 17.7827799999999989 	 -0.0005208867822024 
	 17.7921750000000003 	 -0.0005201798065962 
	 17.8015700000000017 	 -0.0005194745524042 
	 17.8109649999999995 	 -0.0005187710155184 
	 17.8203600000000009 	 -0.0005180691963013 
	 17.8297549999999987 	 -0.0005173690957871 
	 17.8391500000000001 	 -0.0005166707150096 
	 17.8485450000000014 	 -0.0005159740550031 
	 17.8579399999999993 	 -0.0005152791168014 
	 17.8673350000000006 	 -0.0005145859014387 
	 17.8767300000000020 	 -0.0005138944099490 
	 17.8861249999999998 	 -0.0005132046433662 
	 17.8955200000000012 	 -0.0005125166027245 
	 17.9049149999999990 	 -0.0005118302889173 
	 17.9143100000000004 	 -0.0005111456999327 
	 17.9237049999999982 	 -0.0005104628310234 
	 17.9330999999999996 	 -0.0005097816773356 
	 17.9424949999999974 	 -0.0005091022340157 
	 17.9518899999999988 	 -0.0005084244962101 
	 17.9612849999999966 	 -0.0005077484590650 
	 17.9706800000000015 	 -0.0005070741177269 
	 17.9800749999999994 	 -0.0005064014673419 
	 17.9894700000000007 	 -0.0005057305030565 
	 17.9988649999999986 	 -0.0005050612200169 
	 18.0082599999999999 	 -0.0005043936133695 
	 18.0176550000000013 	 -0.0005037276782606 
	 18.0270499999999991 	 -0.0005030634098365 
	 18.0364450000000005 	 -0.0005024008032436 
	 18.0458400000000019 	 -0.0005017398536281 
	 18.0552349999999997 	 -0.0005010805561365 
	 18.0646300000000011 	 -0.0005004229059150 
	 18.0740249999999989 	 -0.0004997668981099 
	 18.0834200000000003 	 -0.0004991125278677 
	 18.0928149999999981 	 -0.0004984597903345 
	 18.1022099999999995 	 -0.0004978086806557 
	 18.1116049999999973 	 -0.0004971591938281 
	 18.1209999999999987 	 -0.0004965113245486 
	 18.1303949999999965 	 -0.0004958650674777 
	 18.1397899999999979 	 -0.0004952204172760 
	 18.1491850000000028 	 -0.0004945773686040 
	 18.1585800000000006 	 -0.0004939359161223 
	 18.1679750000000020 	 -0.0004932960544915 
	 18.1773700000000034 	 -0.0004926577783721 
	 18.1867650000000012 	 -0.0004920210824246 
	 18.1961600000000026 	 -0.0004913859613098 
	 18.2055550000000004 	 -0.0004907524096880 
	 18.2149500000000018 	 -0.0004901204222200 
	 18.2243449999999996 	 -0.0004894899935661 
	 18.2337400000000009 	 -0.0004888611183871 
	 18.2431349999999988 	 -0.0004882337913435 
	 18.2525300000000001 	 -0.0004876080070958 
	 18.2619249999999980 	 -0.0004869837603045 
	 18.2713199999999993 	 -0.0004863610456304 
	 18.2807149999999972 	 -0.0004857398577339 
	 18.2901099999999985 	 -0.0004851201912755 
	 18.2995049999999964 	 -0.0004845020409159 
	 18.3088999999999977 	 -0.0004838854014616 
	 18.3182949999999991 	 -0.0004832702684031 
	 18.3276900000000005 	 -0.0004826566374311 
	 18.3370850000000019 	 -0.0004820445042364 
	 18.3464800000000032 	 -0.0004814338645097 
	 18.3558750000000011 	 -0.0004808247139417 
	 18.3652700000000024 	 -0.0004802170482231 
	 18.3746650000000002 	 -0.0004796108630448 
	 18.3840600000000016 	 -0.0004790061540975 
	 18.3934549999999994 	 -0.0004784029170719 
	 18.4028500000000008 	 -0.0004778011476587 
	 18.4122449999999986 	 -0.0004772008415487 
	 18.4216400000000000 	 -0.0004766019944326 
	 18.4310349999999978 	 -0.0004760046020011 
	 18.4404299999999992 	 -0.0004754086599451 
	 18.4498250000000006 	 -0.0004748141639552 
	 18.4592199999999984 	 -0.0004742211097222 
	 18.4686149999999998 	 -0.0004736294929368 
	 18.4780100000000012 	 -0.0004730393092897 
	 18.4874049999999990 	 -0.0004724505544718 
	 18.4968000000000004 	 -0.0004718632241737 
	 18.5061950000000017 	 -0.0004712773142326 
	 18.5155900000000031 	 -0.0004706928222325 
	 18.5249850000000009 	 -0.0004701097469068 
	 18.5343800000000023 	 -0.0004695280870090 
	 18.5437750000000001 	 -0.0004689478412927 
	 18.5531700000000015 	 -0.0004683690085114 
	 18.5625649999999993 	 -0.0004677915874185 
	 18.5719600000000007 	 -0.0004672155767675 
	 18.5813549999999985 	 -0.0004666409753121 
	 18.5907499999999999 	 -0.0004660677818057 
	 18.6001449999999977 	 -0.0004654959950018 
	 18.6095399999999991 	 -0.0004649256136540 
	 18.6189350000000005 	 -0.0004643566365157 
	 18.6283299999999983 	 -0.0004637890623404 
	 18.6377249999999997 	 -0.0004632228898818 
	 18.6471200000000010 	 -0.0004626581178932 
	 18.6565149999999988 	 -0.0004620947451283 
	 18.6659100000000002 	 -0.0004615327703404 
	 18.6753050000000016 	 -0.0004609721922833 
	 18.6847000000000030 	 -0.0004604130097102 
	 18.6940950000000008 	 -0.0004598552213749 
	 18.7034900000000022 	 -0.0004592988258997 
	 18.7128850000000000 	 -0.0004587438158392 
	 18.7222800000000014 	 -0.0004581901752495 
	 18.7316749999999992 	 -0.0004576378875518 
	 18.7410700000000006 	 -0.0004570869361677 
	 18.7504650000000019 	 -0.0004565373045187 
	 18.7598599999999998 	 -0.0004559889760260 
	 18.7692550000000011 	 -0.0004554419341113 
	 18.7786500000000025 	 -0.0004548961621959 
	 18.7880450000000003 	 -0.0004543516437013 
	 18.7974400000000017 	 -0.0004538083620489 
	 18.8068349999999995 	 -0.0004532663016937 
	 18.8162300000000009 	 -0.0004527254567945 
	 18.8256249999999987 	 -0.0004521858268231 
	 18.8350199999999965 	 -0.0004516474113060 
	 18.8444149999999979 	 -0.0004511102097693 
	 18.8538099999999993 	 -0.0004505742217394 
	 18.8632050000000007 	 -0.0004500394467425 
	 18.8725999999999985 	 -0.0004495058843050 
	 18.8819949999999999 	 -0.0004489735339531 
	 18.8913900000000012 	 -0.0004484423952131 
	 18.9007849999999991 	 -0.0004479124676113 
	 18.9101800000000004 	 -0.0004473837506739 
	 18.9195750000000018 	 -0.0004468562439273 
	 18.9289699999999996 	 -0.0004463299468977 
	 18.9383650000000010 	 -0.0004458048591115 
	 18.9477599999999988 	 -0.0004452809800949 
	 18.9571550000000002 	 -0.0004447583093742 
	 18.9665499999999980 	 -0.0004442368464756 
	 18.9759449999999994 	 -0.0004437165909256 
	 18.9853399999999972 	 -0.0004431975422503 
	 18.9947349999999986 	 -0.0004426796999760 
	 19.0041299999999964 	 -0.0004421630636290 
	 19.0135249999999978 	 -0.0004416476327356 
	 19.0229199999999992 	 -0.0004411334068222 
	 19.0323150000000005 	 -0.0004406203854149 
	 19.0417100000000019 	 -0.0004401085680400 
	 19.0511050000000033 	 -0.0004395979542239 
	 19.0605000000000011 	 -0.0004390885434929 
	 19.0698950000000025 	 -0.0004385803353731 
	 19.0792900000000003 	 -0.0004380733293910 
	 19.0886850000000017 	 -0.0004375675250727 
	 19.0980799999999995 	 -0.0004370629219446 
	 19.1074750000000009 	 -0.0004365595187569 
	 19.1168699999999987 	 -0.0004360573084424 
	 19.1262650000000001 	 -0.0004355562812947 
	 19.1356599999999979 	 -0.0004350564275944 
	 19.1450549999999993 	 -0.0004345577376219 
	 19.1544499999999971 	 -0.0004340602016576 
	 19.1638449999999985 	 -0.0004335638099820 
	 19.1732399999999963 	 -0.0004330685528755 
	 19.1826349999999977 	 -0.0004325744206186 
	 19.1920299999999990 	 -0.0004320814034917 
	 19.2014249999999969 	 -0.0004315894917753 
	 19.2108200000000018 	 -0.0004310986757499 
	 19.2202150000000032 	 -0.0004306089456958 
	 19.2296100000000010 	 -0.0004301202918936 
	 19.2390050000000024 	 -0.0004296327046237 
	 19.2484000000000002 	 -0.0004291461741665 
	 19.2577950000000016 	 -0.0004286606908025 
	 19.2671899999999994 	 -0.0004281762448122 
	 19.2765850000000007 	 -0.0004276928264760 
	 19.2859799999999986 	 -0.0004272104260743 
	 19.2953749999999999 	 -0.0004267290338876 
	 19.3047699999999978 	 -0.0004262486406052 
	 19.3141649999999991 	 -0.0004257692459863 
	 19.3235600000000005 	 -0.0004252908586797 
	 19.3329549999999983 	 -0.0004248134877067 
	 19.3423499999999997 	 -0.0004243371420884 
	 19.3517450000000011 	 -0.0004238618308463 
	 19.3611399999999989 	 -0.0004233875630017 
	 19.3705350000000003 	 -0.0004229143475757 
	 19.3799300000000017 	 -0.0004224421935898 
	 19.3893250000000030 	 -0.0004219711100651 
	 19.3987200000000009 	 -0.0004215011060231 
	 19.4081150000000022 	 -0.0004210321904850 
	 19.4175100000000000 	 -0.0004205643724721 
	 19.4269050000000014 	 -0.0004200976610057 
	 19.4362999999999992 	 -0.0004196320651071 
	 19.4456950000000006 	 -0.0004191675937975 
	 19.4550899999999984 	 -0.0004187042560983 
	 19.4644849999999998 	 -0.0004182420610309 
	 19.4738799999999976 	 -0.0004177810176163 
	 19.4832749999999990 	 -0.0004173211348761 
	 19.4926700000000004 	 -0.0004168624218314 
	 19.5020649999999982 	 -0.0004164048874331 
	 19.5114599999999996 	 -0.0004159485288639 
	 19.5208550000000010 	 -0.0004154933184622 
	 19.5302499999999988 	 -0.0004150392254133 
	 19.5396450000000002 	 -0.0004145862189026 
	 19.5490399999999980 	 -0.0004141342681151 
	 19.5584349999999993 	 -0.0004136833422362 
	 19.5678300000000007 	 -0.0004132334104512 
	 19.5772250000000021 	 -0.0004127844419453 
	 19.5866199999999999 	 -0.0004123364059038 
	 19.5960150000000013 	 -0.0004118892715119 
	 19.6054099999999991 	 -0.0004114430088658 
	 19.6148050000000005 	 -0.0004109976030842 
	 19.6242000000000019 	 -0.0004105530516086 
	 19.6335949999999997 	 -0.0004101093522442 
	 19.6429900000000011 	 -0.0004096665027963 
	 19.6523850000000024 	 -0.0004092245010700 
	 19.6617800000000003 	 -0.0004087833448707 
	 19.6711750000000016 	 -0.0004083430320036 
	 19.6805699999999995 	 -0.0004079035602740 
	 19.6899650000000008 	 -0.0004074649274872 
	 19.6993599999999986 	 -0.0004070271314484 
	 19.7087550000000000 	 -0.0004065901699629 
	 19.7181499999999978 	 -0.0004061540408359 
	 19.7275449999999992 	 -0.0004057187418727 
	 19.7369400000000006 	 -0.0004052842708786 
	 19.7463350000000020 	 -0.0004048506256588 
	 19.7557299999999998 	 -0.0004044178040186 
	 19.7651250000000012 	 -0.0004039858037633 
	 19.7745199999999990 	 -0.0004035546226981 
	 19.7839150000000004 	 -0.0004031242586282 
	 19.7933100000000017 	 -0.0004026947093590 
	 19.8027049999999996 	 -0.0004022659727329 
	 19.8121000000000009 	 -0.0004018380497695 
	 19.8214950000000023 	 -0.0004014109470529 
	 19.8308900000000001 	 -0.0004009846717294 
	 19.8402850000000015 	 -0.0004005592309451 
	 19.8496799999999993 	 -0.0004001346318463 
	 19.8590750000000007 	 -0.0003997108815792 
	 19.8684699999999985 	 -0.0003992879872900 
	 19.8778649999999999 	 -0.0003988659561249 
	 19.8872599999999977 	 -0.0003984447952302 
	 19.8966549999999991 	 -0.0003980245117520 
	 19.9060499999999969 	 -0.0003976051128366 
	 19.9154450000000018 	 -0.0003971866056302 
	 19.9248400000000032 	 -0.0003967689972790 
	 19.9342350000000010 	 -0.0003963522949292 
	 19.9436300000000024 	 -0.0003959365057271 
	 19.9530250000000038 	 -0.0003955216368189 
	 19.9624200000000016 	 -0.0003951076953507 
	 19.9718150000000030 	 -0.0003946946884688 
	 19.9812100000000008 	 -0.0003942826233195 
	 19.9906050000000022 	 -0.0003938715070488 
	 20.0000000000000000 	 -0.0003934613468032 
