	 1.2100000000000000 	 1.3404412384900000 
	 1.2193950000000000 	 1.2642085954374105 
	 1.2287900000000000 	 1.1885844727053072 
	 1.2381850000000001 	 1.1136816100454037 
	 1.2475799999999999 	 1.0397591726653830 
	 1.2569750000000002 	 0.9670469040496624 
	 1.2663700000000000 	 0.8951303618875240 
	 1.2757650000000000 	 0.8242433619642650 
	 1.2851600000000001 	 0.7546940440571098 
	 1.2945550000000001 	 0.6863163745067784 
	 1.3039499999999999 	 0.6189084995168657 
	 1.3133450000000000 	 0.5526645983273237 
	 1.3227400000000000 	 0.4879411560424652 
	 1.3321350000000001 	 0.4246366816094879 
	 1.3415300000000001 	 0.3626114185089116 
	 1.3509249999999999 	 0.3018675748096290 
	 1.3603200000000000 	 0.2425667479530371 
	 1.3697150000000000 	 0.1844569818771759 
	 1.3791099999999998 	 0.1275702269626713 
	 1.3885049999999999 	 0.0720090603427636 
	 1.3978999999999999 	 0.0177825243835439 
	 1.4072950000000000 	 -0.0351313351207298 
	 1.4166900000000000 	 -0.0867515954983193 
	 1.4260850000000000 	 -0.1370709446153349 
	 1.4354799999999999 	 -0.1860942154711864 
	 1.4448749999999999 	 -0.2338433116821200 
	 1.4542700000000000 	 -0.2802963991367684 
	 1.4636650000000000 	 -0.3253924755629594 
	 1.4730600000000000 	 -0.3691833342039525 
	 1.4824550000000001 	 -0.4117668476377753 
	 1.4918499999999999 	 -0.4530796332381145 
	 1.5012450000000002 	 -0.4930737539937212 
	 1.5106400000000000 	 -0.5317702915170320 
	 1.5200350000000000 	 -0.5691905372916778 
	 1.5294300000000001 	 -0.6053256841817474 
	 1.5388250000000001 	 -0.6401607945695635 
	 1.5482200000000002 	 -0.6736848251263762 
	 1.5576150000000002 	 -0.7059094784701314 
	 1.5670099999999998 	 -0.7368546918613860 
	 1.5764049999999998 	 -0.7665384947156365 
	 1.5857999999999999 	 -0.7949577836426356 
	 1.5951949999999999 	 -0.8220969552967282 
	 1.6045900000000000 	 -0.8479510073186153 
	 1.6139850000000000 	 -0.8725241916846609 
	 1.6233799999999998 	 -0.8958160687506828 
	 1.6327749999999999 	 -0.9178200958240081 
	 1.6421699999999999 	 -0.9385293602027871 
	 1.6515649999999999 	 -0.9579370127481047 
	 1.6609600000000000 	 -0.9760577593380886 
	 1.6703550000000000 	 -0.9929308364487209 
	 1.6797499999999999 	 -1.0085297745376574 
	 1.6891450000000001 	 -1.0228488507822739 
	 1.6985399999999999 	 -1.0358919374326163 
	 1.7079350000000000 	 -1.0476709607727959 
	 1.7173300000000000 	 -1.0582004870985702 
	 1.7267250000000001 	 -1.0674899754060689 
	 1.7361199999999999 	 -1.0754989577114935 
	 1.7455150000000001 	 -1.0821658517570909 
	 1.7549100000000000 	 -1.0875407674509223 
	 1.7643049999999998 	 -1.0917577455128848 
	 1.7736999999999998 	 -1.0948064682010885 
	 1.7830949999999999 	 -1.0966104616069723 
	 1.7924899999999999 	 -1.0971940398665883 
	 1.8018850000000000 	 -1.0965584498807464 
	 1.8112800000000000 	 -1.0947104949293440 
	 1.8206750000000000 	 -1.0916577002197427 
	 1.8300700000000001 	 -1.0874069581486949 
	 1.8394650000000001 	 -1.0819652552618442 
	 1.8488600000000002 	 -1.0753403557873993 
	 1.8582550000000002 	 -1.0675402140765298 
	 1.8676499999999998 	 -1.0585729054930533 
	 1.8770449999999999 	 -1.0484471752366262 
	 1.8864399999999999 	 -1.0371707651081157 
	 1.8958349999999999 	 -1.0247531622031762 
	 1.9052300000000000 	 -1.0112054247030238 
	 1.9146250000000000 	 -0.9965384486575422 
	 1.9240199999999998 	 -0.9807587168811023 
	 1.9334150000000001 	 -0.9638685652074017 
	 1.9428099999999999 	 -0.9458874924230218 
	 1.9522050000000000 	 -0.9268595107997095 
	 1.9616000000000000 	 -0.9067840489738030 
	 1.9709950000000001 	 -0.8855664527256148 
	 1.9803900000000001 	 -0.8632199261600294 
	 1.9897850000000001 	 -0.8399758756025245 
	 1.9991800000000000 	 -0.8157172600029148 
	 2.0085750000000000 	 -0.7904303489830204 
	 2.0179700000000000 	 -0.7641530189834584 
	 2.0273649999999996 	 -0.7369028068370568 
	 2.0367600000000001 	 -0.7086892992044358 
	 2.0461549999999997 	 -0.6795224004504917 
	 2.0555499999999998 	 -0.6494160894277730 
	 2.0649449999999998 	 -0.6183869820159253 
	 2.0743399999999999 	 -0.5864502713988697 
	 2.0837349999999999 	 -0.5536206356911473 
	 2.0931299999999999 	 -0.5199136833656137 
	 2.1025250000000000 	 -0.4853452198705608 
	 2.1119199999999996 	 -0.4499310411788250 
	 2.1213150000000001 	 -0.4136873180077832 
	 2.1307099999999997 	 -0.3766319469807891 
	 2.1401050000000001 	 -0.3387827442843682 
	 2.1494999999999997 	 -0.3001565133887655 
	 2.1588950000000002 	 -0.2607698560940468 
	 2.1682899999999998 	 -0.2206393742002926 
	 2.1776850000000003 	 -0.1797816695075682 
	 2.1870799999999999 	 -0.1382134089429461 
	 2.1964750000000000 	 -0.0959518968085484 
	 2.2058700000000000 	 -0.0530156517146386 
	 2.2152650000000000 	 -0.0094250581434646 
	 2.2246600000000001 	 0.0347985114592008 
	 2.2340550000000001 	 0.0796337578481483 
	 2.2434500000000002 	 0.1250624116863630 
	 2.2528449999999998 	 0.1710673665668027 
	 2.2622400000000003 	 0.2176281587804064 
	 2.2716349999999998 	 0.2647240551495590 
	 2.2810300000000003 	 0.3123350106129932 
	 2.2904249999999999 	 0.3604419576128221 
	 2.2998200000000000 	 0.4090241184023294 
	 2.3092150000000000 	 0.4580603645931369 
	 2.3186100000000001 	 0.5075295677968685 
	 2.3280050000000001 	 0.5574110257507928 
	 2.3373999999999997 	 0.6076862483576397 
	 2.3467950000000002 	 0.6583342442022696 
	 2.3561899999999998 	 0.7093323842825308 
	 2.3655850000000003 	 0.7606580827461771 
	 2.3749799999999999 	 0.8122895515007722 
	 2.3843749999999999 	 0.8642056129710717 
	 2.3937700000000000 	 0.9163847635464776 
	 2.4031650000000000 	 0.9688051281097487 
	 2.4125600000000000 	 1.0214449930322111 
	 2.4219550000000001 	 1.0742823300137228 
	 2.4313500000000001 	 1.1272947512978546 
	 2.4407449999999997 	 1.1804613247810902 
	 2.4501400000000002 	 1.2337613257677458 
	 2.4595349999999998 	 1.2871724875563995 
	 2.4689300000000003 	 1.3406692672324385 
	 2.4783249999999999 	 1.3942368821501607 
	 2.4877199999999999 	 1.4478547196433502 
	 2.4971150000000000 	 1.5014476844806457 
	 2.5065100000000005 	 1.5549988796024365 
	 2.5159050000000001 	 1.6085344122158010 
	 2.5253000000000001 	 1.6620779893557325 
	 2.5346950000000001 	 1.7156060307912848 
	 2.5440899999999997 	 1.7690557217632279 
	 2.5534850000000002 	 1.8223873150010912 
	 2.5628799999999998 	 1.8755951892170593 
	 2.5722749999999999 	 1.9286680775935727 
	 2.5816699999999999 	 1.9815763809692732 
	 2.5910650000000000 	 2.0343011416671284 
	 2.6004600000000000 	 2.0868245818907929 
	 2.6098550000000000 	 2.1391278953477384 
	 2.6192500000000001 	 2.1911920932060349 
	 2.6286449999999997 	 2.2429981133173937 
	 2.6380400000000002 	 2.2945265205823295 
	 2.6474349999999998 	 2.3457577616082013 
	 2.6568300000000002 	 2.3966731592971375 
	 2.6662249999999998 	 2.4472622792349545 
	 2.6756200000000003 	 2.4975183054718135 
	 2.6850149999999999 	 2.5474214804818143 
	 2.6944100000000004 	 2.5969530126743341 
	 2.7038050000000000 	 2.6460969603963953 
	 2.7132000000000001 	 2.6948291071168509 
	 2.7225950000000001 	 2.7431028470746708 
	 2.7319900000000001 	 2.7908763657700622 
	 2.7413850000000002 	 2.8381694720845951 
	 2.7507800000000002 	 2.8849881621323084 
	 2.7601750000000003 	 2.9313212336391841 
	 2.7695699999999999 	 2.9771625410063138 
	 2.7789650000000004 	 3.0224691354991524 
	 2.7883599999999999 	 3.0672353766725546 
	 2.7977550000000004 	 3.1114698436410464 
	 2.8071500000000000 	 3.1551768418671551 
	 2.8165450000000001 	 3.1983274835732209 
	 2.8259399999999997 	 3.2409028979406025 
	 2.8353349999999997 	 3.2829004177661716 
	 2.8447299999999998 	 3.3243126181275020 
	 2.8541249999999998 	 3.3651279042489697 
	 2.8635199999999998 	 3.4053345341562724 
	 2.8729149999999999 	 3.4449199265772767 
	 2.8823099999999995 	 3.4838703346294153 
	 2.8917050000000000 	 3.5221719401574241 
	 2.9010999999999996 	 3.5598149209108398 
	 2.9104950000000001 	 3.5967988468724665 
	 2.9198899999999997 	 3.6331229971758572 
	 2.9292850000000001 	 3.6687810505747880 
	 2.9386799999999997 	 3.7037654907306221 
	 2.9480750000000002 	 3.7380690904574432 
	 2.9574699999999998 	 3.7716863601948978 
	 2.9668650000000003 	 3.8046122371438291 
	 2.9762599999999999 	 3.8368416382100423 
	 2.9856549999999999 	 3.8683695674203395 
	 2.9950500000000000 	 3.8991915755899766 
	 3.0044450000000000 	 3.9293036319489087 
	 3.0138400000000001 	 3.9587017163687106 
	 3.0232350000000001 	 3.9873818227947782 
	 3.0326300000000002 	 4.0153407264052134 
	 3.0420250000000002 	 4.0425763713264669 
	 3.0514200000000002 	 4.0690855787150317 
	 3.0608149999999998 	 4.0948625675169046 
	 3.0702099999999999 	 4.1199098757863579 
	 3.0796049999999999 	 4.1442447772813118 
	 3.0890000000000000 	 4.1678448034915787 
	 3.0983950000000000 	 4.1906854612884663 
	 3.1077900000000001 	 4.2127841877453553 
	 3.1171850000000001 	 4.2341431108502201 
	 3.1265800000000001 	 4.2547587837508631 
	 3.1359749999999997 	 4.2746314306920388 
	 3.1453699999999998 	 4.2937599472896775 
	 3.1547649999999998 	 4.3121431458337502 
	 3.1641599999999999 	 4.3297806157241103 
	 3.1735549999999995 	 4.3466720180345906 
	 3.1829499999999999 	 4.3628170180247059 
	 3.1923449999999995 	 4.3782154280780983 
	 3.2017400000000000 	 4.3928673014642632 
	 3.2111349999999996 	 4.4067728998840687 
	 3.2205300000000001 	 4.4199329183281879 
	 3.2299249999999997 	 4.4323481132523170 
	 3.2393200000000002 	 4.4440192411121577 
	 3.2487149999999998 	 4.4549471552720474 
	 3.2581100000000003 	 4.4651331910540453 
	 3.2675049999999999 	 4.4745788333214662 
	 3.2769000000000004 	 4.4832855795044857 
	 3.2862950000000000 	 4.4912550633400627 
	 3.2956900000000005 	 4.4984892269327466 
	 3.3050850000000001 	 4.5049901706933539 
	 3.3144800000000001 	 4.5107600495248619 
	 3.3238750000000001 	 4.5158022866965650 
	 3.3332700000000002 	 4.5201193173349212 
	 3.3426650000000002 	 4.5237107566934975 
	 3.3520600000000003 	 4.5265880514896573 
	 3.3614549999999999 	 4.5287693038871417 
	 3.3708500000000003 	 4.5302435179585885 
	 3.3802449999999999 	 4.5309957188273930 
	 3.3896400000000000 	 4.5310209417626446 
	 3.3990350000000000 	 4.5303425912339854 
	 3.4084300000000001 	 4.5289571211688342 
	 3.4178249999999997 	 4.5268683852623868 
	 3.4272200000000002 	 4.5240864438530251 
	 3.4366149999999998 	 4.5206213623118687 
	 3.4460099999999998 	 4.5164832060100375 
	 3.4554049999999998 	 4.5116820572342968 
	 3.4647999999999999 	 4.5062282778943787 
	 3.4741949999999999 	 4.5001320890582210 
	 3.4835900000000000 	 4.4933926035383056 
	 3.4929850000000000 	 4.4859961533393884 
	 3.5023799999999996 	 4.4779283647609898 
	 3.5117750000000001 	 4.4691748641026239 
	 3.5211699999999997 	 4.4597213442050254 
	 3.5305649999999997 	 4.4496022137801141 
	 3.5399599999999998 	 4.4389219631086929 
	 3.5493550000000003 	 4.4276173580074412 
	 3.5587499999999999 	 4.4156831750049568 
	 3.5681449999999999 	 4.4031375119384313 
	 3.5775399999999999 	 4.3899830048353303 
	 3.5869350000000004 	 4.3762249334076211 
	 3.5963300000000000 	 4.3618684697466090 
	 3.6057249999999996 	 4.3469195444548543 
	 3.6151200000000001 	 4.3313860605700860 
	 3.6245150000000002 	 4.3152758627946239 
	 3.6339100000000002 	 4.2985945264006986 
	 3.6433049999999998 	 4.2813452392513387 
	 3.6527000000000003 	 4.2635311123754684 
	 3.6620950000000003 	 4.2451583948716527 
	 3.6714900000000004 	 4.2262367506556862 
	 3.6808850000000000 	 4.2067721444004986 
	 3.6902800000000000 	 4.1867704942569821 
	 3.6996750000000000 	 4.1662380934839645 
	 3.7090700000000001 	 4.1451813113035563 
	 3.7184650000000001 	 4.1236065291184074 
	 3.7278600000000002 	 4.1015197680312818 
	 3.7372550000000002 	 4.0789267931035118 
	 3.7466499999999998 	 4.0558341010533434 
	 3.7560450000000003 	 4.0322485902716192 
	 3.7654399999999999 	 4.0081771617830659 
	 3.7748350000000004 	 3.9836267166123980 
	 3.7842300000000000 	 3.9586037893853452 
	 3.7936250000000000 	 3.9331045262302267 
	 3.8030200000000001 	 3.9071293289169740 
	 3.8124150000000006 	 3.8807001580779357 
	 3.8218100000000002 	 3.8538334429072920 
	 3.8312049999999997 	 3.8265320759606301 
	 3.8406000000000002 	 3.7987974307905250 
	 3.8499950000000003 	 3.7706308809495601 
	 3.8593899999999999 	 3.7420353430987596 
	 3.8687849999999999 	 3.7130199161956590 
	 3.8781799999999995 	 3.6835944835663521 
	 3.8875749999999996 	 3.6537644090724264 
	 3.8969699999999996 	 3.6235339650249232 
	 3.9063649999999996 	 3.5929111354512488 
	 3.9157599999999997 	 3.5618952428295505 
	 3.9251549999999997 	 3.5305230807440005 
	 3.9345499999999998 	 3.4987821760411300 
	 3.9439449999999998 	 3.4666420386290286 
	 3.9533399999999999 	 3.4341320695857913 
	 3.9627349999999995 	 3.4012719360082113 
	 3.9721299999999999 	 3.3680627894024533 
	 3.9815249999999995 	 3.3345043223983986 
	 3.9909200000000000 	 3.3005995407404276 
	 4.0003149999999996 	 3.2663596727486315 
	 4.0097100000000001 	 3.2317951208076723 
	 4.0191049999999997 	 3.1969087632371416 
	 4.0285000000000002 	 3.1617027424321091 
	 4.0378949999999998 	 3.1261838272572038 
	 4.0472900000000003 	 3.0903572714633487 
	 4.0566849999999999 	 3.0542281531215028 
	 4.0660799999999995 	 3.0178020879347325 
	 4.0754750000000000 	 2.9810844477034877 
	 4.0848700000000004 	 2.9440804360781399 
	 4.0942650000000000 	 2.9067952467624965 
	 4.1036599999999996 	 2.8692338791176790 
	 4.1130550000000001 	 2.8314011133478658 
	 4.1224499999999997 	 2.7933017188772440 
	 4.1318450000000002 	 2.7549405676612637 
	 4.1412399999999998 	 2.7163227247201807 
	 4.1506349999999994 	 2.6774531070658467 
	 4.1600299999999999 	 2.6383362472982665 
	 4.1694250000000004 	 2.5989768442728076 
	 4.1788200000000000 	 2.5593795654499569 
	 4.1882149999999996 	 2.5195486888424705 
	 4.1976100000000001 	 2.4794884655790517 
	 4.2070049999999997 	 2.4392036354181736 
	 4.2164000000000001 	 2.3986978439316511 
	 4.2257949999999997 	 2.3579740213075158 
	 4.2351900000000002 	 2.3170351913320739 
	 4.2445849999999998 	 2.2758861931152921 
	 4.2539800000000003 	 2.2345334488965189 
	 4.2633749999999999 	 2.1929834339845220 
	 4.2727700000000004 	 2.1512426236880526 
	 4.2821650000000000 	 2.1093174725221417 
	 4.2915600000000005 	 2.0672113527497693 
	 4.3009550000000001 	 2.0249213187854007 
	 4.3103499999999997 	 1.9824436507060521 
	 4.3197450000000002 	 1.9397762997731973 
	 4.3291400000000007 	 1.8969231961515258 
	 4.3385350000000003 	 1.8538997294662936 
	 4.3479299999999999 	 1.8107514786439762 
	 4.3573250000000003 	 1.7673926080691811 
	 4.3667199999999999 	 1.7237184120392048 
	 4.3761150000000004 	 1.6799776030866371 
	 4.3855100000000000 	 1.6361783567681767 
	 4.3949049999999996 	 1.5921967020480503 
	 4.4043000000000001 	 1.5480497919880019 
	 4.4136950000000006 	 1.5037585691360773 
	 4.4230900000000002 	 1.4593317437158153 
	 4.4324849999999998 	 1.4147619254873203 
	 4.4418799999999994 	 1.3700482760088182 
	 4.4512749999999999 	 1.3252042081552584 
	 4.4606700000000004 	 1.2802160426913305 
	 4.4700650000000000 	 1.2350312947786579 
	 4.4794599999999996 	 1.1897075628340117 
	 4.4888550000000000 	 1.1443095640152172 
	 4.4982499999999996 	 1.0988180838614070 
	 4.5076450000000001 	 1.0531943139603530 
	 4.5170399999999997 	 1.0074370930738878 
	 4.5264349999999993 	 0.9615603107782751 
	 4.5358299999999998 	 0.9155654479855059 
	 4.5452250000000003 	 0.8694519648898023 
	 4.5546199999999999 	 0.8232221425440724 
	 4.5640149999999995 	 0.7768771324501257 
	 4.5734100000000000 	 0.7304182663750923 
	 4.5828049999999996 	 0.6838471390657502 
	 4.5922000000000001 	 0.6371650449500805 
	 4.6015949999999997 	 0.5903728827590976 
	 4.6109900000000001 	 0.5434717913130718 
	 4.6203849999999997 	 0.4964629448594692 
	 4.6297799999999993 	 0.4493473779327306 
	 4.6391749999999998 	 0.4021256307523392 
	 4.6485700000000003 	 0.3547983546138285 
	 4.6579649999999999 	 0.3073673491870738 
	 4.6673599999999995 	 0.2598335268046219 
	 4.6767550000000000 	 0.2121902672558193 
	 4.6861499999999996 	 0.1644485139160011 
	 4.6955450000000001 	 0.1166280930789237 
	 4.7049399999999997 	 0.0686942305403785 
	 4.7143350000000002 	 0.0205716740157059 
	 4.7237299999999998 	 -0.0277394155171077 
	 4.7331250000000002 	 -0.0761541720270787 
	 4.7425199999999998 	 -0.1245841433486170 
	 4.7519150000000003 	 -0.1730219764759058 
	 4.7613099999999999 	 -0.2215634699443586 
	 4.7707049999999995 	 -0.2702166503119638 
	 4.7801000000000000 	 -0.3189756431141912 
	 4.7894950000000005 	 -0.3678345738865014 
	 4.7988900000000001 	 -0.4167897207713627 
	 4.8082849999999997 	 -0.4658461800026220 
	 4.8176800000000002 	 -0.5150048250019370 
	 4.8270749999999998 	 -0.5642656306346439 
	 4.8364700000000003 	 -0.6136292933178147 
	 4.8458649999999999 	 -0.6630963214714284 
	 4.8552599999999995 	 -0.7126672445305046 
	 4.8646550000000000 	 -0.7623426981616844 
	 4.8740500000000004 	 -0.8121234231125385 
	 4.8834450000000000 	 -0.8620102641341879 
	 4.8928399999999996 	 -0.9120040705963025 
	 4.9022350000000001 	 -0.9621056918685530 
	 4.9116300000000006 	 -1.0123159778875730 
	 4.9210250000000002 	 -1.0626359517649873 
	 4.9304199999999998 	 -1.1130670529662894 
	 4.9398150000000003 	 -1.1636107822518720 
	 4.9492100000000008 	 -1.2142682196722210 
	 4.9586050000000004 	 -1.2650386600074235 
	 4.9680000000000000 	 -1.3159240348624388 
	 4.9773949999999996 	 -1.3669423958114499 
	 4.9867900000000001 	 -1.4180930625723434 
	 4.9961850000000005 	 -1.4693633201207195 
	 5.0055800000000001 	 -1.5207423910882696 
	 5.0149750000000006 	 -1.5722208208712583 
	 5.0243700000000002 	 -1.6237955501169847 
	 5.0337649999999989 	 -1.6756283743977942 
	 5.0431600000000003 	 -1.7277339322654173 
	 5.0525549999999999 	 -1.7798727713820375 
	 5.0619499999999995 	 -1.8320489581939954 
	 5.0713449999999991 	 -1.8842897804394783 
	 5.0807400000000005 	 -1.9366225258566843 
	 5.0901350000000001 	 -1.9890744821837814 
	 5.0995299999999997 	 -2.0416729371589666 
	 5.1089249999999993 	 -2.0944817231993542 
	 5.1183200000000006 	 -2.1476366224961132 
	 5.1277150000000002 	 -2.2008439653481386 
	 5.1371099999999998 	 -2.2541163013134811 
	 5.1465049999999994 	 -2.3075415431858177 
	 5.1558999999999999 	 -2.3611082169418895 
	 5.1652949999999995 	 -2.4148318194219200 
	 5.1746900000000000 	 -2.4687290817928140 
	 5.1840849999999996 	 -2.5227891094017609 
	 5.1934800000000001 	 -2.5770103811515859 
	 5.2028749999999997 	 -2.6313999626203666 
	 5.2122700000000002 	 -2.6859604402638859 
	 5.2216649999999998 	 -2.7406940113177969 
	 5.2310600000000003 	 -2.7956028586301085 
	 5.2404549999999999 	 -2.8506899045976204 
	 5.2498499999999995 	 -2.9059602865695080 
	 5.2592449999999999 	 -2.9614175963543872 
	 5.2686400000000004 	 -3.0170572839984127 
	 5.2780350000000000 	 -3.0728752294670949 
	 5.2874299999999996 	 -3.1288832370765367 
	 5.2968249999999992 	 -3.1850992130705720 
	 5.3062200000000006 	 -3.2415410761318686 
	 5.3156150000000002 	 -3.2982250327160814 
	 5.3250099999999998 	 -3.3551414301760869 
	 5.3344049999999994 	 -3.4122605864687019 
	 5.3437999999999999 	 -3.4695530867074322 
	 5.3531950000000004 	 -3.5270194138556108 
	 5.3625900000000000 	 -3.5846982258140452 
	 5.3719849999999996 	 -3.6426108240533748 
	 5.3813800000000001 	 -3.7007492253064593 
	 5.3907749999999997 	 -3.7591162800974063 
	 5.4001700000000001 	 -3.8177167480783760 
	 5.4095649999999997 	 -3.8765551195033812 
	 5.4189600000000002 	 -3.9356348639494483 
	 5.4283549999999998 	 -3.9949592784994201 
	 5.4377500000000003 	 -4.0545320469131934 
	 5.4471449999999999 	 -4.1143570095670015 
	 5.4565400000000004 	 -4.1744381681954312 
	 5.4659350000000000 	 -4.2347793396205251 
	 5.4753299999999996 	 -4.2953842020753079 
	 5.4847250000000001 	 -4.3562568731771441 
	 5.4941200000000006 	 -4.4174014285802068 
	 5.5035150000000002 	 -4.4788218038603675 
	 5.5129099999999998 	 -4.5405222472777620 
	 5.5223049999999994 	 -4.6025070248347717 
	 5.5317000000000007 	 -4.6647802529869606 
	 5.5410950000000003 	 -4.7273457542341042 
	 5.5504899999999999 	 -4.7902075165711979 
	 5.5598849999999995 	 -4.8533699205367187 
	 5.5692800000000009 	 -4.9168370517889963 
	 5.5786750000000005 	 -4.9806136936595395 
	 5.5880700000000001 	 -5.0447041225370537 
	 5.5974649999999997 	 -5.1091090667983181 
	 5.6068600000000011 	 -5.1738341577299423 
	 5.6162549999999998 	 -5.2388877055394847 
	 5.6256499999999994 	 -5.3042743961319285 
	 5.6350449999999999 	 -5.3699966343841110 
	 5.6444399999999995 	 -5.4360581967818522 
	 5.6538349999999999 	 -5.5024641394224831 
	 5.6632300000000004 	 -5.5692195043974735 
	 5.6726250000000000 	 -5.6363292367055413 
	 5.6820199999999996 	 -5.7037964385121658 
	 5.6914149999999992 	 -5.7716238458545845 
	 5.7008099999999997 	 -5.8398201765160609 
	 5.7102050000000002 	 -5.9083933842238281 
	 5.7195999999999998 	 -5.9773465346941599 
	 5.7289949999999994 	 -6.0466812279174524 
	 5.7383899999999999 	 -6.1163966853184659 
	 5.7477850000000004 	 -6.1864979000410534 
	 5.7571800000000000 	 -6.2570222637172384 
	 5.7665749999999996 	 -6.3279329815761720 
	 5.7759699999999992 	 -6.3991850044591772 
	 5.7853649999999996 	 -6.4711768879170455 
	 5.7947600000000001 	 -6.5439243760980039 
	 5.8041549999999997 	 -6.6168624299680001 
	 5.8135500000000002 	 -6.6898276553778402 
	 5.8229449999999998 	 -6.7631425812771244 
	 5.8323400000000003 	 -6.8369971436132779 
	 5.8417349999999999 	 -6.9113198285927639 
	 5.8511299999999995 	 -6.9860605911092772 
	 5.8605250000000000 	 -7.0612561435290591 
	 5.8699199999999996 	 -7.1369075659038570 
	 5.8793150000000001 	 -7.2130199501639183 
	 5.8887100000000006 	 -7.2895990493298664 
	 5.8981050000000002 	 -7.3666500205940748 
	 5.9074999999999998 	 -7.4441779848137628 
	 5.9168950000000002 	 -7.5221877928359033 
	 5.9262899999999998 	 -7.6006841907771934 
	 5.9356850000000003 	 -7.6796721182532233 
	 5.9450799999999999 	 -7.7591566391495812 
	 5.9544749999999995 	 -7.8391428156749425 
	 5.9638700000000000 	 -7.9196356145159186 
	 5.9732650000000005 	 -8.0006399013878990 
	 5.9826600000000001 	 -8.0821605718019160 
	 5.9920549999999997 	 -8.1642025730882217 
	 6.0014499999999993 	 -8.2467708568090288 
	 6.0108449999999998 	 -8.3298703741206950 
	 6.0202400000000003 	 -8.4135053556037231 
	 6.0296349999999999 	 -8.4976810418048672 
	 6.0390300000000003 	 -8.5824112031247708 
	 6.0484249999999999 	 -8.6676990508523719 
	 6.0578200000000004 	 -8.7535440560411448 
	 6.0672150000000000 	 -8.8399463610677351 
	 6.0766099999999996 	 -8.9269118527835261 
	 6.0860050000000001 	 -9.0144505417071734 
	 6.0953999999999997 	 -9.1025610796154037 
	 6.1047950000000002 	 -9.1912347434716004 
	 6.1141900000000007 	 -9.2804952009176045 
	 6.1235850000000003 	 -9.3703969910887146 
	 6.1329799999999999 	 -9.4609597608296916 
	 6.1423750000000004 	 -9.5521397000097661 
	 6.1517700000000000 	 -9.6438663669088758 
	 6.1611650000000004 	 -9.7361073391626167 
	 6.1705600000000000 	 -9.8289227183800882 
	 6.1799549999999996 	 -9.9223673913452348 
	 6.1893500000000010 	 -10.0164352996851402 
	 6.1987450000000006 	 -10.1111128580831160 
	 6.2081400000000002 	 -10.2064121422869931 
	 6.2175349999999998 	 -10.3023498876765238 
	 6.2269299999999994 	 -10.3989191321546777 
	 6.2363250000000008 	 -10.4961052057411379 
	 6.2457200000000004 	 -10.5939239270258376 
	 6.2551150000000000 	 -10.6923850189780865 
	 6.2645100000000005 	 -10.7914844018375131 
	 6.2739050000000010 	 -10.8912229777740936 
	 6.2833000000000006 	 -10.9916019129935787 
	 6.2926950000000001 	 -11.0926262196452594 
	 6.3020899999999997 	 -11.1943066966640998 
	 6.3114850000000002 	 -11.2966712908726876 
	 6.3208800000000007 	 -11.3997563580721764 
	 6.3302750000000003 	 -11.5035355704198530 
	 6.3396700000000008 	 -11.6079722302456290 
	 6.3490650000000004 	 -11.7130296398793803 
	 6.3584600000000000 	 -11.8186877866473452 
	 6.3678550000000005 	 -11.9250044991195647 
	 6.3772500000000001 	 -12.0319895657597318 
	 6.3866450000000006 	 -12.1396402895358140 
	 6.3960400000000002 	 -12.2479588466194080 
	 6.4054350000000007 	 -12.3569448193681222 
	 6.4148300000000011 	 -12.4665981487543895 
	 6.4242250000000007 	 -12.5769222456688112 
	 6.4336200000000003 	 -12.6879081279236718 
	 6.4430149999999999 	 -12.7995868244006097 
	 6.4524100000000004 	 -12.9119977177684397 
	 6.4618050000000009 	 -13.0250687540057886 
	 6.4712000000000005 	 -13.1387173281305358 
	 6.4805950000000001 	 -13.2528608503406140 
	 6.4899900000000006 	 -13.3674885187029471 
	 6.4993849999999993 	 -13.4828271795258772 
	 6.5087799999999998 	 -13.5990854355710091 
	 6.5181749999999994 	 -13.7161438557672462 
	 6.5275699999999990 	 -13.8338131920584040 
	 6.5369650000000004 	 -13.9521122144732264 
	 6.5463600000000000 	 -14.0710754890415295 
	 6.5557549999999996 	 -14.1906949976604722 
	 6.5651499999999992 	 -14.3109497856090080 
	 6.5745449999999988 	 -14.4318106189466366 
	 6.5839400000000001 	 -14.5532747152909643 
	 6.5933349999999997 	 -14.6753671207751193 
	 6.6027299999999993 	 -14.7981138067732036 
	 6.6121249999999998 	 -14.9215092084861354 
	 6.6215199999999994 	 -15.0455159387918886 
	 6.6309149999999999 	 -15.1701334815332629 
	 6.6403099999999995 	 -15.2953541489833640 
	 6.6497049999999991 	 -15.4211721359504423 
	 6.6590999999999996 	 -15.5475808155266080 
	 6.6684950000000001 	 -15.6745732265441813 
	 6.6778899999999997 	 -15.8021425070279218 
	 6.6872850000000001 	 -15.9302809367789671 
	 6.6966799999999997 	 -16.0589805545663147 
	 6.7060749999999993 	 -16.1882347396578581 
	 6.7154699999999998 	 -16.3180367482272644 
	 6.7248649999999994 	 -16.4483666538561444 
	 6.7342599999999999 	 -16.5792169306464423 
	 6.7436549999999995 	 -16.7106025878773785 
	 6.7530500000000000 	 -16.8425395972460272 
	 6.7624450000000005 	 -16.9750442201868985 
	 6.7718400000000001 	 -17.1078247043173697 
	 6.7812349999999997 	 -17.2404758978419359 
	 6.7906299999999993 	 -17.3736130479712436 
	 6.8000249999999998 	 -17.5077606241189727 
	 6.8094200000000003 	 -17.6426580945348803 
	 6.8188149999999998 	 -17.7779368968550209 
	 6.8282099999999994 	 -17.9134806912506370 
	 6.8376049999999999 	 -18.0492774895524271 
	 6.8469999999999995 	 -18.1855198128256923 
	 6.8563950000000000 	 -18.3224894303345351 
	 6.8657899999999996 	 -18.4603648473995783 
	 6.8751849999999992 	 -18.5980030799201899 
	 6.8845799999999997 	 -18.7355632081186059 
	 6.8939750000000002 	 -18.8738849345868935 
	 6.9033699999999998 	 -19.0124320548094481 
	 6.9127650000000003 	 -19.1515378935236598 
	 6.9221599999999999 	 -19.2913534354081442 
	 6.9315549999999995 	 -19.4307201573834583 
	 6.9409500000000000 	 -19.5704213610215163 
	 6.9503449999999996 	 -19.7104519115119636 
	 6.9597400000000000 	 -19.8506780884547531 
	 6.9691349999999996 	 -19.9911088554935432 
	 6.9785299999999992 	 -20.1317608315254724 
	 6.9879250000000006 	 -20.2725548727293798 
	 6.9973200000000002 	 -20.4135788575634436 
	 7.0067149999999998 	 -20.5549533773712234 
	 7.0161099999999994 	 -20.6963072830366457 
	 7.0255049999999990 	 -20.8370454960043503 
	 7.0349000000000004 	 -20.9774395162766147 
	 7.0442950000000000 	 -21.1184294903543410 
	 7.0536899999999996 	 -21.2602344830252541 
	 7.0630850000000001 	 -21.4022502502784491 
	 7.0724800000000005 	 -21.5441254691463548 
	 7.0818750000000001 	 -21.6859744026134962 
	 7.0912699999999997 	 -21.8278908735966652 
	 7.1006649999999993 	 -21.9698319061213745 
	 7.1100599999999998 	 -22.1117474607148345 
	 7.1194550000000003 	 -22.2536246462892962 
	 7.1288499999999999 	 -22.3954565052571013 
	 7.1382450000000004 	 -22.5372285931871126 
	 7.1476400000000000 	 -22.6789242394954265 
	 7.1570350000000005 	 -22.8205267732310020 
	 7.1664300000000001 	 -22.9620195234427698 
	 7.1758249999999997 	 -23.1033858849832079 
	 7.1852200000000002 	 -23.2446101633211306 
	 7.1946149999999998 	 -23.3856773289012381 
	 7.2040100000000002 	 -23.5265723631322601 
	 7.2134050000000007 	 -23.6672801078452295 
	 7.2228000000000003 	 -23.8077852391905829 
	 7.2321949999999999 	 -23.9480726830108850 
	 7.2415900000000004 	 -24.0881278078312846 
	 7.2509850000000000 	 -24.2279359971801220 
	 7.2603800000000005 	 -24.3674825660233871 
	 7.2697750000000001 	 -24.5067531135056775 
	 7.2791699999999997 	 -24.6457338435101718 
	 7.2885650000000002 	 -24.7844099531714903 
	 7.2979600000000007 	 -24.9227695119872692 
	 7.3073550000000003 	 -25.0607998915384655 
	 7.3167499999999999 	 -25.1984774919764369 
	 7.3261449999999995 	 -25.3358000209947463 
	 7.3355399999999999 	 -25.4727604263459497 
	 7.3449350000000004 	 -25.6093379658542126 
	 7.3543300000000000 	 -25.7455194639786420 
	 7.3637250000000005 	 -25.8812989128776216 
	 7.3731200000000001 	 -26.0166642728628332 
	 7.3825150000000006 	 -26.1515952261204596 
	 7.3919100000000002 	 -26.2860711502490041 
	 7.4013049999999998 	 -26.4201234164931300 
	 7.4107000000000003 	 -26.5538204789885199 
	 7.4200949999999999 	 -26.6870387557685262 
	 7.4294900000000004 	 -26.8196625835937539 
	 7.4388850000000009 	 -26.9517361241771667 
	 7.4482800000000005 	 -27.0833290451656445 
	 7.4576750000000001 	 -27.2145069042528682 
	 7.4670700000000005 	 -27.3453247751501181 
	 7.4764650000000001 	 -27.4757472524458386 
	 7.4858600000000006 	 -27.6056926660935211 
	 7.4952550000000002 	 -27.7350789732141862 
	 7.5046499999999998 	 -27.8638241309288688 
	 7.5140450000000012 	 -27.9918488922686741 
	 7.5234400000000008 	 -28.1191653836495910 
	 7.5328350000000004 	 -28.2458941609792014 
	 7.5422300000000000 	 -28.3720772539642105 
	 7.5516249999999996 	 -28.4976830327572053 
	 7.5610200000000010 	 -28.6227360461628706 
	 7.5704150000000006 	 -28.7471036373760462 
	 7.5798100000000002 	 -28.8706766018199161 
	 7.5892050000000006 	 -28.9935179898325579 
	 7.5986000000000002 	 -29.1157285651002375 
	 7.6079950000000007 	 -29.2374090913092886 
	 7.6173900000000003 	 -29.3586464701187282 
	 7.6267849999999999 	 -29.4794206245781290 
	 7.6361800000000004 	 -29.5996616979832510 
	 7.6455750000000009 	 -29.7193000299341747 
	 7.6549700000000005 	 -29.8382732281407890 
	 7.6643650000000010 	 -29.9565245932652573 
	 7.6737599999999988 	 -30.0740002399814124 
	 7.6831549999999993 	 -30.1907496303324017 
	 7.6925499999999998 	 -30.3069552961564810 
	 7.7019449999999994 	 -30.4226993801853389 
	 7.7113399999999999 	 -30.5378638248305698 
	 7.7207349999999995 	 -30.6523525713069098 
	 7.7301299999999991 	 -30.7661835405897399 
	 7.7395249999999995 	 -30.8793851696089696 
	 7.7489199999999991 	 -30.9919553248199762 
	 7.7583149999999996 	 -31.1038858956274780 
	 7.7677099999999992 	 -31.2151764422156788 
	 7.7771049999999997 	 -31.3258292214749545 
	 7.7865000000000002 	 -31.4358462630600215 
	 7.7958949999999998 	 -31.5452273161311432 
	 7.8052899999999994 	 -31.6539728742748210 
	 7.8146849999999990 	 -31.7620849996608747 
	 7.8240799999999995 	 -31.8695657889931958 
	 7.8334750000000000 	 -31.9764173389756579 
	 7.8428699999999996 	 -32.0826417463121061 
	 7.8522649999999992 	 -32.1882410944989630 
	 7.8616600000000005 	 -32.2932157180456088 
	 7.8710550000000001 	 -32.3975624773133788 
	 7.8804499999999997 	 -32.5012845789658158 
	 7.8898449999999993 	 -32.6044046030750394 
	 7.8992399999999989 	 -32.7069100306394915 
	 7.9086350000000003 	 -32.8086833363585484 
	 7.9180299999999999 	 -32.9098553951842874 
	 7.9274249999999995 	 -33.0106496589768170 
	 7.9368200000000000 	 -33.1112388234517141 
	 7.9462149999999996 	 -33.2113160817824991 
	 7.9556100000000001 	 -33.3103616850691608 
	 7.9650049999999997 	 -33.4085945017273929 
	 7.9743999999999993 	 -33.5063024174045339 
	 7.9837949999999998 	 -33.6034072603126504 
	 7.9931900000000002 	 -33.6999273468032854 
	 8.0025849999999998 	 -33.7958772508161545 
	 8.0119799999999994 	 -33.8912570653525265 
	 8.0213749999999990 	 -33.9860673865308769 
	 8.0307700000000004 	 -34.0803125380613920 
	 8.0401650000000000 	 -34.1739973308463476 
	 8.0495599999999996 	 -34.2671265757880690 
	 8.0589549999999992 	 -34.3597049831381796 
	 8.0683500000000006 	 -34.4517367997306110 
	 8.0777450000000002 	 -34.5432261653763248 
	 8.0871399999999998 	 -34.6341773994803646 
	 8.0965349999999994 	 -34.7245949315850666 
	 8.1059300000000007 	 -34.8144835582558443 
	 8.1153250000000003 	 -34.9038482419388458 
	 8.1247199999999999 	 -34.9926930390067383 
	 8.1341149999999995 	 -35.0810213003023250 
	 8.1435099999999991 	 -35.1688381719818608 
	 8.1529050000000005 	 -35.2561508768879577 
	 8.1623000000000001 	 -35.3429623951046565 
	 8.1716949999999997 	 -35.4292806369710007 
	 8.1810899999999993 	 -35.5151245252019976 
	 8.1904849999999989 	 -35.6004860410654445 
	 8.1998800000000003 	 -35.6853537995524519 
	 8.2092749999999999 	 -35.7697195824512164 
	 8.2186699999999995 	 -35.8535899158396703 
	 8.2280649999999991 	 -35.9370423045532306 
	 8.2374600000000004 	 -36.0200844887901610 
	 8.2468550000000000 	 -36.1022072272413865 
	 8.2562499999999996 	 -36.1840984926177072 
	 8.2656449999999992 	 -36.2658030082230951 
	 8.2750399999999988 	 -36.3469673935467483 
	 8.2844350000000002 	 -36.4276914219486372 
	 8.2938299999999998 	 -36.5080063285138294 
	 8.3032249999999994 	 -36.5878857640092079 
	 8.3126200000000008 	 -36.6673372767920895 
	 8.3220150000000004 	 -36.7463690486633610 
	 8.3314100000000000 	 -36.8249859484754154 
	 8.3408049999999996 	 -36.9031924998278100 
	 8.3501999999999992 	 -36.9809932263198533 
	 8.3595950000000006 	 -37.0583926244354132 
	 8.3689900000000002 	 -37.1353950889031168 
	 8.3783849999999997 	 -37.2120049905870616 
	 8.3877800000000011 	 -37.2882267170958670 
	 8.3971750000000007 	 -37.3640647692056689 
	 8.4065700000000003 	 -37.4395236867932510 
	 8.4159649999999999 	 -37.5146079297798991 
	 8.4253599999999995 	 -37.5893219128128564 
	 8.4347550000000009 	 -37.6636700514462319 
	 8.4441500000000005 	 -37.7376567572023092 
	 8.4535450000000001 	 -37.8112863165760160 
	 8.4629399999999997 	 -37.8845628741235458 
	 8.4723350000000011 	 -37.9574908176395951 
	 8.4817300000000007 	 -38.0300746188461289 
	 8.4911250000000003 	 -38.1023181405987117 
	 8.5005199999999999 	 -38.1742253880623039 
	 8.5099149999999995 	 -38.2458008264291678 
	 8.5193100000000008 	 -38.3170485218289230 
	 8.5287050000000004 	 -38.3879724402828302 
	 8.5381000000000000 	 -38.4585765817711120 
	 8.5474949999999996 	 -38.5288649568439752 
	 8.5568900000000010 	 -38.5988415592254341 
	 8.5662850000000006 	 -38.6685102319141123 
	 8.5756800000000002 	 -38.7378747825530070 
	 8.5850749999999998 	 -38.8069390488285606 
	 8.5944700000000012 	 -38.8757068673106971 
	 8.6038650000000008 	 -38.9441820326467791 
	 8.6132600000000004 	 -39.0123682948275459 
	 8.6226550000000000 	 -39.0802693981824945 
	 8.6320499999999996 	 -39.1478887785168155 
	 8.6414450000000009 	 -39.2152299834151563 
	 8.6508400000000005 	 -39.2822971349547956 
	 8.6602350000000001 	 -39.3490930554953948 
	 8.6696299999999997 	 -39.4156216405329261 
	 8.6790249999999993 	 -39.4818863143062018 
	 8.6884200000000007 	 -39.5478903421275589 
	 8.6978150000000003 	 -39.6136371043742201 
	 8.7072099999999999 	 -39.6791300135643112 
	 8.7166049999999995 	 -39.7443724246250483 
	 8.7259999999999991 	 -39.8093676529761993 
	 8.7353950000000005 	 -39.8741188690763408 
	 8.7447900000000001 	 -39.9386291520724939 
	 8.7541850000000014 	 -40.0029017740065740 
	 8.7635800000000010 	 -40.0669399105062993 
	 8.7729750000000006 	 -40.1307464078823770 
	 8.7823700000000002 	 -40.1943243406528694 
	 8.7917649999999998 	 -40.2576769714815583 
	 8.8011599999999994 	 -40.3208071842239804 
	 8.8105549999999990 	 -40.3837178153416900 
	 8.8199500000000022 	 -40.4464117221315504 
	 8.8293450000000018 	 -40.5088918317409750 
	 8.8387400000000014 	 -40.5711610859387406 
	 8.8481349999999992 	 -40.6332223304060207 
	 8.8575299999999988 	 -40.6950779667963474 
	 8.8669249999999984 	 -40.7567310410888908 
	 8.8763199999999998 	 -40.8181840300469219 
	 8.8857149999999994 	 -40.8794397659045359 
	 8.8951099999999990 	 -40.9405009706907279 
	 8.9045050000000003 	 -41.0013700161450103 
	 8.9138999999999999 	 -41.0620494391568513 
	 8.9232949999999995 	 -41.1225418372951523 
	 8.9326899999999991 	 -41.1828496837340552 
	 8.9420850000000005 	 -41.2429754110422664 
	 8.9514800000000001 	 -41.3029216350850419 
	 8.9608749999999997 	 -41.3626905846087354 
	 8.9702699999999993 	 -41.4222845881076509 
	 8.9796649999999989 	 -41.4817061310623032 
	 8.9890599999999985 	 -41.5409578217149829 
	 8.9984549999999999 	 -41.6000407715416713 
	 9.0078499999999995 	 -41.6589573463304106 
	 9.0172449999999991 	 -41.7177148873830319 
	 9.0266400000000004 	 -41.7762843140841937 
	 9.0360350000000000 	 -41.8347040850481662 
	 9.0454299999999996 	 -41.8929842459951658 
	 9.0548249999999992 	 -41.9510803302309156 
	 9.0642199999999988 	 -42.0090260154635189 
	 9.0736149999999984 	 -42.0669287111327392 
	 9.0830099999999980 	 -42.1247789765335767 
	 9.0924050000000012 	 -42.1824063336999231 
	 9.1018000000000008 	 -42.2397637427291954 
	 9.1111950000000004 	 -42.2969898063436176 
	 9.1205900000000000 	 -42.3540860119316562 
	 9.1299849999999996 	 -42.4110368029210676 
	 9.1393799999999992 	 -42.4678467156166946 
	 9.1487749999999988 	 -42.5245229432428218 
	 9.1581699999999984 	 -42.5810658420733290 
	 9.1675649999999997 	 -42.6374764459565085 
	 9.1769600000000011 	 -42.6937568398775937 
	 9.1863550000000007 	 -42.7499089527778082 
	 9.1957500000000003 	 -42.8059346046352545 
	 9.2051449999999999 	 -42.8618352479035281 
	 9.2145399999999995 	 -42.9176120614990566 
	 9.2239349999999991 	 -42.9732663410923124 
	 9.2333299999999987 	 -43.0288033004655546 
	 9.2427250000000001 	 -43.0842139836593958 
	 9.2521200000000015 	 -43.1394853774074534 
	 9.2615150000000011 	 -43.1946449489225586 
	 9.2709100000000007 	 -43.2497106119224384 
	 9.2803050000000002 	 -43.3046697413626873 
	 9.2896999999999998 	 -43.3595162547678328 
	 9.2990949999999994 	 -43.4142462756398757 
	 9.3084899999999990 	 -43.4688559274808739 
	 9.3178849999999986 	 -43.5233473893566227 
	 9.3272800000000000 	 -43.5777623534762171 
	 9.3366749999999996 	 -43.6321204389680517 
	 9.3460700000000010 	 -43.6861318458425814 
	 9.3554650000000006 	 -43.7401429512285489 
	 9.3648600000000002 	 -43.7949992238136190 
	 9.3742549999999998 	 -43.8499175748178018 
	 9.3836499999999994 	 -43.9038622968088106 
	 9.3930450000000008 	 -43.9572705702133675 
	 9.4024400000000004 	 -44.0106590482434612 
	 9.4118350000000000 	 -44.0642009095098075 
	 9.4212299999999995 	 -44.1176136035952950 
	 9.4306249999999991 	 -44.1709406400702633 
	 9.4400200000000005 	 -44.2241756352556052 
	 9.4494150000000001 	 -44.2773174534658125 
	 9.4588099999999997 	 -44.3303701032283612 
	 9.4682049999999993 	 -44.3833371882200396 
	 9.4776000000000007 	 -44.4362202405436690 
	 9.4869950000000003 	 -44.4890219857714015 
	 9.4963899999999999 	 -44.5417449431113823 
	 9.5057849999999995 	 -44.5943910422040162 
	 9.5151799999999991 	 -44.6469623267661788 
	 9.5245749999999987 	 -44.6994596517926865 
	 9.5339700000000001 	 -44.7518827165954747 
	 9.5433650000000014 	 -44.8042313416652078 
	 9.5527600000000010 	 -44.8565055803853170 
	 9.5621550000000006 	 -44.9087060308826338 
	 9.5715500000000002 	 -44.9608339870235980 
	 9.5809449999999998 	 -45.0128905179752152 
	 9.5903399999999994 	 -45.0648765328884338 
	 9.5997349999999990 	 -45.1167925786244126 
	 9.6091299999999986 	 -45.1686391351820049 
	 9.6185250000000000 	 -45.2204167197131994 
	 9.6279200000000014 	 -45.2721260458425903 
	 9.6373150000000010 	 -45.3237678918985551 
	 9.6467100000000006 	 -45.3753430380127440 
	 9.6561050000000002 	 -45.4268522816482658 
	 9.6654999999999998 	 -45.4782964291982807 
	 9.6748949999999994 	 -45.5296762746998169 
	 9.6842899999999990 	 -45.5809926389452968 
	 9.6936850000000003 	 -45.6322463113192995 
	 9.7030800000000017 	 -45.6834380047259287 
	 9.7124750000000013 	 -45.7345684299871564 
	 9.7218700000000009 	 -45.7856385122089549 
	 9.7312650000000005 	 -45.8366489934564214 
	 9.7406600000000001 	 -45.8875993429361486 
	 9.7500549999999997 	 -45.9384919885019158 
	 9.7594499999999993 	 -45.9893332653383524 
	 9.7688449999999989 	 -46.0401069297682710 
	 9.7782400000000003 	 -46.0908175311673034 
	 9.7876350000000016 	 -46.1415865901979458 
	 9.7970300000000012 	 -46.1923162740439466 
	 9.8064250000000008 	 -46.2427897055813517 
	 9.8158200000000004 	 -46.2928181462103936 
	 9.8252150000000000 	 -46.3426096399298331 
	 9.8346099999999996 	 -46.3926457717276506 
	 9.8440050000000010 	 -46.4430153357100366 
	 9.8534000000000006 	 -46.4934012800776415 
	 9.8627950000000002 	 -46.5436355888360609 
	 9.8721899999999998 	 -46.5937907977137868 
	 9.8815850000000012 	 -46.6439233704220584 
	 9.8909800000000008 	 -46.6940191464174887 
	 9.9003750000000004 	 -46.7440614939123193 
	 9.9097700000000000 	 -46.7940517111628367 
	 9.9191649999999996 	 -46.8439943680567552 
	 9.9285600000000009 	 -46.8938930355226162 
	 9.9379550000000005 	 -46.9437464952445254 
	 9.9473500000000001 	 -46.9935545934726520 
	 9.9567449999999997 	 -47.0433182309724387 
	 9.9661400000000011 	 -47.0930380158729704 
	 9.9755350000000007 	 -47.1427144113750316 
	 9.9849300000000003 	 -47.1923478962260745 
	 9.9943250000000017 	 -47.2419390036477580 
	 10.0037200000000013 	 -47.2914882795328353 
	 10.0131150000000009 	 -47.3409962331432226 
	 10.0225099999999987 	 -47.3904633783909048 
	 10.0319049999999983 	 -47.4398902294523594 
	 10.0412999999999979 	 -47.4892772583170881 
	 10.0506950000000010 	 -47.5386248890578287 
	 10.0600900000000006 	 -47.5879336545755578 
	 10.0694850000000002 	 -47.6372040622480313 
	 10.0788799999999998 	 -47.6864364797497373 
	 10.0882749999999994 	 -47.7356314063967631 
	 10.0976699999999990 	 -47.7847893659802025 
	 10.1070649999999986 	 -47.8339107111063129 
	 10.1164600000000000 	 -47.8829958671204565 
	 10.1258549999999996 	 -47.9320453299168463 
	 10.1352499999999992 	 -47.9810594944630893 
	 10.1446450000000006 	 -48.0300387684481578 
	 10.1540400000000002 	 -48.0789836045422305 
	 10.1634349999999998 	 -48.1278944258595089 
	 10.1728299999999994 	 -48.1767716509730874 
	 10.1822249999999990 	 -48.2256154679382618 
	 10.1916199999999986 	 -48.2744267179920286 
	 10.2010149999999999 	 -48.3232075298728816 
	 10.2104099999999995 	 -48.3719583476323436 
	 10.2198049999999991 	 -48.4206793286894097 
	 10.2291999999999987 	 -48.4693706304630751 
	 10.2385950000000001 	 -48.5180324103723422 
	 10.2479899999999997 	 -48.5666648258361775 
	 10.2573849999999993 	 -48.6152680342735763 
	 10.2667800000000007 	 -48.6638421931035339 
	 10.2761750000000003 	 -48.7123874597450381 
	 10.2855699999999999 	 -48.7609039916170630 
	 10.2949649999999995 	 -48.8093919461386179 
	 10.3043599999999991 	 -48.8578514807286908 
	 10.3137550000000005 	 -48.9062827528062627 
	 10.3231500000000000 	 -48.9546859197903359 
	 10.3325449999999996 	 -49.0030611390998914 
	 10.3419399999999992 	 -49.0514085681538958 
	 10.3513350000000006 	 -49.0997283643714013 
	 10.3607300000000002 	 -49.1480206851713319 
	 10.3701249999999998 	 -49.1962856879727113 
	 10.3795199999999994 	 -49.2445235301945061 
	 10.3889149999999990 	 -49.2927343692557187 
	 10.3983099999999986 	 -49.3409183625753514 
	 10.4077050000000000 	 -49.3890756675723921 
	 10.4171000000000014 	 -49.4372064416658219 
	 10.4264950000000010 	 -49.4853108422746288 
	 10.4358900000000006 	 -49.5333890268177797 
	 10.4452850000000002 	 -49.5814411527142980 
	 10.4546799999999998 	 -49.6294673773831647 
	 10.4640749999999993 	 -49.6774678582433680 
	 10.4734699999999989 	 -49.7254427527138887 
	 10.4828649999999985 	 -49.7733922182137363 
	 10.4922599999999981 	 -49.8213164121618775 
	 10.5016550000000013 	 -49.8692154922510369 
	 10.5110500000000009 	 -49.9170896965423765 
	 10.5204450000000005 	 -49.9649394548705104 
	 10.5298400000000001 	 -50.0127652250661683 
	 10.5392349999999997 	 -50.0605674649600303 
	 10.5486299999999993 	 -50.1083466323828475 
	 10.5580249999999989 	 -50.1561031851653425 
	 10.5674200000000003 	 -50.2038375811382096 
	 10.5768149999999999 	 -50.2515502781321644 
	 10.5862100000000012 	 -50.2992417339779436 
	 10.5956050000000008 	 -50.3469124065062488 
	 10.6050000000000004 	 -50.3945627511594623 
	 10.6143949999999982 	 -50.4421931759402611 
	 10.6237899999999996 	 -50.4898040452347132 
	 10.6331849999999992 	 -50.5373957218067531 
	 10.6425799999999988 	 -50.5849685684203649 
	 10.6519749999999984 	 -50.6325229478395542 
	 10.6613699999999998 	 -50.6800592228282696 
	 10.6707649999999994 	 -50.7275777561505095 
	 10.6801600000000008 	 -50.7750789105702438 
	 10.6895550000000004 	 -50.8225630488514426 
	 10.6989500000000000 	 -50.8700305337580971 
	 10.7083449999999996 	 -50.9174816948933397 
	 10.7177400000000009 	 -50.9649166759318888 
	 10.7271349999999988 	 -51.0123355557889013 
	 10.7365300000000001 	 -51.0597384133135677 
	 10.7459249999999980 	 -51.1071253273549999 
	 10.7553199999999993 	 -51.1544963767623528 
	 10.7647149999999989 	 -51.2018516403847670 
	 10.7741100000000003 	 -51.2491911970714042 
	 10.7835049999999999 	 -51.2965151256713980 
	 10.7928999999999995 	 -51.3438235050338463 
	 10.8022949999999991 	 -51.3911164140079748 
	 10.8116900000000005 	 -51.4383939314428744 
	 10.8210849999999983 	 -51.4856561361876857 
	 10.8304799999999997 	 -51.5329031070915846 
	 10.8398749999999993 	 -51.5801349230036905 
	 10.8492700000000006 	 -51.6273516627731581 
	 10.8586650000000002 	 -51.6745534052491280 
	 10.8680600000000016 	 -51.7217402292807478 
	 10.8774549999999994 	 -51.7689122137171367 
	 10.8868500000000008 	 -51.8160694374074708 
	 10.8962449999999986 	 -51.8632119792008695 
	 10.9056400000000000 	 -51.9103399179465157 
	 10.9150349999999978 	 -51.9574533324935004 
	 10.9244299999999992 	 -52.0045523016910067 
	 10.9338249999999988 	 -52.0516369043881610 
	 10.9432200000000002 	 -52.0987072194341323 
	 10.9526149999999998 	 -52.1457633256780184 
	 10.9620100000000011 	 -52.1928053019690026 
	 10.9714049999999990 	 -52.2398332271561969 
	 10.9808000000000003 	 -52.2868471800887846 
	 10.9901949999999999 	 -52.3338472396158778 
	 10.9995899999999995 	 -52.3808334845866312 
	 11.0089849999999991 	 -52.4278060084780222 
	 11.0183800000000005 	 -52.4747649714724531 
	 11.0277750000000001 	 -52.5217105527561614 
	 11.0371700000000015 	 -52.5686429315167985 
	 11.0465649999999993 	 -52.6155622869419659 
	 11.0559600000000007 	 -52.6624687982193507 
	 11.0653549999999985 	 -52.7093626445365544 
	 11.0747499999999999 	 -52.7562440050812285 
	 11.0841449999999995 	 -52.8031130590410172 
	 11.0935399999999991 	 -52.8499699856035434 
	 11.1029349999999987 	 -52.8968149634852765 
	 11.1123300000000000 	 -52.9436481383551083 
	 11.1217249999999996 	 -52.9904696017032606 
	 11.1311200000000010 	 -53.0372794399961833 
	 11.1405150000000006 	 -53.0840777397003336 
	 11.1499100000000002 	 -53.1308645872821188 
	 11.1593049999999998 	 -53.1776400692080102 
	 11.1687000000000012 	 -53.2244042719444579 
	 11.1780949999999990 	 -53.2711572819578620 
	 11.1874900000000004 	 -53.3178991857146869 
	 11.1968849999999982 	 -53.3646300696813611 
	 11.2062799999999996 	 -53.4113500203243632 
	 11.2156749999999992 	 -53.4580591241100933 
	 11.2250700000000005 	 -53.5047574675050086 
	 11.2344650000000001 	 -53.5514451369755236 
	 11.2438599999999997 	 -53.5981222189881237 
	 11.2532549999999993 	 -53.6447888000092021 
	 11.2626500000000007 	 -53.6914449665052445 
	 11.2720449999999985 	 -53.7380908049426438 
	 11.2814399999999999 	 -53.7847264017878786 
	 11.2908350000000013 	 -53.8313518435073917 
	 11.3002300000000009 	 -53.8779672165675905 
	 11.3096250000000005 	 -53.9245726074349463 
	 11.3190200000000019 	 -53.9711681025758736 
	 11.3284149999999997 	 -54.0177537884568153 
	 11.3378100000000011 	 -54.0643297515442498 
	 11.3472049999999989 	 -54.1108960783045632 
	 11.3566000000000003 	 -54.1574528552042480 
	 11.3659949999999981 	 -54.2040001687096975 
	 11.3753899999999994 	 -54.2505381052873901 
	 11.3847850000000008 	 -54.2970667514037615 
	 11.3941800000000004 	 -54.3435861935252049 
	 11.4035750000000000 	 -54.3900965178528040 
	 11.4129700000000014 	 -54.4365977989749297 
	 11.4223649999999992 	 -54.4830900956000406 
	 11.4317600000000006 	 -54.5295734652914419 
	 11.4411550000000002 	 -54.5760479656123749 
	 11.4505499999999998 	 -54.6225136541261449 
	 11.4599449999999994 	 -54.6689705883960357 
	 11.4693400000000025 	 -54.7154188259853171 
	 11.4787350000000004 	 -54.7618584244572588 
	 11.4881300000000017 	 -54.8082894413751518 
	 11.4975249999999996 	 -54.8547119343022658 
	 11.5069200000000009 	 -54.9011259633444553 
	 11.5163149999999987 	 -54.9475316117580519 
	 11.5257100000000001 	 -54.9939289751663836 
	 11.5351049999999997 	 -55.0403181493091154 
	 11.5444999999999993 	 -55.0866992299259763 
	 11.5538950000000007 	 -55.1330723127566031 
	 11.5632900000000021 	 -55.1794374935406751 
	 11.5726849999999999 	 -55.2257948680178501 
	 11.5820800000000013 	 -55.2721445319278359 
	 11.5914750000000009 	 -55.3184865810102764 
	 11.6008700000000005 	 -55.3648211109839750 
	 11.6102650000000001 	 -55.4111481832802113 
	 11.6196600000000014 	 -55.4574677552170172 
	 11.6290549999999993 	 -55.5037797644244435 
	 11.6384500000000006 	 -55.5500841485325694 
	 11.6478450000000002 	 -55.5963808451714527 
	 11.6572400000000016 	 -55.6426697919711586 
	 11.6666349999999994 	 -55.6889509265617590 
	 11.6760300000000008 	 -55.7352241865733475 
	 11.6854250000000004 	 -55.7814895096359677 
	 11.6948200000000000 	 -55.8277468333796989 
	 11.7042149999999996 	 -55.8739960981908723 
	 11.7136100000000010 	 -55.9202373262211125 
	 11.7230049999999988 	 -55.9664706331191155 
	 11.7324000000000002 	 -56.0126961396494210 
	 11.7417950000000015 	 -56.0589139665765686 
	 11.7511900000000011 	 -56.1051242346650483 
	 11.7605850000000007 	 -56.1513270646794496 
	 11.7699800000000021 	 -56.1975225773842979 
	 11.7793749999999999 	 -56.2437108935441117 
	 11.7887699999999978 	 -56.2898921339234306 
	 11.7981649999999991 	 -56.3360664192868228 
	 11.8075599999999987 	 -56.3822338703987995 
	 11.8169549999999983 	 -56.4283946080238792 
	 11.8263499999999997 	 -56.4745487529266512 
	 11.8357450000000011 	 -56.5206964258715985 
	 11.8451399999999989 	 -56.5668377476232820 
	 11.8545350000000003 	 -56.6129728389462414 
	 11.8639299999999999 	 -56.6591018206050023 
	 11.8733249999999995 	 -56.7052248133640902 
	 11.8827199999999991 	 -56.7513419379880659 
	 11.8921150000000004 	 -56.7974533152414693 
	 11.9015099999999983 	 -56.8435590658680141 
	 11.9109049999999996 	 -56.8896593028632793 
	 11.9202999999999992 	 -56.9357541199051909 
	 11.9296950000000006 	 -56.9818436077112551 
	 11.9390899999999984 	 -57.0279278569988648 
	 11.9484849999999998 	 -57.0740069584855334 
	 11.9578799999999994 	 -57.1200810028887034 
	 11.9672749999999990 	 -57.1661500809258101 
	 11.9766699999999986 	 -57.2122142833143386 
	 11.9860650000000000 	 -57.2582737007717384 
	 11.9954599999999978 	 -57.3043284240154520 
	 12.0048550000000009 	 -57.3503785437629929 
	 12.0142500000000005 	 -57.3964241507317467 
	 12.0236450000000001 	 -57.4424653356392056 
	 12.0330399999999997 	 -57.4885021892028263 
	 12.0424350000000011 	 -57.5345348021400724 
	 12.0518299999999989 	 -57.5805632651683794 
	 12.0612250000000003 	 -57.6265876690052323 
	 12.0706199999999981 	 -57.6726081043680523 
	 12.0800149999999995 	 -57.7186246619743741 
	 12.0894099999999991 	 -57.7646374325415550 
	 12.0988050000000005 	 -57.8106465067871227 
	 12.1082000000000001 	 -57.8566519333186662 
	 12.1175949999999997 	 -57.9026535131672446 
	 12.1269899999999993 	 -57.9486509571805399 
	 12.1363850000000006 	 -57.9946439760758565 
	 12.1457799999999985 	 -58.0406322805704917 
	 12.1551749999999998 	 -58.0866155813818139 
	 12.1645699999999994 	 -58.1325935892271133 
	 12.1739649999999990 	 -58.1785660148237227 
	 12.1833600000000004 	 -58.2245325688889608 
	 12.1927550000000018 	 -58.2704929621401533 
	 12.2021499999999996 	 -58.3164469061827830 
	 12.2115450000000010 	 -58.3623942465922596 
	 12.2209399999999988 	 -58.4083351047654489 
	 12.2303350000000002 	 -58.4542696360857406 
	 12.2397299999999980 	 -58.5001979959366167 
	 12.2491249999999994 	 -58.5461203397015097 
	 12.2585199999999990 	 -58.5920368227638022 
	 12.2679150000000003 	 -58.6379476005069691 
	 12.2773099999999999 	 -58.6838528283144356 
	 12.2867050000000013 	 -58.7297526615696341 
	 12.2960999999999991 	 -58.7756472556559757 
	 12.3054950000000005 	 -58.8215367659569424 
	 12.3148900000000001 	 -58.8674213478559309 
	 12.3242849999999997 	 -58.9133011567363809 
	 12.3336799999999993 	 -58.9591763479817388 
	 12.3430750000000007 	 -59.0050470769754298 
	 12.3524700000000003 	 -59.0509134991008864 
	 12.3618650000000017 	 -59.0967757697415479 
	 12.3712599999999995 	 -59.1426340442808254 
	 12.3806550000000009 	 -59.1884884781021938 
	 12.3900499999999987 	 -59.2343392265890500 
	 12.3994450000000001 	 -59.2801864451248548 
	 12.4088399999999996 	 -59.3260302579696273 
	 12.4182349999999992 	 -59.3718706406978782 
	 12.4276299999999988 	 -59.4177075245336894 
	 12.4370250000000002 	 -59.4635408406934687 
	 12.4464199999999998 	 -59.5093705203935102 
	 12.4558150000000012 	 -59.5551964948502714 
	 12.4652100000000008 	 -59.6010186952800538 
	 12.4746050000000004 	 -59.6468370528993006 
	 12.4840000000000000 	 -59.6926514989243486 
	 12.4933950000000014 	 -59.7384619645715986 
	 12.5027899999999992 	 -59.7842683817708149 
	 12.5121850000000006 	 -59.8300707390303046 
	 12.5215799999999984 	 -59.8758691215511121 
	 12.5309750000000015 	 -59.9216636240003169 
	 12.5403699999999994 	 -59.9674543410449203 
	 12.5497650000000007 	 -60.0132413673519807 
	 12.5591600000000003 	 -60.0590247975885347 
	 12.5685549999999999 	 -60.1048047264216123 
	 12.5779499999999995 	 -60.1505812485182361 
	 12.5873450000000009 	 -60.1963544585454855 
	 12.5967399999999987 	 -60.2421244511703691 
	 12.6061350000000001 	 -60.2878913210599237 
	 12.6155299999999997 	 -60.3336551628812003 
	 12.6249250000000011 	 -60.3794160713012431 
	 12.6343200000000007 	 -60.4251741409870675 
	 12.6437150000000020 	 -60.4709294666056962 
	 12.6531099999999999 	 -60.5166821428242017 
	 12.6625050000000012 	 -60.5624322643096278 
	 12.6718999999999991 	 -60.6081799257289617 
	 12.6812950000000004 	 -60.6539252217492830 
	 12.6906899999999982 	 -60.6996682470376214 
	 12.7000849999999996 	 -60.7454090962610209 
	 12.7094800000000010 	 -60.7911478640865113 
	 12.7188750000000006 	 -60.8368846451811152 
	 12.7282700000000002 	 -60.8826195342118837 
	 12.7376650000000016 	 -60.9283526258458679 
	 12.7470599999999994 	 -60.9740840147500691 
	 12.7564550000000008 	 -61.0198137955915882 
	 12.7658500000000004 	 -61.0655420630373840 
	 12.7752450000000000 	 -61.1112689117545358 
	 12.7846399999999996 	 -61.1569944364100735 
	 12.7940350000000009 	 -61.2027187316710695 
	 12.8034300000000005 	 -61.2484418897699854 
	 12.8128250000000019 	 -61.2941638854148323 
	 12.8222199999999997 	 -61.3398845259048855 
	 12.8316150000000011 	 -61.3856036057351346 
	 12.8410099999999989 	 -61.4313209194004273 
	 12.8504050000000003 	 -61.4770362613957531 
	 12.8597999999999999 	 -61.5227494262160093 
	 12.8691949999999995 	 -61.5684602083561145 
	 12.8785899999999991 	 -61.6141684023109732 
	 12.8879850000000022 	 -61.6598738025755537 
	 12.8973800000000001 	 -61.7055762036447177 
	 12.9067750000000014 	 -61.7512754000134407 
	 12.9161700000000010 	 -61.7969711861766200 
	 12.9255650000000006 	 -61.8426633566291599 
	 12.9349600000000002 	 -61.8883517058660146 
	 12.9443550000000016 	 -61.9340360283820672 
	 12.9537499999999994 	 -61.9797161186722718 
	 12.9631449999999973 	 -62.0253917712315470 
	 12.9725400000000004 	 -62.0710627805548256 
	 12.9819350000000000 	 -62.1167289411369836 
	 12.9913299999999996 	 -62.1623900474729894 
	 13.0007249999999992 	 -62.2080458940853873 
	 13.0101200000000006 	 -62.2536963505737262 
	 13.0195149999999984 	 -62.2993415251038698 
	 13.0289099999999998 	 -62.3449815731200374 
	 13.0383049999999994 	 -62.3906166500663133 
	 13.0476999999999990 	 -62.4362469113869096 
	 13.0570950000000003 	 -62.4818725125259746 
	 13.0664900000000017 	 -62.5274936089276849 
	 13.0758849999999995 	 -62.5731103560361603 
	 13.0852800000000009 	 -62.6187229092955988 
	 13.0946749999999987 	 -62.6643314241501486 
	 13.1040700000000001 	 -62.7099360560439862 
	 13.1134649999999979 	 -62.7555369604212387 
	 13.1228599999999993 	 -62.8011342927261254 
	 13.1322549999999989 	 -62.8467282084027659 
	 13.1416499999999985 	 -62.8923188628953298 
	 13.1510449999999999 	 -62.9379064116479867 
	 13.1604400000000012 	 -62.9834910101048919 
	 13.1698349999999991 	 -63.0290728137101937 
	 13.1792300000000004 	 -63.0746519779080828 
	 13.1886250000000000 	 -63.1202286581427074 
	 13.1980199999999996 	 -63.1658030098582444 
	 13.2074149999999992 	 -63.2113751884988062 
	 13.2168100000000006 	 -63.2569453495086194 
	 13.2262049999999984 	 -63.3025136483317894 
	 13.2356000000000016 	 -63.3480802404125427 
	 13.2449949999999994 	 -63.3936452811949707 
	 13.2543900000000008 	 -63.4392089261233068 
	 13.2637849999999986 	 -63.4847713306416281 
	 13.2731800000000000 	 -63.5303326501941825 
	 13.2825749999999996 	 -63.5758930402250897 
	 13.2919699999999992 	 -63.6214526561784908 
	 13.3013649999999988 	 -63.6670116533498387 
	 13.3107600000000001 	 -63.7125701147715233 
	 13.3201549999999980 	 -63.7581279351771357 
	 13.3295500000000011 	 -63.8036849790182075 
	 13.3389450000000007 	 -63.8492411107461422 
	 13.3483400000000003 	 -63.8947961948124075 
	 13.3577349999999999 	 -63.9403500956684852 
	 13.3671300000000013 	 -63.9859026777658499 
	 13.3765249999999991 	 -64.0314538055559126 
	 13.3859200000000005 	 -64.0770033434901904 
	 13.3953149999999983 	 -64.1225511560201085 
	 13.4047099999999997 	 -64.1680971109281728 
	 13.4141049999999993 	 -64.2136411521339880 
	 13.4235000000000007 	 -64.2591832994304895 
	 13.4328950000000003 	 -64.3047235758888718 
	 13.4422899999999998 	 -64.3502620045803582 
	 13.4516849999999994 	 -64.3957986085761291 
	 13.4610800000000008 	 -64.4413334109474221 
	 13.4704749999999986 	 -64.4868664347654033 
	 13.4798700000000000 	 -64.5323977031012816 
	 13.4892649999999996 	 -64.5779272390262520 
	 13.4986599999999992 	 -64.6234550656115374 
	 13.5080550000000006 	 -64.6689812059283327 
	 13.5174500000000020 	 -64.7145056830478609 
	 13.5268449999999998 	 -64.7600285200412316 
	 13.5362400000000012 	 -64.8055497399797815 
	 13.5456349999999990 	 -64.8510693659346060 
	 13.5550300000000004 	 -64.8965874209769567 
	 13.5644249999999982 	 -64.9421039281780281 
	 13.5738199999999996 	 -64.9876189106090294 
	 13.5832149999999992 	 -65.0331323913411410 
	 13.5926100000000005 	 -65.0786443934456145 
	 13.6020050000000001 	 -65.1241549399935735 
	 13.6114000000000015 	 -65.1696640540562839 
	 13.6207949999999993 	 -65.2151717587049120 
	 13.6301900000000007 	 -65.2606780770106667 
	 13.6395850000000003 	 -65.3061830320447712 
	 13.6489799999999999 	 -65.3516866468784201 
	 13.6583749999999995 	 -65.3971889445827941 
	 13.6677700000000009 	 -65.4426899482291162 
	 13.6771649999999987 	 -65.4881896808885671 
	 13.6865600000000018 	 -65.5336881656323982 
	 13.6959549999999997 	 -65.5791854255317617 
	 13.7053500000000010 	 -65.6246814827844531 
	 13.7147449999999989 	 -65.6701763447963316 
	 13.7241400000000002 	 -65.7156700066359036 
	 13.7335349999999998 	 -65.7611624629940934 
	 13.7429299999999994 	 -65.8066537085617966 
	 13.7523249999999990 	 -65.8521437380299517 
	 13.7617200000000004 	 -65.8976325460894827 
	 13.7711150000000000 	 -65.9431201274313281 
	 13.7805100000000014 	 -65.9886064767464262 
	 13.7899050000000010 	 -66.0340915887256159 
	 13.7993000000000006 	 -66.0795754580599208 
	 13.8086950000000002 	 -66.1250580819731084 
	 13.8180900000000015 	 -66.1705394703673306 
	 13.8274849999999994 	 -66.2160196371032725 
	 13.8368800000000007 	 -66.2614985960430971 
	 13.8462749999999986 	 -66.3069763610488394 
	 13.8556699999999999 	 -66.3524529459825771 
	 13.8650649999999995 	 -66.3979283647064307 
	 13.8744600000000009 	 -66.4434026310824635 
	 13.8838550000000005 	 -66.4888757589727248 
	 13.8932500000000001 	 -66.5343477622393493 
	 13.9026449999999997 	 -66.5798186547443862 
	 13.9120400000000011 	 -66.6252884503499132 
	 13.9214349999999989 	 -66.6707571629180364 
	 13.9308300000000003 	 -66.7162248063108194 
	 13.9402249999999999 	 -66.7616913943903398 
	 13.9496200000000012 	 -66.8071569410187038 
	 13.9590150000000008 	 -66.8526214600579749 
	 13.9684100000000022 	 -66.8980849653702307 
	 13.9778050000000000 	 -66.9435474708175349 
	 13.9872000000000014 	 -66.9890089902620360 
	 13.9965949999999992 	 -67.0344695375657409 
	 14.0059900000000006 	 -67.0799291260988184 
	 14.0153849999999984 	 -67.1253877628634967 
	 14.0247799999999998 	 -67.1708454504231298 
	 14.0341750000000012 	 -67.2163021912506622 
	 14.0435700000000008 	 -67.2617579878189957 
	 14.0529650000000004 	 -67.3072128426011318 
	 14.0623600000000017 	 -67.3526667580699865 
	 14.0717549999999996 	 -67.3981197366985043 
	 14.0811500000000009 	 -67.4435717809596582 
	 14.0905450000000005 	 -67.4890228933263785 
	 14.0999400000000001 	 -67.5344730762716097 
	 14.1093349999999997 	 -67.5799223322683105 
	 14.1187300000000011 	 -67.6253706637894396 
	 14.1281250000000007 	 -67.6708180733078706 
	 14.1375199999999985 	 -67.7162645632966331 
	 14.1469149999999999 	 -67.7617101362286718 
	 14.1563099999999995 	 -67.8071547945768742 
	 14.1657049999999991 	 -67.8525985408142418 
	 14.1750999999999987 	 -67.8980413774137048 
	 14.1844950000000001 	 -67.9434833068481936 
	 14.1938899999999979 	 -67.9889243315906668 
	 14.2032849999999993 	 -68.0343644541140833 
	 14.2126800000000006 	 -68.0798036768914017 
	 14.2220750000000002 	 -68.1252420023955239 
	 14.2314699999999998 	 -68.1706794330994228 
	 14.2408650000000012 	 -68.2161159714760430 
	 14.2502599999999990 	 -68.2615516199983290 
	 14.2596550000000004 	 -68.3069863811392537 
	 14.2690499999999982 	 -68.3524202573717332 
	 14.2784449999999996 	 -68.3978532511687263 
	 14.2878399999999974 	 -68.4432853650031632 
	 14.2972350000000006 	 -68.4887166013480311 
	 14.3066300000000002 	 -68.5341469631436695 
	 14.3160249999999998 	 -68.5795764580610552 
	 14.3254199999999994 	 -68.6250050965193594 
	 14.3348150000000008 	 -68.6704328889717033 
	 14.3442099999999986 	 -68.7158598458711367 
	 14.3536049999999999 	 -68.7612859776708234 
	 14.3629999999999995 	 -68.8067112948237707 
	 14.3723949999999991 	 -68.8521358077831138 
	 14.3817899999999987 	 -68.8975595270019312 
	 14.3911850000000019 	 -68.9429824629333297 
	 14.4005799999999997 	 -68.9884046260301602 
	 14.4099750000000011 	 -69.0338260255588523 
	 14.4193699999999989 	 -69.0792466668396230 
	 14.4287650000000003 	 -69.1246665543733485 
	 14.4381599999999981 	 -69.1700856926608196 
	 14.4475549999999995 	 -69.2155040862028699 
	 14.4569499999999991 	 -69.2609217395003469 
	 14.4663449999999987 	 -69.3063386570539990 
	 14.4757400000000001 	 -69.3517548433647590 
	 14.4851350000000014 	 -69.3971703029333611 
	 14.4945299999999992 	 -69.4425850402606528 
	 14.5039250000000006 	 -69.4879990598503809 
	 14.5133200000000002 	 -69.5334123663082266 
	 14.5227149999999998 	 -69.5788249643662624 
	 14.5321099999999994 	 -69.6242368587645046 
	 14.5415050000000008 	 -69.6696480542428702 
	 14.5508999999999986 	 -69.7150585555413471 
	 14.5602950000000000 	 -69.7604683673999091 
	 14.5696899999999996 	 -69.8058774945585441 
	 14.5790850000000010 	 -69.8512859417571406 
	 14.5884799999999988 	 -69.8966937137357291 
	 14.5978750000000002 	 -69.9421008152342694 
	 14.6072699999999998 	 -69.9875072509927065 
	 14.6166649999999994 	 -70.0329130257510144 
	 14.6260599999999990 	 -70.0783181442491525 
	 14.6354550000000003 	 -70.1237226112271230 
	 14.6448499999999981 	 -70.1691264314248428 
	 14.6542450000000013 	 -70.2145296095823142 
	 14.6636400000000009 	 -70.2599321504394823 
	 14.6730350000000005 	 -70.3053340587362925 
	 14.6824300000000001 	 -70.3507353392127612 
	 14.6918250000000015 	 -70.3961359966088338 
	 14.7012199999999993 	 -70.4415360356642566 
	 14.7106150000000007 	 -70.4869354609836165 
	 14.7200099999999985 	 -70.5323342768032546 
	 14.7294049999999999 	 -70.5777324872974106 
	 14.7387999999999995 	 -70.6231300966402671 
	 14.7481950000000008 	 -70.6685271090060780 
	 14.7575900000000004 	 -70.7139235285690120 
	 14.7669850000000000 	 -70.7593193595033227 
	 14.7763799999999996 	 -70.8047146059832073 
	 14.7857750000000010 	 -70.8501092721829195 
	 14.7951699999999988 	 -70.8955033622766138 
	 14.8045650000000002 	 -70.9408968803897579 
	 14.8139599999999998 	 -70.9862898294473581 
	 14.8233549999999994 	 -71.0316822111290094 
	 14.8327500000000008 	 -71.0770740270565966 
	 14.8421450000000021 	 -71.1224652788519052 
	 14.8515400000000000 	 -71.1678559681367489 
	 14.8609350000000013 	 -71.2132460965329699 
	 14.8703299999999992 	 -71.2586356656623963 
	 14.8797250000000005 	 -71.3040246771468702 
	 14.8891199999999984 	 -71.3494131326081771 
	 14.8985149999999997 	 -71.3948010336681875 
	 14.9079099999999993 	 -71.4401883822024075 
	 14.9173049999999989 	 -71.4855751817285778 
	 14.9267000000000003 	 -71.5309614364178543 
	 14.9360950000000017 	 -71.5763471504432260 
	 14.9454899999999995 	 -71.6217323279775968 
	 14.9548850000000009 	 -71.6671169731939131 
	 14.9642800000000005 	 -71.7125010902651212 
	 14.9736750000000001 	 -71.7578846833641393 
	 14.9830699999999997 	 -71.8032677566639563 
	 14.9924650000000010 	 -71.8486503143374193 
	 15.0018600000000006 	 -71.8940323605575315 
	 15.0112550000000020 	 -71.9394138994972252 
	 15.0206499999999998 	 -71.9847949353293757 
	 15.0300450000000012 	 -72.0301754722270147 
	 15.0394399999999990 	 -72.0755555143629891 
	 15.0488350000000004 	 -72.1209350659103023 
	 15.0582300000000000 	 -72.1663141310418439 
	 15.0676249999999996 	 -72.2116927139306028 
	 15.0770199999999992 	 -72.2570708187494546 
	 15.0864150000000006 	 -72.3024484496713598 
	 15.0958100000000002 	 -72.3478256108692648 
	 15.1052050000000015 	 -72.3932023065160877 
	 15.1146000000000011 	 -72.4385785407847891 
	 15.1239950000000007 	 -72.4839543178482728 
	 15.1333900000000003 	 -72.5293296418794995 
	 15.1427850000000017 	 -72.5747045170514014 
	 15.1521799999999995 	 -72.6200789475369106 
	 15.1615750000000009 	 -72.6654529375089595 
	 15.1709699999999987 	 -72.7108264911404945 
	 15.1803650000000001 	 -72.7561996126044477 
	 15.1897599999999997 	 -72.8015723060737514 
	 15.1991550000000011 	 -72.8469445757213521 
	 15.2085500000000007 	 -72.8923164252145313 
	 15.2179450000000003 	 -72.9376878555683419 
	 15.2273399999999999 	 -72.9830588669311027 
	 15.2367350000000012 	 -73.0284294594507060 
	 15.2461299999999991 	 -73.0737996332749447 
	 15.2555250000000004 	 -73.1191693885517395 
	 15.2649200000000000 	 -73.1645387254288977 
	 15.2743150000000014 	 -73.2099076440543399 
	 15.2837100000000010 	 -73.2552761445758449 
	 15.2931050000000024 	 -73.3006442271413334 
	 15.3025000000000002 	 -73.3460118919040269 
	 15.3118949999999980 	 -73.3913791395790298 
	 15.3212899999999994 	 -73.4367459719254896 
	 15.3306849999999990 	 -73.4821123908162264 
	 15.3400799999999986 	 -73.5274783981239466 
	 15.3494749999999982 	 -73.5728439957214562 
	 15.3588699999999996 	 -73.6182091854815894 
	 15.3682649999999992 	 -73.6635739692770528 
	 15.3776600000000006 	 -73.7089383489806806 
	 15.3870550000000001 	 -73.7543023264652362 
	 15.3964499999999997 	 -73.7996659036034970 
	 15.4058449999999993 	 -73.8450290822682405 
	 15.4152400000000007 	 -73.8903918643322726 
	 15.4246349999999985 	 -73.9357542516683708 
	 15.4340299999999999 	 -73.9811162461492984 
	 15.4434249999999977 	 -74.0264778496478471 
	 15.4528200000000009 	 -74.0718390640368085 
	 15.4622149999999987 	 -74.1171998911889176 
	 15.4716100000000001 	 -74.1625603329770513 
	 15.4810049999999997 	 -74.2079203912739160 
	 15.4903999999999993 	 -74.2532800679523177 
	 15.4997949999999989 	 -74.2986393648850054 
	 15.5091900000000003 	 -74.3439982839448419 
	 15.5185849999999981 	 -74.3893568270045051 
	 15.5279799999999994 	 -74.4347149959368437 
	 15.5373750000000008 	 -74.4800727926146351 
	 15.5467700000000004 	 -74.5254302189106568 
	 15.5561650000000000 	 -74.5707872766976863 
	 15.5655600000000014 	 -74.6161439678485152 
	 15.5749549999999992 	 -74.6615002942358785 
	 15.5843500000000006 	 -74.7068562577326389 
	 15.5937449999999984 	 -74.7522118602115029 
	 15.6031399999999998 	 -74.7975671035406151 
	 15.6125349999999976 	 -74.8429219893090476 
	 15.6219299999999990 	 -74.8882765186743882 
	 15.6313250000000004 	 -74.9336306927572480 
	 15.6407200000000000 	 -74.9789845126781955 
	 15.6501149999999996 	 -75.0243379795578988 
	 15.6595100000000009 	 -75.0696910945169265 
	 15.6689049999999988 	 -75.1150438586758611 
	 15.6783000000000001 	 -75.1603962731553565 
	 15.6876949999999997 	 -75.2057483390759387 
	 15.6970899999999993 	 -75.2511000575583040 
	 15.7064849999999989 	 -75.2964514297229925 
	 15.7158800000000021 	 -75.3418024566906297 
	 15.7252749999999999 	 -75.3871531395818124 
	 15.7346700000000013 	 -75.4325034795171518 
	 15.7440649999999991 	 -75.4778534776172165 
	 15.7534600000000005 	 -75.5232031350026887 
	 15.7628549999999983 	 -75.5685524527940800 
	 15.7722499999999997 	 -75.6139014321120726 
	 15.7816449999999993 	 -75.6592500740772209 
	 15.7910399999999989 	 -75.7045983798101503 
	 15.8004350000000002 	 -75.7499463504314434 
	 15.8098300000000016 	 -75.7952939870311724 
	 15.8192249999999994 	 -75.8406412905930551 
	 15.8286200000000008 	 -75.8859882620777171 
	 15.8380150000000004 	 -75.9313349024457125 
	 15.8474100000000000 	 -75.9766812126576667 
	 15.8568049999999996 	 -76.0220271936741341 
	 15.8662000000000010 	 -76.0673728464557399 
	 15.8755949999999988 	 -76.1127181719630386 
	 15.8849900000000002 	 -76.1580631711566980 
	 15.8943849999999998 	 -76.2034078449972156 
	 15.9037800000000011 	 -76.2487521944411952 
	 15.9131749999999990 	 -76.2940962202889352 
	 15.9225700000000003 	 -76.3394399231391816 
	 15.9319649999999999 	 -76.3847833035773078 
	 15.9413599999999995 	 -76.4301263621887159 
	 15.9507549999999991 	 -76.4754690995587652 
	 15.9601500000000005 	 -76.5208115162728433 
	 15.9695449999999983 	 -76.5661536129163238 
	 15.9789400000000015 	 -76.6114953900746229 
	 15.9883350000000011 	 -76.6568368483330715 
	 15.9977300000000007 	 -76.7021779882770716 
	 16.0071249999999985 	 -76.7475188105552775 
	 16.0165199999999999 	 -76.7928593163521356 
	 16.0259150000000012 	 -76.8381995071215158 
	 16.0353100000000026 	 -76.8835393843194197 
	 16.0447050000000004 	 -76.9288789494018488 
	 16.0541000000000018 	 -76.9742182038247762 
	 16.0634949999999996 	 -77.0195571490441750 
	 16.0728900000000010 	 -77.0648957865160611 
	 16.0822849999999988 	 -77.1102341176963932 
	 16.0916800000000002 	 -77.1555721440411872 
	 16.1010749999999980 	 -77.2009098670058052 
	 16.1104699999999994 	 -77.2462472875329240 
	 16.1198650000000008 	 -77.2915844051042882 
	 16.1292600000000022 	 -77.3369212189431607 
	 16.1386550000000000 	 -77.3822577282728332 
	 16.1480500000000013 	 -77.4275939323165545 
	 16.1574449999999992 	 -77.4729298302976304 
	 16.1668400000000005 	 -77.5182654214393807 
	 16.1762349999999984 	 -77.5636007049650544 
	 16.1856299999999997 	 -77.6089356800979289 
	 16.1950249999999976 	 -77.6542703460613239 
	 16.2044200000000025 	 -77.6996047020785312 
	 16.2138150000000003 	 -77.7449387473727569 
	 16.2232100000000017 	 -77.7902724811673920 
	 16.2326049999999995 	 -77.8356059026856002 
	 16.2420000000000009 	 -77.8809390111508009 
	 16.2513949999999987 	 -77.9262718057861719 
	 16.2607900000000001 	 -77.9716042858150615 
	 16.2701850000000015 	 -78.0169364504607330 
	 16.2795799999999993 	 -78.0622682989464636 
	 16.2889750000000006 	 -78.1075998304955732 
	 16.2983700000000020 	 -78.1529310443312966 
	 16.3077649999999998 	 -78.1982619401655938 
	 16.3171600000000012 	 -78.2435925210294414 
	 16.3265549999999990 	 -78.2889227913344712 
	 16.3359500000000004 	 -78.3342527554967063 
	 16.3453449999999982 	 -78.3795824179322551 
	 16.3547399999999996 	 -78.4249117830571834 
	 16.3641349999999974 	 -78.4702408552875568 
	 16.3735299999999988 	 -78.5155696390394837 
	 16.3829250000000002 	 -78.5608981387290299 
	 16.3923200000000016 	 -78.6062263587722470 
	 16.4017150000000029 	 -78.6515543035852431 
	 16.4111100000000008 	 -78.6968819775840700 
	 16.4205050000000021 	 -78.7422093851848501 
	 16.4299000000000035 	 -78.7875365308036351 
	 16.4392950000000013 	 -78.8328634188564621 
	 16.4486900000000027 	 -78.8781900537594822 
	 16.4580850000000005 	 -78.9235164399287328 
	 16.4674800000000019 	 -78.9688425817802937 
	 16.4768749999999997 	 -79.0141684837302307 
	 16.4862699999999975 	 -79.0594941501946522 
	 16.4956649999999989 	 -79.1048195855896239 
	 16.5050599999999967 	 -79.1501447939811413 
	 16.5144549999999981 	 -79.1954697726739880 
	 16.5238499999999959 	 -79.2407945128594804 
	 16.5332449999999973 	 -79.2861190055087803 
	 16.5426399999999987 	 -79.3314432415930213 
	 16.5520349999999965 	 -79.3767672120833510 
	 16.5614300000000014 	 -79.4220909079509454 
	 16.5708250000000028 	 -79.4674143201669807 
	 16.5802200000000006 	 -79.5127374397025619 
	 16.5896150000000020 	 -79.5580602575288935 
	 16.5990099999999998 	 -79.6033827646170664 
	 16.6084050000000012 	 -79.6487049519383135 
	 16.6177999999999990 	 -79.6940268104637397 
	 16.6271950000000004 	 -79.7393483311645497 
	 16.6365899999999982 	 -79.7846695050118342 
	 16.6459849999999996 	 -79.8299903229767978 
	 16.6553799999999974 	 -79.8753107760305454 
	 16.6647749999999988 	 -79.9206308551443243 
	 16.6741700000000002 	 -79.9659505512892252 
	 16.6835649999999980 	 -80.0112698554363959 
	 16.6929599999999994 	 -80.0565887585570266 
	 16.7023550000000007 	 -80.1019072516222650 
	 16.7117499999999986 	 -80.1472253256032445 
	 16.7211449999999999 	 -80.1925429714711413 
	 16.7305400000000013 	 -80.2378601801971314 
	 16.7399350000000027 	 -80.2831769427523199 
	 16.7493300000000005 	 -80.3284932501078828 
	 16.7587250000000019 	 -80.3738090932349962 
	 16.7681199999999997 	 -80.4191244631047937 
	 16.7775150000000011 	 -80.4644393506884796 
	 16.7869099999999989 	 -80.5097537469571307 
	 16.7963050000000003 	 -80.5550676428819656 
	 16.8056999999999981 	 -80.6003810320021330 
	 16.8150949999999995 	 -80.6456939452797457 
	 16.8244899999999973 	 -80.6910064419809743 
	 16.8338849999999987 	 -80.7363185820715898 
	 16.8432800000000000 	 -80.7816304255173492 
	 16.8526749999999979 	 -80.8269420322840233 
	 16.8620699999999992 	 -80.8722534623373264 
	 16.8714650000000006 	 -80.9175647756429868 
	 16.8808599999999984 	 -80.9628760321668040 
	 16.8902549999999998 	 -81.0081872918745205 
	 16.8996499999999976 	 -81.0534986147318364 
	 16.9090450000000025 	 -81.0988100442974655 
	 16.9184400000000004 	 -81.1441215507342832 
	 16.9278350000000017 	 -81.1894330836903890 
	 16.9372299999999996 	 -81.2347445928127314 
	 16.9466250000000009 	 -81.2800560277484010 
	 16.9560199999999988 	 -81.3253673381444173 
	 16.9654150000000001 	 -81.3706784736477715 
	 16.9748100000000015 	 -81.4159893839055826 
	 16.9842049999999993 	 -81.4613000185647707 
	 16.9936000000000007 	 -81.5066103272724263 
	 17.0029950000000021 	 -81.5519202600197985 
	 17.0123899999999999 	 -81.5972297897893952 
	 17.0217850000000013 	 -81.6425389266152877 
	 17.0311799999999991 	 -81.6878476838900411 
	 17.0405750000000005 	 -81.7331560750062636 
	 17.0499699999999983 	 -81.7784641133564350 
	 17.0593649999999997 	 -81.8237718123331632 
	 17.0687599999999975 	 -81.8690791853289994 
	 17.0781549999999989 	 -81.9143862457365231 
	 17.0875500000000002 	 -81.9596930069482994 
	 17.0969450000000016 	 -82.0049994823568511 
	 17.1063399999999994 	 -82.0503056844726757 
	 17.1157350000000008 	 -82.0956116158500606 
	 17.1251299999999986 	 -82.1409172727585144 
	 17.1345250000000000 	 -82.1862226513689080 
	 17.1439200000000014 	 -82.2315277478520130 
	 17.1533149999999992 	 -82.2768325583787288 
	 17.1627100000000006 	 -82.3221370791198694 
	 17.1721050000000020 	 -82.3674413062462776 
	 17.1814999999999998 	 -82.4127452359287815 
	 17.1908950000000011 	 -82.4580488643382665 
	 17.2002899999999990 	 -82.5033521876454898 
	 17.2096850000000003 	 -82.5486552028610987 
	 17.2190799999999982 	 -82.5939579100575401 
	 17.2284749999999995 	 -82.6392603100051986 
	 17.2378699999999974 	 -82.6845624034742031 
	 17.2472649999999987 	 -82.7298641912349666 
	 17.2566599999999966 	 -82.7751656740577033 
	 17.2660550000000015 	 -82.8204668527127268 
	 17.2754500000000029 	 -82.8657677279702654 
	 17.2848450000000007 	 -82.9110683006006468 
	 17.2942400000000021 	 -82.9563685713741279 
	 17.3036350000000034 	 -83.0016685410513873 
	 17.3130300000000013 	 -83.0469682099884494 
	 17.3224250000000026 	 -83.0922675779973616 
	 17.3318200000000004 	 -83.1375666448518587 
	 17.3412150000000018 	 -83.1828654103257037 
	 17.3506099999999996 	 -83.2281638741926457 
	 17.3600050000000010 	 -83.2734620362264764 
	 17.3693999999999988 	 -83.3187598962008451 
	 17.3787950000000002 	 -83.3640574538896004 
	 17.3881899999999980 	 -83.4093547090664345 
	 17.3975849999999994 	 -83.4546516615051388 
	 17.4069799999999972 	 -83.4999483109793914 
	 17.4163749999999986 	 -83.5452446572630265 
	 17.4257699999999964 	 -83.5905407001297363 
	 17.4351649999999978 	 -83.6358364393533265 
	 17.4445600000000027 	 -83.6811318747075319 
	 17.4539550000000006 	 -83.7264270059660163 
	 17.4633500000000019 	 -83.7717218329026423 
	 17.4727450000000033 	 -83.8170163552911305 
	 17.4821400000000011 	 -83.8623105729051872 
	 17.4915350000000025 	 -83.9076044855185756 
	 17.5009300000000003 	 -83.9528980929050732 
	 17.5103250000000017 	 -83.9981913948384431 
	 17.5197199999999995 	 -84.0434843910923775 
	 17.5291150000000009 	 -84.0887770814407105 
	 17.5385099999999987 	 -84.1340694656570633 
	 17.5479050000000001 	 -84.1793615435153271 
	 17.5572999999999979 	 -84.2246533147891654 
	 17.5666949999999993 	 -84.2699447792523415 
	 17.5760900000000007 	 -84.3152359366786754 
	 17.5854849999999985 	 -84.3605267868417741 
	 17.5948799999999999 	 -84.4058173295155001 
	 17.6042750000000012 	 -84.4511075644761746 
	 17.6136700000000026 	 -84.4963974915741147 
	 17.6230650000000040 	 -84.5416871107428847 
	 17.6324600000000018 	 -84.5869764219205535 
	 17.6418550000000032 	 -84.6322654250451194 
	 17.6512500000000010 	 -84.6775541200545234 
	 17.6606449999999988 	 -84.7228425068868489 
	 17.6700400000000002 	 -84.7681305854801082 
	 17.6794349999999980 	 -84.8134183557722707 
	 17.6888299999999994 	 -84.8587058177014342 
	 17.6982249999999972 	 -84.9039929712055113 
	 17.7076199999999986 	 -84.9492798162225711 
	 17.7170150000000000 	 -84.9945663526906259 
	 17.7264099999999978 	 -85.0398525805476311 
	 17.7358049999999992 	 -85.0851384997317126 
	 17.7452000000000005 	 -85.1304241101807548 
	 17.7545949999999984 	 -85.1757094118328553 
	 17.7639899999999997 	 -85.2209944046260119 
	 17.7733849999999975 	 -85.2662790884982087 
	 17.7827799999999989 	 -85.3115634633875004 
	 17.7921750000000003 	 -85.3568475292318851 
	 17.8015700000000017 	 -85.4021312859692756 
	 17.8109649999999995 	 -85.4474147335144920 
	 17.8203600000000009 	 -85.4926978717256247 
	 17.8297549999999987 	 -85.5379807004522235 
	 17.8391500000000001 	 -85.5832632195439373 
	 17.8485450000000014 	 -85.6285454288502876 
	 17.8579399999999993 	 -85.6738273282208809 
	 17.8673350000000006 	 -85.7191089175053094 
	 17.8767300000000020 	 -85.7643901965531228 
	 17.8861249999999998 	 -85.8096711652139135 
	 17.8955200000000012 	 -85.8549518233372595 
	 17.9049149999999990 	 -85.9002321707761496 
	 17.9143100000000004 	 -85.9455122074539730 
	 17.9237049999999982 	 -85.9907919333603417 
	 17.9330999999999996 	 -86.0360713484874537 
	 17.9424949999999974 	 -86.0813504528275644 
	 17.9518899999999988 	 -86.1266292463728433 
	 17.9612849999999966 	 -86.1719077291155031 
	 17.9706800000000015 	 -86.2171859010477988 
	 17.9800749999999994 	 -86.2624637621618859 
	 17.9894700000000007 	 -86.3077413124500055 
	 17.9988649999999986 	 -86.3530185519043272 
	 18.0082599999999999 	 -86.3982954805171630 
	 18.0176550000000013 	 -86.4435720982805975 
	 18.0270499999999991 	 -86.4888484051869000 
	 18.0364450000000005 	 -86.5341244012282971 
	 18.0458400000000019 	 -86.5794000863969586 
	 18.0552349999999997 	 -86.6246754606851255 
	 18.0646300000000011 	 -86.6699505240850101 
	 18.0740249999999989 	 -86.7152252765887823 
	 18.0834200000000003 	 -86.7604997181887114 
	 18.0928149999999981 	 -86.8057738488769530 
	 18.1022099999999995 	 -86.8510476686457906 
	 18.1116049999999973 	 -86.8963211774907478 
	 18.1209999999999987 	 -86.9415943754142972 
	 18.1303949999999965 	 -86.9868672624195369 
	 18.1397899999999979 	 -87.0321398385097353 
	 18.1491850000000028 	 -87.0774121036880899 
	 18.1585800000000006 	 -87.1226840579577129 
	 18.1679750000000020 	 -87.1679557013218584 
	 18.1773700000000034 	 -87.2132270337837099 
	 18.1867650000000012 	 -87.2584980553464504 
	 18.1961600000000026 	 -87.3037687660133344 
	 18.2055550000000004 	 -87.3490391657874312 
	 18.2149500000000018 	 -87.3943092546720663 
	 18.2243449999999996 	 -87.4395790326703946 
	 18.2337400000000009 	 -87.4848484997855564 
	 18.2431349999999988 	 -87.5301176560208205 
	 18.2525300000000001 	 -87.5753865013793558 
	 18.2619249999999980 	 -87.6206550358643170 
	 18.2713199999999993 	 -87.6659232594789728 
	 18.2807149999999972 	 -87.7111911722264779 
	 18.2901099999999985 	 -87.7564587741100297 
	 18.2995049999999964 	 -87.8017260651327973 
	 18.3088999999999977 	 -87.8469930453177881 
	 18.3182949999999991 	 -87.8922597147807778 
	 18.3276900000000005 	 -87.9375260736645856 
	 18.3370850000000019 	 -87.9827921221120732 
	 18.3464800000000032 	 -88.0280578602661308 
	 18.3558750000000011 	 -88.0733232882695631 
	 18.3652700000000024 	 -88.1185884062653884 
	 18.3746650000000002 	 -88.1638532143963545 
	 18.3840600000000016 	 -88.2091177128053801 
	 18.3934549999999994 	 -88.2543819016353126 
	 18.4028500000000008 	 -88.2996457810290849 
	 18.4122449999999986 	 -88.3449093511295160 
	 18.4216400000000000 	 -88.3901726120794535 
	 18.4310349999999978 	 -88.4354355640218444 
	 18.4404299999999992 	 -88.4806982070995076 
	 18.4498250000000006 	 -88.5259605414553619 
	 18.4592199999999984 	 -88.5712225672322120 
	 18.4686149999999998 	 -88.6164842845729623 
	 18.4780100000000012 	 -88.6617456936205031 
	 18.4874049999999990 	 -88.7070067945176817 
	 18.4968000000000004 	 -88.7522675874074167 
	 18.5061950000000017 	 -88.7975280724349005 
	 18.5155900000000031 	 -88.8427882497738608 
	 18.5249850000000009 	 -88.8880481196166556 
	 18.5343800000000023 	 -88.9333076821560411 
	 18.5437750000000001 	 -88.9785669375847164 
	 18.5531700000000015 	 -89.0238258860954517 
	 18.5625649999999993 	 -89.0690845278809178 
	 18.5719600000000007 	 -89.1143428631338850 
	 18.5813549999999985 	 -89.1596008920470098 
	 18.5907499999999999 	 -89.2048586148130767 
	 18.6001449999999977 	 -89.2501160316247848 
	 18.6095399999999991 	 -89.2953731426748760 
	 18.6189350000000005 	 -89.3406299481560495 
	 18.6283299999999983 	 -89.3858864482610187 
	 18.6377249999999997 	 -89.4311426431825680 
	 18.6471200000000010 	 -89.4763985331133540 
	 18.6565149999999988 	 -89.5216541182460901 
	 18.6659100000000002 	 -89.5669093987735749 
	 18.6753050000000016 	 -89.6121643748884793 
	 18.6847000000000030 	 -89.6574190467835592 
	 18.6940950000000008 	 -89.7026734146514713 
	 18.7034900000000022 	 -89.7479274786848720 
	 18.7128850000000000 	 -89.7931812390703357 
	 18.7222800000000014 	 -89.8384346959860949 
	 18.7316749999999992 	 -89.8836878496097142 
	 18.7410700000000006 	 -89.9289407001187868 
	 18.7504650000000019 	 -89.9741932476908772 
	 18.7598599999999998 	 -90.0194454925035785 
	 18.7692550000000011 	 -90.0646974347344980 
	 18.7786500000000025 	 -90.1099490745612144 
	 18.7880450000000003 	 -90.1552004121612924 
	 18.7974400000000017 	 -90.2004514477123109 
	 18.8068349999999995 	 -90.2457021814032743 
	 18.8162300000000009 	 -90.2909526135302514 
	 18.8256249999999987 	 -90.3362027444479452 
	 18.8350199999999965 	 -90.3814525745116839 
	 18.8444149999999979 	 -90.4267021040767958 
	 18.8538099999999993 	 -90.4719513334985805 
	 18.8632050000000007 	 -90.5172002631323096 
	 18.8725999999999985 	 -90.5624488933333396 
	 18.8819949999999999 	 -90.6076972244569419 
	 18.8913900000000012 	 -90.6529452568585015 
	 18.9007849999999991 	 -90.6981929908932187 
	 18.9101800000000004 	 -90.7434404269164929 
	 18.9195750000000018 	 -90.7886875652836380 
	 18.9289699999999996 	 -90.8339344063498970 
	 18.9383650000000010 	 -90.8791809504706265 
	 18.9477599999999988 	 -90.9244271980011405 
	 18.9571550000000002 	 -90.9696731492967388 
	 18.9665499999999980 	 -91.0149188047127069 
	 18.9759449999999994 	 -91.0601641646044300 
	 18.9853399999999972 	 -91.1054092293271367 
	 18.9947349999999986 	 -91.1506539992361979 
	 19.0041299999999964 	 -91.1958984746868850 
	 19.0135249999999978 	 -91.2411426560345404 
	 19.0229199999999992 	 -91.2863865436344781 
	 19.0323150000000005 	 -91.3316301378419695 
	 19.0417100000000019 	 -91.3768734390123569 
	 19.0511050000000033 	 -91.4221164475009545 
	 19.0605000000000011 	 -91.4673591636630334 
	 19.0698950000000025 	 -91.5126015878539221 
	 19.0792900000000003 	 -91.5578437204289628 
	 19.0886850000000017 	 -91.6030855617434554 
	 19.0980799999999995 	 -91.6483271121526712 
	 19.1074750000000009 	 -91.6935683720097359 
	 19.1168699999999987 	 -91.7388093416507360 
	 19.1262650000000001 	 -91.7840500214041981 
	 19.1356599999999979 	 -91.8292904115985493 
	 19.1450549999999993 	 -91.8745305125622309 
	 19.1544499999999971 	 -91.9197703246236699 
	 19.1638449999999985 	 -91.9650098481113645 
	 19.1732399999999963 	 -92.0102490833536848 
	 19.1826349999999977 	 -92.0554880306791432 
	 19.1920299999999990 	 -92.1007266904161668 
	 19.2014249999999969 	 -92.1459650628931541 
	 19.2108200000000018 	 -92.1912031484386318 
	 19.2202150000000032 	 -92.2364409473809701 
	 19.2296100000000010 	 -92.2816784600486528 
	 19.2390050000000024 	 -92.3269156867700929 
	 19.2484000000000002 	 -92.3721526278737457 
	 19.2577950000000016 	 -92.4173892836880668 
	 19.2671899999999994 	 -92.4626256545414833 
	 19.2765850000000007 	 -92.5078617407624790 
	 19.2859799999999986 	 -92.5530975426794527 
	 19.2953749999999999 	 -92.5983330606208597 
	 19.3047699999999978 	 -92.6435682949186514 
	 19.3141649999999991 	 -92.6888032459820721 
	 19.3235600000000005 	 -92.7340379142962092 
	 19.3329549999999983 	 -92.7792723003493194 
	 19.3423499999999997 	 -92.8245064046296022 
	 19.3517450000000011 	 -92.8697402276253428 
	 19.3611399999999989 	 -92.9149737698247549 
	 19.3705350000000003 	 -92.9602070317161377 
	 19.3799300000000017 	 -93.0054400137876769 
	 19.3893250000000030 	 -93.0506727165276715 
	 19.3987200000000009 	 -93.0959051404242786 
	 19.4081150000000022 	 -93.1411372859658684 
	 19.4175100000000000 	 -93.1863691536405838 
	 19.4269050000000014 	 -93.2316007439367240 
	 19.4362999999999992 	 -93.2768320573425314 
	 19.4456950000000006 	 -93.3220630943462197 
	 19.4550899999999984 	 -93.3672938554360599 
	 19.4644849999999998 	 -93.4125243411003368 
	 19.4738799999999976 	 -93.4577545518272217 
	 19.4832749999999990 	 -93.5029844881049996 
	 19.4926700000000004 	 -93.5482141504218987 
	 19.5020649999999982 	 -93.5934435392663175 
	 19.5114599999999996 	 -93.6386726551494206 
	 19.5208550000000010 	 -93.6839014986305187 
	 19.5302499999999988 	 -93.7291300702749623 
	 19.5396450000000002 	 -93.7743583706482013 
	 19.5490399999999980 	 -93.8195864003155577 
	 19.5584349999999993 	 -93.8648141598424957 
	 19.5678300000000007 	 -93.9100416497943939 
	 19.5772250000000021 	 -93.9552688707366315 
	 19.5866199999999999 	 -94.0004958232346297 
	 19.5960150000000013 	 -94.0457225078537533 
	 19.6054099999999991 	 -94.0909489251588838 
	 19.6148050000000005 	 -94.1361750757066176 
	 19.6242000000000019 	 -94.1814009600466164 
	 19.6335949999999997 	 -94.2266265787283999 
	 19.6429900000000011 	 -94.2718519323014306 
	 19.6523850000000024 	 -94.3170770213152423 
	 19.6617800000000003 	 -94.3623018463192977 
	 19.6711750000000016 	 -94.4075264078631449 
	 19.6805699999999995 	 -94.4527507064962464 
	 19.6899650000000008 	 -94.4979747427680792 
	 19.6993599999999986 	 -94.5431985172281770 
	 19.7087550000000000 	 -94.5884220304260595 
	 19.7181499999999978 	 -94.6336452829111607 
	 19.7275449999999992 	 -94.6788682752330431 
	 19.7369400000000006 	 -94.7240910079411833 
	 19.7463350000000020 	 -94.7693134815850442 
	 19.7557299999999998 	 -94.8145356967141453 
	 19.7651250000000012 	 -94.8597576538780061 
	 19.7745199999999990 	 -94.9049793536261035 
	 19.7839150000000004 	 -94.9502007965079429 
	 19.7933100000000017 	 -94.9954219830730437 
	 19.8027049999999996 	 -95.0406429138708404 
	 19.8121000000000009 	 -95.0858635894522166 
	 19.8214950000000023 	 -95.1310840103700883 
	 19.8308900000000001 	 -95.1763041771776841 
	 19.8402850000000015 	 -95.2215240904282467 
	 19.8496799999999993 	 -95.2667437506749195 
	 19.8590750000000007 	 -95.3119631584709737 
	 19.8684699999999985 	 -95.3571823143696236 
	 19.8778649999999999 	 -95.4024012189240551 
	 19.8872599999999977 	 -95.4476198726875111 
	 19.8966549999999991 	 -95.4928382762131633 
	 19.9060499999999969 	 -95.5380564300542687 
	 19.9154450000000018 	 -95.5832743347640132 
	 19.9248400000000032 	 -95.6284919908956397 
	 19.9342350000000010 	 -95.6737093990022629 
	 19.9436300000000024 	 -95.7189265596372252 
	 19.9530250000000038 	 -95.7641434733536698 
	 19.9624200000000016 	 -95.8093601407048112 
	 19.9718150000000030 	 -95.8545765622438921 
	 19.9812100000000008 	 -95.8997927385240985 
	 19.9906050000000022 	 -95.9450086700986446 
	 20.0000000000000000 	 -95.9902243575207308 
