	 1.2100000000000000 	 -3.3857138021369995 
	 1.2193950000000000 	 -3.4709391944070784 
	 1.2287900000000000 	 -3.5552296422911538 
	 1.2381850000000001 	 -3.6385017726018147 
	 1.2475799999999999 	 -3.7206968502639231 
	 1.2569750000000002 	 -3.8017641226779100 
	 1.2663700000000000 	 -3.8816453626285186 
	 1.2757650000000000 	 -3.9602972697479020 
	 1.2851600000000001 	 -4.0376942215536022 
	 1.2945550000000001 	 -4.1138270491811912 
	 1.3039499999999999 	 -4.1886969103402940 
	 1.3133450000000000 	 -4.2622755306369280 
	 1.3227400000000000 	 -4.3345335229205277 
	 1.3321350000000001 	 -4.4054923910619639 
	 1.3415300000000001 	 -4.4751777935211745 
	 1.3509249999999999 	 -4.5435954944518038 
	 1.3603200000000000 	 -4.6107367682527016 
	 1.3697150000000000 	 -4.6766692969916086 
	 1.3791099999999998 	 -4.7414072529619347 
	 1.3885049999999999 	 -4.8049524574982163 
	 1.3978999999999999 	 -4.8673285027798805 
	 1.4072950000000000 	 -4.9285661956465052 
	 1.4166900000000000 	 -4.9886963704244467 
	 1.4260850000000000 	 -5.0477495018581706 
	 1.4354799999999999 	 -5.1057488987594395 
	 1.4448749999999999 	 -5.1627141216276904 
	 1.4542700000000000 	 -5.2186899474655366 
	 1.4636650000000000 	 -5.2737436893559373 
	 1.4730600000000000 	 -5.3278802330657165 
	 1.4824550000000001 	 -5.3810728379709802 
	 1.4918499999999999 	 -5.4333742317915021 
	 1.5012450000000002 	 -5.4848357855528942 
	 1.5106400000000000 	 -5.5354888097190091 
	 1.5200350000000000 	 -5.5853604226039053 
	 1.5294300000000001 	 -5.6344730072260383 
	 1.5388250000000001 	 -5.6828479821196529 
	 1.5482200000000002 	 -5.7305078519809705 
	 1.5576150000000002 	 -5.7774814656124187 
	 1.5670099999999998 	 -5.8237999685529758 
	 1.5764049999999998 	 -5.8694943341445383 
	 1.5857999999999999 	 -5.9145936047095526 
	 1.5951949999999999 	 -5.9591249953895238 
	 1.6045900000000000 	 -6.0031042561509871 
	 1.6139850000000000 	 -6.0465373891225713 
	 1.6233799999999998 	 -6.0894375581843621 
	 1.6327749999999999 	 -6.1318270648742725 
	 1.6421699999999999 	 -6.1737287647184811 
	 1.6515649999999999 	 -6.2151655100817171 
	 1.6609600000000000 	 -6.2561590787733108 
	 1.6703550000000000 	 -6.2967269417944403 
	 1.6797499999999999 	 -6.3368820841590301 
	 1.6891450000000001 	 -6.3766396416129121 
	 1.6985399999999999 	 -6.4160151973974777 
	 1.7079350000000000 	 -6.4550230966063307 
	 1.7173300000000000 	 -6.4936772784837080 
	 1.7267250000000001 	 -6.5319915043066406 
	 1.7361199999999999 	 -6.5699777984441372 
	 1.7455150000000001 	 -6.6076472768177537 
	 1.7549100000000000 	 -6.6450122002072929 
	 1.7643049999999998 	 -6.6820856864631937 
	 1.7736999999999998 	 -6.7188790925628261 
	 1.7830949999999999 	 -6.7554022434501322 
	 1.7924899999999999 	 -6.7916652007868485 
	 1.8018850000000000 	 -6.8276774161122216 
	 1.8112800000000000 	 -6.8634479221978584 
	 1.8206750000000000 	 -6.8989855283906856 
	 1.8300700000000001 	 -6.9342985572820242 
	 1.8394650000000001 	 -6.9693950821309976 
	 1.8488600000000002 	 -7.0042825158290247 
	 1.8582550000000002 	 -7.0389681098249604 
	 1.8676499999999998 	 -7.0734590258089902 
	 1.8770449999999999 	 -7.1077618053750573 
	 1.8864399999999999 	 -7.1418827929944841 
	 1.8958349999999999 	 -7.1758279191620034 
	 1.9052300000000000 	 -7.2096028238260770 
	 1.9146250000000000 	 -7.2432131200265415 
	 1.9240199999999998 	 -7.2766638795132712 
	 1.9334150000000001 	 -7.3099596293647240 
	 1.9428099999999999 	 -7.3431052437610118 
	 1.9522050000000000 	 -7.3761061228609970 
	 1.9616000000000000 	 -7.4089668359713494 
	 1.9709950000000001 	 -7.4416901858854141 
	 1.9803900000000001 	 -7.4742782406052592 
	 1.9897850000000001 	 -7.5067332068201971 
	 1.9991800000000000 	 -7.5390618506449192 
	 2.0085750000000000 	 -7.5712678064005425 
	 2.0179700000000000 	 -7.6033535219616235 
	 2.0273649999999996 	 -7.6353214384802195 
	 2.0367600000000001 	 -7.6671739944860180 
	 2.0461549999999997 	 -7.6989136062088681 
	 2.0555499999999998 	 -7.7305424195603525 
	 2.0649449999999998 	 -7.7620623966017357 
	 2.0743399999999999 	 -7.7934754101963852 
	 2.0837349999999999 	 -7.8247831380562456 
	 2.0931299999999999 	 -7.8559871218333859 
	 2.1025250000000000 	 -7.8870887881443599 
	 2.1119199999999996 	 -7.9180893937955155 
	 2.1213150000000001 	 -7.9489900896572285 
	 2.1307099999999997 	 -7.9797918308269171 
	 2.1401050000000001 	 -8.0104954855570423 
	 2.1494999999999997 	 -8.0411017280897816 
	 2.1588950000000002 	 -8.0716111940325241 
	 2.1682899999999998 	 -8.1020245189926534 
	 2.1776850000000003 	 -8.1323423385775655 
	 2.1870799999999999 	 -8.1625651823573637 
	 2.1964750000000000 	 -8.1926927109320911 
	 2.2058700000000000 	 -8.2227246036866006 
	 2.2152650000000000 	 -8.2526611279186728 
	 2.2246600000000001 	 -8.2825027796661921 
	 2.2340550000000001 	 -8.3122500216114439 
	 2.2434500000000002 	 -8.3419020938289137 
	 2.2528449999999998 	 -8.3714578215805737 
	 2.2622400000000003 	 -8.4009172125495564 
	 2.2716349999999998 	 -8.4302799607311041 
	 2.2810300000000003 	 -8.4595461206933376 
	 2.2904249999999999 	 -8.4887160376191364 
	 2.2998200000000000 	 -8.5177882465455443 
	 2.3092150000000000 	 -8.5467609320562712 
	 2.3186100000000001 	 -8.5756322787350321 
	 2.3280050000000001 	 -8.6044039827971783 
	 2.3373999999999997 	 -8.6330955923436523 
	 2.3467950000000002 	 -8.6617031337983761 
	 2.3561899999999998 	 -8.6902077890085181 
	 2.3655850000000003 	 -8.7185918317471209 
	 2.3749799999999999 	 -8.7468554862807046 
	 2.3843749999999999 	 -8.7750126582018346 
	 2.3937700000000000 	 -8.8030683949735629 
	 2.4031650000000000 	 -8.8310176958811581 
	 2.4125600000000000 	 -8.8588578159136251 
	 2.4219550000000001 	 -8.8865889924767245 
	 2.4313500000000001 	 -8.9142097525228952 
	 2.4407449999999997 	 -8.9417189905456205 
	 2.4501400000000002 	 -8.9691156825816698 
	 2.4595349999999998 	 -8.9963987309144695 
	 2.4689300000000003 	 -9.0235667721845658 
	 2.4783249999999999 	 -9.0506184520551471 
	 2.4877199999999999 	 -9.0775525002177666 
	 2.4971150000000000 	 -9.1043679994448556 
	 2.5065100000000005 	 -9.1310635878247179 
	 2.5159050000000001 	 -9.1576375889102728 
	 2.5253000000000001 	 -9.1840883229057422 
	 2.5346950000000001 	 -9.2104140939246637 
	 2.5440899999999997 	 -9.2366132699559493 
	 2.5534850000000002 	 -9.2626865552755575 
	 2.5628799999999998 	 -9.2886315848727001 
	 2.5722749999999999 	 -9.3144431464095661 
	 2.5816699999999999 	 -9.3401226621229974 
	 2.5910650000000000 	 -9.3656686567853988 
	 2.6004600000000000 	 -9.3910791499351784 
	 2.6098550000000000 	 -9.4163519862670420 
	 2.6192500000000001 	 -9.4414849794441160 
	 2.6286449999999997 	 -9.4664761539636544 
	 2.6380400000000002 	 -9.4913246068100552 
	 2.6474349999999998 	 -9.5160297751405505 
	 2.6568300000000002 	 -9.5405908559200228 
	 2.6662249999999998 	 -9.5650047856227172 
	 2.6756200000000003 	 -9.5892674543215115 
	 2.6850149999999999 	 -9.6133775772440710 
	 2.6944100000000004 	 -9.6373346557947279 
	 2.7038050000000000 	 -9.6611360861199600 
	 2.7132000000000001 	 -9.6847782070689536 
	 2.7225950000000001 	 -9.7082524711351290 
	 2.7319900000000001 	 -9.7315509713720179 
	 2.7413850000000002 	 -9.7546748033967514 
	 2.7507800000000002 	 -9.7776233879471715 
	 2.7601750000000003 	 -9.8004063999105728 
	 2.7695699999999999 	 -9.8230184177639899 
	 2.7789650000000004 	 -9.8454743042066788 
	 2.7883599999999999 	 -9.8677626407584231 
	 2.7977550000000004 	 -9.8898622386129382 
	 2.8071500000000000 	 -9.9117558497109872 
	 2.8165450000000001 	 -9.9334566744014285 
	 2.8259399999999997 	 -9.9549670370559085 
	 2.8353349999999997 	 -9.9762736566903829 
	 2.8447299999999998 	 -9.9973729324666358 
	 2.8541249999999998 	 -10.0182695527228898 
	 2.8635199999999998 	 -10.0389683379435581 
	 2.8729149999999999 	 -10.0594684931257046 
	 2.8823099999999995 	 -10.0797614245203633 
	 2.8917050000000000 	 -10.0998379719278404 
	 2.9010999999999996 	 -10.1196913494106653 
	 2.9104950000000001 	 -10.1393203516773092 
	 2.9198899999999997 	 -10.1587238108717255 
	 2.9292850000000001 	 -10.1778979499148985 
	 2.9386799999999997 	 -10.1968384349329675 
	 2.9480750000000002 	 -10.2155410064646688 
	 2.9574699999999998 	 -10.2340018465706954 
	 2.9668650000000003 	 -10.2522171946978506 
	 2.9762599999999999 	 -10.2701831727869273 
	 2.9856549999999999 	 -10.2878958564409189 
	 2.9950500000000000 	 -10.3053511915395877 
	 3.0044450000000000 	 -10.3225450248880151 
	 3.0138400000000001 	 -10.3394732007714953 
	 3.0232350000000001 	 -10.3561315734761976 
	 3.0326300000000002 	 -10.3725165524333178 
	 3.0420250000000002 	 -10.3886253714032470 
	 3.0514200000000002 	 -10.4044533566531019 
	 3.0608149999999998 	 -10.4199916185466090 
	 3.0702099999999999 	 -10.4352437591345133 
	 3.0796049999999999 	 -10.4502353330805136 
	 3.0890000000000000 	 -10.4649311332605137 
	 3.0983950000000000 	 -10.4792926389557532 
	 3.1077900000000001 	 -10.4933443397617125 
	 3.1171850000000001 	 -10.5070883754264521 
	 3.1265800000000001 	 -10.5205172901554675 
	 3.1359749999999997 	 -10.5336284193270284 
	 3.1453699999999998 	 -10.5464177974639384 
	 3.1547649999999998 	 -10.5588810374881952 
	 3.1641599999999999 	 -10.5710141065733794 
	 3.1735549999999995 	 -10.5828129132547222 
	 3.1829499999999999 	 -10.5942733625572867 
	 3.1923449999999995 	 -10.6053913264532760 
	 3.2017400000000000 	 -10.6161626229535777 
	 3.2111349999999996 	 -10.6265830635081695 
	 3.2205300000000001 	 -10.6366484558780279 
	 3.2299249999999997 	 -10.6463546073008004 
	 3.2393200000000002 	 -10.6556973250141489 
	 3.2487149999999998 	 -10.6646723995357764 
	 3.2581100000000003 	 -10.6732755382297118 
	 3.2675049999999999 	 -10.6815024226591646 
	 3.2769000000000004 	 -10.6893487447409399 
	 3.2862950000000000 	 -10.6968102717054983 
	 3.2956900000000005 	 -10.7038825954799321 
	 3.3050850000000001 	 -10.7105611637508122 
	 3.3144800000000001 	 -10.7168414433298977 
	 3.3238750000000001 	 -10.7227194173259619 
	 3.3332700000000002 	 -10.7281903580537303 
	 3.3426650000000002 	 -10.7332480041572413 
	 3.3520600000000003 	 -10.7378920637996877 
	 3.3614549999999999 	 -10.7421255860256473 
	 3.3708500000000003 	 -10.7459368780379059 
	 3.3802449999999999 	 -10.7493122315929828 
	 3.3896400000000000 	 -10.7522410634225007 
	 3.3990350000000000 	 -10.7547275053644515 
	 3.4084300000000001 	 -10.7567873886260976 
	 3.4178249999999997 	 -10.7584125234778796 
	 3.4272200000000002 	 -10.7595852249580801 
	 3.4366149999999998 	 -10.7602878004061679 
	 3.4460099999999998 	 -10.7605025571616295 
	 3.4554049999999998 	 -10.7602128322762276 
	 3.4647999999999999 	 -10.7594189843891535 
	 3.4741949999999999 	 -10.7581352517781266 
	 3.4835900000000000 	 -10.7563732415812758 
	 3.4929850000000000 	 -10.7541410591693634 
	 3.5023799999999996 	 -10.7514466165595213 
	 3.5117750000000001 	 -10.7482978257688622 
	 3.5211699999999997 	 -10.7447025103817175 
	 3.5305649999999997 	 -10.7406037529859670 
	 3.5399599999999998 	 -10.7358627347652185 
	 3.5493550000000003 	 -10.7305932359379455 
	 3.5587499999999999 	 -10.7248079429315606 
	 3.5681449999999999 	 -10.7184811961869855 
	 3.5775399999999999 	 -10.7116119861313752 
	 3.5869350000000004 	 -10.7041963877437531 
	 3.5963300000000000 	 -10.6962304850328707 
	 3.6057249999999996 	 -10.6877078456866528 
	 3.6151200000000001 	 -10.6786183049312093 
	 3.6245150000000002 	 -10.6689518730728778 
	 3.6339100000000002 	 -10.6587044837395037 
	 3.6433049999999998 	 -10.6478783018116108 
	 3.6527000000000003 	 -10.6364756890204237 
	 3.6620950000000003 	 -10.6244905058718153 
	 3.6714900000000004 	 -10.6119081442738441 
	 3.6808850000000000 	 -10.5987245923492619 
	 3.6902800000000000 	 -10.5849340897876978 
	 3.6996750000000000 	 -10.5705313761875033 
	 3.7090700000000001 	 -10.5555113292099207 
	 3.7184650000000001 	 -10.5398686138878830 
	 3.7278600000000002 	 -10.5235982088568658 
	 3.7372550000000002 	 -10.5066949041497715 
	 3.7466499999999998 	 -10.4891537529522854 
	 3.7560450000000003 	 -10.4709700124586078 
	 3.7654399999999999 	 -10.4521389412026853 
	 3.7748350000000004 	 -10.4326557977184642 
	 3.7842300000000000 	 -10.4125158304592329 
	 3.7936250000000000 	 -10.3917140008938560 
	 3.8030200000000001 	 -10.3702453381387816 
	 3.8124150000000006 	 -10.3481054066101859 
	 3.8218100000000002 	 -10.3252906095826926 
	 3.8312049999999997 	 -10.3017988747567752 
	 3.8406000000000002 	 -10.2776283008951079 
	 3.8499950000000003 	 -10.2527769867603737 
	 3.8593899999999999 	 -10.2272415507061396 
	 3.8687849999999999 	 -10.2010126799875227 
	 3.8781799999999995 	 -10.1740811116103824 
	 3.8875749999999996 	 -10.1464466661565886 
	 3.8969699999999996 	 -10.1181118771023204 
	 3.9063649999999996 	 -10.0890738435660321 
	 3.9157599999999997 	 -10.0593281727049249 
	 3.9251549999999997 	 -10.0288785428565301 
	 3.9345499999999998 	 -9.9977196857014938 
	 3.9439449999999998 	 -9.9658434800381297 
	 3.9533399999999999 	 -9.9332525390208737 
	 3.9627349999999995 	 -9.8999482114828865 
	 3.9721299999999999 	 -9.8659292310829887 
	 3.9815249999999995 	 -9.8311941256733704 
	 3.9909200000000000 	 -9.7957419809700994 
	 4.0003149999999996 	 -9.7595732672221303 
	 4.0097100000000001 	 -9.7226886492235671 
	 4.0191049999999997 	 -9.6850887317839796 
	 4.0285000000000002 	 -9.6467742095749074 
	 4.0378949999999998 	 -9.6077463827219844 
	 4.0472900000000003 	 -9.5680070369123662 
	 4.0566849999999999 	 -9.5275577055874550 
	 4.0660799999999995 	 -9.4863999010675446 
	 4.0754750000000000 	 -9.4445372186565280 
	 4.0848700000000004 	 -9.4019746700325975 
	 4.0942650000000000 	 -9.3587172378478467 
	 4.1036599999999996 	 -9.3147682867152710 
	 4.1130550000000001 	 -9.2701293566126104 
	 4.1224499999999997 	 -9.2248019120029312 
	 4.1318450000000002 	 -9.1787898228633829 
	 4.1412399999999998 	 -9.1321014933192490 
	 4.1506349999999994 	 -9.0847447399814243 
	 4.1600299999999999 	 -9.0367249495665032 
	 4.1694250000000004 	 -8.9880487207813893 
	 4.1788200000000000 	 -8.9387231089269861 
	 4.1882149999999996 	 -8.8887556905467644 
	 4.1976100000000001 	 -8.8381543004185517 
	 4.2070049999999997 	 -8.7869275033891032 
	 4.2164000000000001 	 -8.7350841958082643 
	 4.2257949999999997 	 -8.6826332826665702 
	 4.2351900000000002 	 -8.6295837169889982 
	 4.2445849999999998 	 -8.5759453245442128 
	 4.2539800000000003 	 -8.5217286922137223 
	 4.2633749999999999 	 -8.4669444323929461 
	 4.2727700000000004 	 -8.4116031574772911 
	 4.2821650000000000 	 -8.3557154917789749 
	 4.2915600000000005 	 -8.2992938260345497 
	 4.3009550000000001 	 -8.2423541717102928 
	 4.3103499999999997 	 -8.1849129840308308 
	 4.3197450000000002 	 -8.1269855264624322 
	 4.3291400000000007 	 -8.0685827987841741 
	 4.3385350000000003 	 -8.0097144273849388 
	 4.3479299999999999 	 -7.9503903941371163 
	 4.3573250000000003 	 -7.8906364783450123 
	 4.3667199999999999 	 -7.8304802714105879 
	 4.3761150000000004 	 -7.7699077336720777 
	 4.3855100000000000 	 -7.7089341255122728 
	 4.3949049999999996 	 -7.6475907557550329 
	 4.4043000000000001 	 -7.5858921568646300 
	 4.4136950000000006 	 -7.5238524198246273 
	 4.4230900000000002 	 -7.4614874611657758 
	 4.4324849999999998 	 -7.3988156068528603 
	 4.4418799999999994 	 -7.3358549005713858 
	 4.4512749999999999 	 -7.2726225491334748 
	 4.4606700000000004 	 -7.2091351786382392 
	 4.4700650000000000 	 -7.1454091646007099 
	 4.4794599999999996 	 -7.0814640945095935 
	 4.4888550000000000 	 -7.0173197581411708 
	 4.4982499999999996 	 -6.9529936182231840 
	 4.5076450000000001 	 -6.8885026188947185 
	 4.5170399999999997 	 -6.8238649225384300 
	 4.5264349999999993 	 -6.7590991869563624 
	 4.5358299999999998 	 -6.6942237546934242 
	 4.5452250000000003 	 -6.6292568894821322 
	 4.5546199999999999 	 -6.5642169034585551 
	 4.5640149999999995 	 -6.4991220752899652 
	 4.5734100000000000 	 -6.4339906206372222 
	 4.5828049999999996 	 -6.3688406795015045 
	 4.5922000000000001 	 -6.3036903224773546 
	 4.6015949999999997 	 -6.2385574294141009 
	 4.6109900000000001 	 -6.1734597047055759 
	 4.6203849999999997 	 -6.1084148327869858 
	 4.6297799999999993 	 -6.0434404184397534 
	 4.6391749999999998 	 -5.9785537846244363 
	 4.6485700000000003 	 -5.9137720983120188 
	 4.6579649999999999 	 -5.8491120381791877 
	 4.6673599999999995 	 -5.7845901813445773 
	 4.6767550000000000 	 -5.7202234020805607 
	 4.6861499999999996 	 -5.6560273598791326 
	 4.6955450000000001 	 -5.5920170484154559 
	 4.7049399999999997 	 -5.5282094854552355 
	 4.7143350000000002 	 -5.4646231620160250 
	 4.7237299999999998 	 -5.4012729337031296 
	 4.7331250000000002 	 -5.3381695871981245 
	 4.7425199999999998 	 -5.2753237317939918 
	 4.7519150000000003 	 -5.2127493506242395 
	 4.7613099999999999 	 -5.1504642613291240 
	 4.7707049999999995 	 -5.0884816130809076 
	 4.7801000000000000 	 -5.0268138407628902 
	 4.7894950000000005 	 -4.9654733792583787 
	 4.7988900000000001 	 -4.9044725095055171 
	 4.8082849999999997 	 -4.8438228219158939 
	 4.8176800000000002 	 -4.7835357829777436 
	 4.8270749999999998 	 -4.7236222185815873 
	 4.8364700000000003 	 -4.6640926078346894 
	 4.8458649999999999 	 -4.6049569496218474 
	 4.8552599999999995 	 -4.5462249767838507 
	 4.8646550000000000 	 -4.4879063983511411 
	 4.8740500000000004 	 -4.4300100111997978 
	 4.8834450000000000 	 -4.3725436887932858 
	 4.8928399999999996 	 -4.3155152635886003 
	 4.9022350000000001 	 -4.2589325680427397 
	 4.9116300000000006 	 -4.2028034327473316 
	 4.9210250000000002 	 -4.1471351185371246 
	 4.9304199999999998 	 -4.0919335164158355 
	 4.9398150000000003 	 -4.0372043157230078 
	 4.9492100000000008 	 -3.9829533249715325 
	 4.9586050000000004 	 -3.9291868583829510 
	 4.9680000000000000 	 -3.8759097257201640 
	 4.9773949999999996 	 -3.8231184303818466 
	 4.9867900000000001 	 -3.7708207773169211 
	 4.9961850000000005 	 -3.7190307940739182 
	 5.0055800000000001 	 -3.6677521018335382 
	 5.0149750000000006 	 -3.6169814310771531 
	 5.0243700000000002 	 -3.5667163178403549 
	 5.0337649999999989 	 -3.5169784361581575 
	 5.0431600000000003 	 -3.4677735437493800 
	 5.0525549999999999 	 -3.4190738004039476 
	 5.0619499999999995 	 -3.3708813958599468 
	 5.0713449999999991 	 -3.3232013981251605 
	 5.0807400000000005 	 -3.2760388752073606 
	 5.0901350000000001 	 -3.2293988951143469 
	 5.0995299999999997 	 -3.1832865258538892 
	 5.1089249999999993 	 -3.1376968062542892 
	 5.1183200000000006 	 -3.0926019566182466 
	 5.1277150000000002 	 -3.0480693029692447 
	 5.1371099999999998 	 -3.0040493177979966 
	 5.1465049999999994 	 -2.9605393855868711 
	 5.1558999999999999 	 -2.9175512260267267 
	 5.1652949999999995 	 -2.8750795111020686 
	 5.1746900000000000 	 -2.8331244581189767 
	 5.1840849999999996 	 -2.7916835808420681 
	 5.1934800000000001 	 -2.7507548888662932 
	 5.2028749999999997 	 -2.7103365930528760 
	 5.2122700000000002 	 -2.6704262303710173 
	 5.2216649999999998 	 -2.6310212840770659 
	 5.2310600000000003 	 -2.5921192059024212 
	 5.2404549999999999 	 -2.5537173116224339 
	 5.2498499999999995 	 -2.5158127312135488 
	 5.2592449999999999 	 -2.4784024344358588 
	 5.2686400000000004 	 -2.4414828492151242 
	 5.2780350000000000 	 -2.4050503576701274 
	 5.2874299999999996 	 -2.3691019397083775 
	 5.2968249999999992 	 -2.3336348042994848 
	 5.3062200000000006 	 -2.2986461608799944 
	 5.3156150000000002 	 -2.2641331104309446 
	 5.3250099999999998 	 -2.2300911159713772 
	 5.3344049999999994 	 -2.1965143718224529 
	 5.3437999999999999 	 -2.1633970823967132 
	 5.3531950000000004 	 -2.1307350872246227 
	 5.3625900000000000 	 -2.0985263119983633 
	 5.3719849999999996 	 -2.0667675782929660 
	 5.3813800000000001 	 -2.0354538676788172 
	 5.3907749999999997 	 -2.0045808163677838 
	 5.4001700000000001 	 -1.9741441769503936 
	 5.4095649999999997 	 -1.9441396661564558 
	 5.4189600000000002 	 -1.9145628648491098 
	 5.4283549999999998 	 -1.8854093041177693 
	 5.4377500000000003 	 -1.8566744166805278 
	 5.4471449999999999 	 -1.8283536321255722 
	 5.4565400000000004 	 -1.8004426085361058 
	 5.4659350000000000 	 -1.7729367968776559 
	 5.4753299999999996 	 -1.7458314654208469 
	 5.4847250000000001 	 -1.7191221631452898 
	 5.4941200000000006 	 -1.6928043129356380 
	 5.5035150000000002 	 -1.6668731693657906 
	 5.5129099999999998 	 -1.6413242119718987 
	 5.5223049999999994 	 -1.6161529335814626 
	 5.5317000000000007 	 -1.5913547646892194 
	 5.5410950000000003 	 -1.5669250133404700 
	 5.5504899999999999 	 -1.5428591217676730 
	 5.5598849999999995 	 -1.5191527587312856 
	 5.5692800000000009 	 -1.4958011196456722 
	 5.5786750000000005 	 -1.4727997417885419 
	 5.5880700000000001 	 -1.4501442239771669 
	 5.5974649999999997 	 -1.4278298339472457 
	 5.6068600000000011 	 -1.4058521507078758 
	 5.6162549999999998 	 -1.3842069482084816 
	 5.6256499999999994 	 -1.3628898370678952 
	 5.6350449999999999 	 -1.3418963266571695 
	 5.6444399999999995 	 -1.3212220229783467 
	 5.6538349999999999 	 -1.3008626216343129 
	 5.6632300000000004 	 -1.2808138304524641 
	 5.6726250000000000 	 -1.2610713690733224 
	 5.6820199999999996 	 -1.2416309943078772 
	 5.6914149999999992 	 -1.2224885341824325 
	 5.7008099999999997 	 -1.2036398363088188 
	 5.7102050000000002 	 -1.1850807594834121 
	 5.7195999999999998 	 -1.1668071920045990 
	 5.7289949999999994 	 -1.1488150541497095 
	 5.7383899999999999 	 -1.1311003857024873 
	 5.7477850000000004 	 -1.1136592328335191 
	 5.7571800000000000 	 -1.0964875086756893 
	 5.7665749999999996 	 -1.0795814883323926 
	 5.7759699999999992 	 -1.0629375042072959 
	 5.7853649999999996 	 -1.0465499993218927 
	 5.7947600000000001 	 -1.0304152035734311 
	 5.8041549999999997 	 -1.0145319535256934 
	 5.8135500000000002 	 -0.9988973021999472 
	 5.8229449999999998 	 -0.9835061445829110 
	 5.8323400000000003 	 -0.9683540123489889 
	 5.8417349999999999 	 -0.9534376763267285 
	 5.8511299999999995 	 -0.9387537623787982 
	 5.8605250000000000 	 -0.9242988314954563 
	 5.8699199999999996 	 -0.9100693489191368 
	 5.8793150000000001 	 -0.8960583755124477 
	 5.8887100000000006 	 -0.8822640255037866 
	 5.8981050000000002 	 -0.8686859891371068 
	 5.9074999999999998 	 -0.8553234909040619 
	 5.9168950000000002 	 -0.8421722942033475 
	 5.9262899999999998 	 -0.8292267607269675 
	 5.9356850000000003 	 -0.8164830509484506 
	 5.9450799999999999 	 -0.8039384818876149 
	 5.9544749999999995 	 -0.7915903800501829 
	 5.9638700000000000 	 -0.7794358297064496 
	 5.9732650000000005 	 -0.7674716599905229 
	 5.9826600000000001 	 -0.7556948254297287 
	 5.9920549999999997 	 -0.7441024863353919 
	 6.0014499999999993 	 -0.7326918198247167 
	 6.0108449999999998 	 -0.7214600030118591 
	 6.0202400000000003 	 -0.7104042076034470 
	 6.0296349999999999 	 -0.6995217069958380 
	 6.0390300000000003 	 -0.6888101167330276 
	 6.0484249999999999 	 -0.6782667366531684 
	 6.0578200000000004 	 -0.6678887494381572 
	 6.0672150000000000 	 -0.6576733723077872 
	 6.0766099999999996 	 -0.6476181237361356 
	 6.0860050000000001 	 -0.6377207861393723 
	 6.0953999999999997 	 -0.6279785043289106 
	 6.1047950000000002 	 -0.6183880043390075 
	 6.1141900000000007 	 -0.6089481359819006 
	 6.1235850000000003 	 -0.5996597267660141 
	 6.1329799999999999 	 -0.5905194055141396 
	 6.1423750000000004 	 -0.5815206067107338 
	 6.1517700000000000 	 -0.5726607176244596 
	 6.1611650000000004 	 -0.5639379712112514 
	 6.1705600000000000 	 -0.5553516304481425 
	 6.1799549999999996 	 -0.5469004859564831 
	 6.1893500000000010 	 -0.5385812630922914 
	 6.1987450000000006 	 -0.5303905885855474 
	 6.2081400000000002 	 -0.5223267293022923 
	 6.2175349999999998 	 -0.5143885074352549 
	 6.2269299999999994 	 -0.5065751213552546 
	 6.2363250000000008 	 -0.4988859626698778 
	 6.2457200000000004 	 -0.4913204146268260 
	 6.2551150000000000 	 -0.4838738950236801 
	 6.2645100000000005 	 -0.4765421309573415 
	 6.2739050000000010 	 -0.4693239491005824 
	 6.2833000000000006 	 -0.4622182778937849 
	 6.2926950000000001 	 -0.4552235521482277 
	 6.3020899999999997 	 -0.4483374867012506 
	 6.3114850000000002 	 -0.4415592688648948 
	 6.3208800000000007 	 -0.4348897046523063 
	 6.3302750000000003 	 -0.4283259884750302 
	 6.3396700000000008 	 -0.4218646940569440 
	 6.3490650000000004 	 -0.4155023951219277 
	 6.3584600000000000 	 -0.4092364258821286 
	 6.3678550000000005 	 -0.4030676985687943 
	 6.3772500000000001 	 -0.3969951188229301 
	 6.3866450000000006 	 -0.3910169870407726 
	 6.3960400000000002 	 -0.3851318400081220 
	 6.4054350000000007 	 -0.3793381996572979 
	 6.4148300000000011 	 -0.3736346364257752 
	 6.4242250000000007 	 -0.3680196357421153 
	 6.4336200000000003 	 -0.3624914451672708 
	 6.4430149999999999 	 -0.3570493158229562 
	 6.4524100000000004 	 -0.3516927907271573 
	 6.4618050000000009 	 -0.3464193252383861 
	 6.4712000000000005 	 -0.3412261762097696 
	 6.4805950000000001 	 -0.3361106007574743 
	 6.4899900000000006 	 -0.3310710999432093 
	 6.4993849999999993 	 -0.3261102928151192 
	 6.5087799999999998 	 -0.3212305142861530 
	 6.5181749999999994 	 -0.3164285708780702 
	 6.5275699999999990 	 -0.3117001246002921 
	 6.5369650000000004 	 -0.3070445274916522 
	 6.5463600000000000 	 -0.3024610634970019 
	 6.5557549999999996 	 -0.2979481432907625 
	 6.5651499999999992 	 -0.2935050173196160 
	 6.5745449999999988 	 -0.2891315289708007 
	 6.5839400000000001 	 -0.2848265730249916 
	 6.5933349999999997 	 -0.2805880389019580 
	 6.6027299999999993 	 -0.2764137826928319 
	 6.6121249999999998 	 -0.2723028079886232 
	 6.6215199999999994 	 -0.2682552877709876 
	 6.6309149999999999 	 -0.2642700457778279 
	 6.6403099999999995 	 -0.2603461214457866 
	 6.6497049999999991 	 -0.2564825566830030 
	 6.6590999999999996 	 -0.2526784051520314 
	 6.6684950000000001 	 -0.2489327211818504 
	 6.6778899999999997 	 -0.2452445477964669 
	 6.6872850000000001 	 -0.2416130236322971 
	 6.6966799999999997 	 -0.2380373122373413 
	 6.7060749999999993 	 -0.2345164081780801 
	 6.7154699999999998 	 -0.2310492961870441 
	 6.7248649999999994 	 -0.2276362468211703 
	 6.7342599999999999 	 -0.2242763071223341 
	 6.7436549999999995 	 -0.2209663120093840 
	 6.7530500000000000 	 -0.2177030907584752 
	 6.7624450000000005 	 -0.2144888079464373 
	 6.7718400000000001 	 -0.2113305514014962 
	 6.7812349999999997 	 -0.2082268732975300 
	 6.7906299999999993 	 -0.2051698684001428 
	 6.8000249999999998 	 -0.2021533650419774 
	 6.8094200000000003 	 -0.1991794295682993 
	 6.8188149999999998 	 -0.1962513374822423 
	 6.8282099999999994 	 -0.1933700807771542 
	 6.8376049999999999 	 -0.1905354531897287 
	 6.8469999999999995 	 -0.1877435793281164 
	 6.8563950000000000 	 -0.1849889825282868 
	 6.8657899999999996 	 -0.1822683296495776 
	 6.8751849999999992 	 -0.1796053044439470 
	 6.8845799999999997 	 -0.1769896249859512 
	 6.8939750000000002 	 -0.1743992522467786 
	 6.9033699999999998 	 -0.1718494636186511 
	 6.9127650000000003 	 -0.1693352200978135 
	 6.9221599999999999 	 -0.1668509331091146 
	 6.9315549999999995 	 -0.1644184728593966 
	 6.9409500000000000 	 -0.1620216293060272 
	 6.9503449999999996 	 -0.1596595978791698 
	 6.9597400000000000 	 -0.1573341418235318 
	 6.9691349999999996 	 -0.1550444077761957 
	 6.9785299999999992 	 -0.1527891230891531 
	 6.9879250000000006 	 -0.1505678739122504 
	 6.9973200000000002 	 -0.1483804024345834 
	 7.0067149999999998 	 -0.1462263232309656 
	 7.0161099999999994 	 -0.1441045148142727 
	 7.0255049999999990 	 -0.1420135303366706 
	 7.0349000000000004 	 -0.1399533716865260 
	 7.0442950000000000 	 -0.1379251578111420 
	 7.0536899999999996 	 -0.1359287928146276 
	 7.0630850000000001 	 -0.1339627942488110 
	 7.0724800000000005 	 -0.1320261196658122 
	 7.0818750000000001 	 -0.1301185328370273 
	 7.0912699999999997 	 -0.1282397709781271 
	 7.1006649999999993 	 -0.1263893541718325 
	 7.1100599999999998 	 -0.1245667895569589 
	 7.1194550000000003 	 -0.1227716376257085 
	 7.1288499999999999 	 -0.1210034736184623 
	 7.1382450000000004 	 -0.1192618916724960 
	 7.1476400000000000 	 -0.1175464915439262 
	 7.1570350000000005 	 -0.1158568729897956 
	 7.1664300000000001 	 -0.1141926357671471 
	 7.1758249999999997 	 -0.1125533806679792 
	 7.1852200000000002 	 -0.1109387228064293 
	 7.1946149999999998 	 -0.1093482877553519 
	 7.2040100000000002 	 -0.1077817015257933 
	 7.2134050000000007 	 -0.1062385967981091 
	 7.2228000000000003 	 -0.1047186144217954 
	 7.2321949999999999 	 -0.1032214031726196 
	 7.2415900000000004 	 -0.1017466244881823 
	 7.2509850000000000 	 -0.1002939344577342 
	 7.2603800000000005 	 -0.0988629731464543 
	 7.2697750000000001 	 -0.0974533953307776 
	 7.2791699999999997 	 -0.0960649210149101 
	 7.2885650000000002 	 -0.0946972979101288 
	 7.2979600000000007 	 -0.0933502499446325 
	 7.3073550000000003 	 -0.0920233097981608 
	 7.3167499999999999 	 -0.0907149547239889 
	 7.3261449999999995 	 -0.0894263115988105 
	 7.3355399999999999 	 -0.0881578986610849 
	 7.3449350000000004 	 -0.0869085524431095 
	 7.3543300000000000 	 -0.0856775170604366 
	 7.3637250000000005 	 -0.0844644547811801 
	 7.3731200000000001 	 -0.0832693282384773 
	 7.3825150000000006 	 -0.0820924731327196 
	 7.3919100000000002 	 -0.0809342320300344 
	 7.4013049999999998 	 -0.0797912132056924 
	 7.4107000000000003 	 -0.0786575117649472 
	 7.4200949999999999 	 -0.0775414154102934 
	 7.4294900000000004 	 -0.0764496705141976 
	 7.4388850000000009 	 -0.0753751472131227 
	 7.4482800000000005 	 -0.0743155896177311 
	 7.4576750000000001 	 -0.0732712963453601 
	 7.4670700000000005 	 -0.0722425263565254 
	 7.4764650000000001 	 -0.0712291933349630 
	 7.4858600000000006 	 -0.0702310344142409 
	 7.4952550000000002 	 -0.0692477853051647 
	 7.5046499999999998 	 -0.0682791817185395 
	 7.5140450000000012 	 -0.0673249603204895 
	 7.5234400000000008 	 -0.0663848889980060 
	 7.5328350000000004 	 -0.0654587721440489 
	 7.5422300000000000 	 -0.0645463473214238 
	 7.5516249999999996 	 -0.0636474488279609 
	 7.5610200000000010 	 -0.0627620162508549 
	 7.5704150000000006 	 -0.0618892723284118 
	 7.5798100000000002 	 -0.0610285871516825 
	 7.5892050000000006 	 -0.0601802446995862 
	 7.5986000000000002 	 -0.0593447290368951 
	 7.6079950000000007 	 -0.0585225242283811 
	 7.6173900000000003 	 -0.0577138826153629 
	 7.6267849999999999 	 -0.0569172682399223 
	 7.6361800000000004 	 -0.0561303130049284 
	 7.6455750000000009 	 -0.0553509866225020 
	 7.6549700000000005 	 -0.0545825190269738 
	 7.6643650000000010 	 -0.0538322603702626 
	 7.6737599999999988 	 -0.0531073782278057 
	 7.6831549999999993 	 -0.0524036742230238 
	 7.6925499999999998 	 -0.0517023049151345 
	 7.7019449999999994 	 -0.0509944504711773 
	 7.7113399999999999 	 -0.0502914469500632 
	 7.7207349999999995 	 -0.0496025164202539 
	 7.7301299999999991 	 -0.0489256704040536 
	 7.7395249999999995 	 -0.0482579018371843 
	 7.7489199999999991 	 -0.0475992707418794 
	 7.7583149999999996 	 -0.0469504456509548 
	 7.7677099999999992 	 -0.0463113755680322 
	 7.7771049999999997 	 -0.0456817565421589 
	 7.7865000000000002 	 -0.0450613012572519 
	 7.7958949999999998 	 -0.0444498965559930 
	 7.8052899999999994 	 -0.0438474634667050 
	 7.8146849999999990 	 -0.0432538714106538 
	 7.8240799999999995 	 -0.0426689886549877 
	 7.8334750000000000 	 -0.0420926834668552 
	 7.8428699999999996 	 -0.0415248241134048 
	 7.8522649999999992 	 -0.0409652788897353 
	 7.8616600000000005 	 -0.0404139197922501 
	 7.8710550000000001 	 -0.0398706261782505 
	 7.8804499999999997 	 -0.0393352724047894 
	 7.8898449999999993 	 -0.0388077159958210 
	 7.8992399999999989 	 -0.0382878904535517 
	 7.9086350000000003 	 -0.0377759376638650 
	 7.9180299999999999 	 -0.0372714561888202 
	 7.9274249999999995 	 -0.0367738439742132 
	 7.9368200000000000 	 -0.0362826078584836 
	 7.9462149999999996 	 -0.0357982834166412 
	 7.9556100000000001 	 -0.0353218686238716 
	 7.9650049999999997 	 -0.0348528559988376 
	 7.9743999999999993 	 -0.0343905614419198 
	 7.9837949999999998 	 -0.0339350341803362 
	 7.9931900000000002 	 -0.0334861494712143 
	 8.0025849999999998 	 -0.0330437898038195 
	 8.0119799999999994 	 -0.0326078647518864 
	 8.0213749999999990 	 -0.0321782847849859 
	 8.0307700000000004 	 -0.0317549573794291 
	 8.0401650000000000 	 -0.0313377896203116 
	 8.0495599999999996 	 -0.0309266885927289 
	 8.0589549999999992 	 -0.0305215614481898 
	 8.0683500000000006 	 -0.0301223156439853 
	 8.0777450000000002 	 -0.0297288617142422 
	 8.0871399999999998 	 -0.0293411306325312 
	 8.0965349999999994 	 -0.0289590545399419 
	 8.1059300000000007 	 -0.0285824881730033 
	 8.1153250000000003 	 -0.0282112567250274 
	 8.1247199999999999 	 -0.0278454704857493 
	 8.1341149999999995 	 -0.0274854629384571 
	 8.1435099999999991 	 -0.0271310482769308 
	 8.1529050000000005 	 -0.0267814284927201 
	 8.1623000000000001 	 -0.0264362844162837 
	 8.1716949999999997 	 -0.0260964237365491 
	 8.1810899999999993 	 -0.0257624951866996 
	 8.1904849999999989 	 -0.0254333362901221 
	 8.1998800000000003 	 -0.0251079981332597 
	 8.2092749999999999 	 -0.0247871901733751 
	 8.2186699999999995 	 -0.0244715867246071 
	 8.2280649999999991 	 -0.0241598933124324 
	 8.2374600000000004 	 -0.0238517666630339 
	 8.2468550000000000 	 -0.0235557364607298 
	 8.2562499999999996 	 -0.0232604279786937 
	 8.2656449999999992 	 -0.0229655778825918 
	 8.2750399999999988 	 -0.0226769402071968 
	 8.2844350000000002 	 -0.0223920271354561 
	 8.2938299999999998 	 -0.0221104229212032 
	 8.3032249999999994 	 -0.0218330776265617 
	 8.3126200000000008 	 -0.0215596241790810 
	 8.3220150000000004 	 -0.0212897908799849 
	 8.3314100000000000 	 -0.0210236450599793 
	 8.3408049999999996 	 -0.0207612893810987 
	 8.3501999999999992 	 -0.0205028265049305 
	 8.3595950000000006 	 -0.0202483097086611 
	 8.3689900000000002 	 -0.0199976069467186 
	 8.3783849999999997 	 -0.0197505427099216 
	 8.3877800000000011 	 -0.0195069585279916 
	 8.3971750000000007 	 -0.0192668110879550 
	 8.4065700000000003 	 -0.0190301001477063 
	 8.4159649999999999 	 -0.0187967789637245 
	 8.4253599999999995 	 -0.0185667864094651 
	 8.4347550000000009 	 -0.0183400706911792 
	 8.4441500000000005 	 -0.0181165803910585 
	 8.4535450000000001 	 -0.0178962694765126 
	 8.4629399999999997 	 -0.0176790980834068 
	 8.4723350000000011 	 -0.0174650196341265 
	 8.4817300000000007 	 -0.0172539820577337 
	 8.4911250000000003 	 -0.0170459442058150 
	 8.5005199999999999 	 -0.0168408611709275 
	 8.5099149999999995 	 -0.0166386791265738 
	 8.5193100000000008 	 -0.0164393604347932 
	 8.5287050000000004 	 -0.0162428698206956 
	 8.5381000000000000 	 -0.0160491640477894 
	 8.5474949999999996 	 -0.0158581974014813 
	 8.5568900000000010 	 -0.0156699253982717 
	 8.5662850000000006 	 -0.0154843142125560 
	 8.5756800000000002 	 -0.0153013282847789 
	 8.5850749999999998 	 -0.0151209270850676 
	 8.5944700000000012 	 -0.0149430700176072 
	 8.6038650000000008 	 -0.0147677169129246 
	 8.6132600000000004 	 -0.0145948280556940 
	 8.6226550000000000 	 -0.0144243638990936 
	 8.6320499999999996 	 -0.0142562978456892 
	 8.6414450000000009 	 -0.0140906002234989 
	 8.6508400000000005 	 -0.0139272164868570 
	 8.6602350000000001 	 -0.0137661376096187 
	 8.6696299999999997 	 -0.0136073110728743 
	 8.6790249999999993 	 -0.0134507018885317 
	 8.6884200000000007 	 -0.0132962816861610 
	 8.6978150000000003 	 -0.0131440208130805 
	 8.7072099999999999 	 -0.0129938887960315 
	 8.7166049999999995 	 -0.0128458520046284 
	 8.7259999999999991 	 -0.0126998757724404 
	 8.7353950000000005 	 -0.0125559320376215 
	 8.7447900000000001 	 -0.0124139968451330 
	 8.7541850000000014 	 -0.0122740358295066 
	 8.7635800000000010 	 -0.0121360130893952 
	 8.7729750000000006 	 -0.0119999026596804 
	 8.7823700000000002 	 -0.0118656794824861 
	 8.7917649999999998 	 -0.0117333177282429 
	 8.8011599999999994 	 -0.0116027890545342 
	 8.8105549999999990 	 -0.0114740648266914 
	 8.8199500000000022 	 -0.0113471168830213 
	 8.8293450000000018 	 -0.0112219186474878 
	 8.8387400000000014 	 -0.0110984438759702 
	 8.8481349999999992 	 -0.0109766672022081 
	 8.8575299999999988 	 -0.0108565683124696 
	 8.8669249999999984 	 -0.0107381253126944 
	 8.8763199999999998 	 -0.0106213005098373 
	 8.8857149999999994 	 -0.0105060729172777 
	 8.8951099999999990 	 -0.0103924244503715 
	 8.9045050000000003 	 -0.0102803312789115 
	 8.9138999999999999 	 -0.0101697735642293 
	 8.9232949999999995 	 -0.0100607294097614 
	 8.9326899999999991 	 -0.0099531681356396 
	 8.9420850000000005 	 -0.0098470615972592 
	 8.9514800000000001 	 -0.0097424024113989 
	 8.9608749999999997 	 -0.0096391746694307 
	 8.9702699999999993 	 -0.0095373337499514 
	 8.9796649999999989 	 -0.0094368651319279 
	 8.9890599999999985 	 -0.0093378229830969 
	 8.9984549999999999 	 -0.0092400317081023 
	 9.0078499999999995 	 -0.0091434747446407 
	 9.0172449999999991 	 -0.0090488182962992 
	 9.0266400000000004 	 -0.0089517699952247 
	 9.0360350000000000 	 -0.0088567000524790 
	 9.0454299999999996 	 -0.0087660399104464 
	 9.0548249999999992 	 -0.0086760893899840 
	 9.0642199999999988 	 -0.0085866060563516 
	 9.0736149999999984 	 -0.0085007307923399 
	 9.0830099999999980 	 -0.0084185178244284 
	 9.0924050000000012 	 -0.0083356860956957 
	 9.1018000000000008 	 -0.0082509589409884 
	 9.1111950000000004 	 -0.0081676364834375 
	 9.1205900000000000 	 -0.0080856925173748 
	 9.1299849999999996 	 -0.0080046845746793 
	 9.1393799999999992 	 -0.0079246523835142 
	 9.1487749999999988 	 -0.0078457067665242 
	 9.1581699999999984 	 -0.0077678226802676 
	 9.1675649999999997 	 -0.0076909573404441 
	 9.1769600000000011 	 -0.0076150811122986 
	 9.1863550000000007 	 -0.0075402003149505 
	 9.1957500000000003 	 -0.0074663356479502 
	 9.2051449999999999 	 -0.0073934423791734 
	 9.2145399999999995 	 -0.0073214268499506 
	 9.2239349999999991 	 -0.0072502133055023 
	 9.2333299999999987 	 -0.0071803333168397 
	 9.2427250000000001 	 -0.0071101886104759 
	 9.2521200000000015 	 -0.0070377096610708 
	 9.2615150000000011 	 -0.0069672105124518 
	 9.2709100000000007 	 -0.0069009514290484 
	 9.2803050000000002 	 -0.0068356571539962 
	 9.2896999999999998 	 -0.0067707969087306 
	 9.2990949999999994 	 -0.0067065463424099 
	 9.3084899999999990 	 -0.0066430811041925 
	 9.3178849999999986 	 -0.0065805551891411 
	 9.3272800000000000 	 -0.0065189812972358 
	 9.3366749999999996 	 -0.0064583139732084 
	 9.3460700000000010 	 -0.0063984732730401 
	 9.3554650000000006 	 -0.0063391252799698 
	 9.3648600000000002 	 -0.0062798206033460 
	 9.3742549999999998 	 -0.0062211765794050 
	 9.3836499999999994 	 -0.0061639051544057 
	 9.3930450000000008 	 -0.0061076751753734 
	 9.4024400000000004 	 -0.0060520994127661 
	 9.4118350000000000 	 -0.0059970359580309 
	 9.4212299999999995 	 -0.0059426866726375 
	 9.4306249999999991 	 -0.0058890385507171 
	 9.4400200000000005 	 -0.0058360680966308 
	 9.4494150000000001 	 -0.0057837783718485 
	 9.4588099999999997 	 -0.0057321771824417 
	 9.4682049999999993 	 -0.0056812673787143 
	 9.4776000000000007 	 -0.0056310279876159 
	 9.4869950000000003 	 -0.0055814624035354 
	 9.4963899999999999 	 -0.0055325651052396 
	 9.5057849999999995 	 -0.0054843185935055 
	 9.5151799999999991 	 -0.0054367217971292 
	 9.5245749999999987 	 -0.0053897692087720 
	 9.5339700000000001 	 -0.0053434408442273 
	 9.5433650000000014 	 -0.0052977294743273 
	 9.5527600000000010 	 -0.0052526274223441 
	 9.5621550000000006 	 -0.0052081110655812 
	 9.5715500000000002 	 -0.0051641671088798 
	 9.5809449999999998 	 -0.0051207805016269 
	 9.5903399999999994 	 -0.0050779366659438 
	 9.5997349999999990 	 -0.0050356235656132 
	 9.6091299999999986 	 -0.0049938296334926 
	 9.6185250000000000 	 -0.0049525433743686 
	 9.6279200000000014 	 -0.0049117536734007 
	 9.6373150000000010 	 -0.0048714495410159 
	 9.6467100000000006 	 -0.0048316208534904 
	 9.6561050000000002 	 -0.0047922659946826 
	 9.6654999999999998 	 -0.0047533864698659 
	 9.6748949999999994 	 -0.0047149585440165 
	 9.6842899999999990 	 -0.0046769738112147 
	 9.6936850000000003 	 -0.0046394403223779 
	 9.7030800000000017 	 -0.0046023467171174 
	 9.7124750000000013 	 -0.0045656806080440 
	 9.7218700000000009 	 -0.0045294373766521 
	 9.7312650000000005 	 -0.0044936211740751 
	 9.7406600000000001 	 -0.0044582247255604 
	 9.7500549999999997 	 -0.0044232414786059 
	 9.7594499999999993 	 -0.0043886697098749 
	 9.7688449999999989 	 -0.0043544965623787 
	 9.7782400000000003 	 -0.0043207116074216 
	 9.7876350000000016 	 -0.0042873300660959 
	 9.7970300000000012 	 -0.0042543316443605 
	 9.8064250000000008 	 -0.0042216756770888 
	 9.8158200000000004 	 -0.0041893264940419 
	 9.8252150000000000 	 -0.0041573188161539 
	 9.8346099999999996 	 -0.0041257357505030 
	 9.8440050000000010 	 -0.0040945873230192 
	 9.8534000000000006 	 -0.0040638081534628 
	 9.8627950000000002 	 -0.0040333628194617 
	 9.8721899999999998 	 -0.0040032638332793 
	 9.8815850000000012 	 -0.0039735181519610 
	 9.8909800000000008 	 -0.0039441138716561 
	 9.9003750000000004 	 -0.0039150400533312 
	 9.9097700000000000 	 -0.0038862953141981 
	 9.9191649999999996 	 -0.0038578800151625 
	 9.9285600000000009 	 -0.0038297926569566 
	 9.9379550000000005 	 -0.0038020231811901 
	 9.9473500000000001 	 -0.0037745658002675 
	 9.9567449999999997 	 -0.0037474175222388 
	 9.9661400000000011 	 -0.0037205744495956 
	 9.9755350000000007 	 -0.0036940355010777 
	 9.9849300000000003 	 -0.0036678010635845 
	 9.9943250000000017 	 -0.0036418550532386 
	 10.0037200000000013 	 -0.0036161941716641 
	 10.0131150000000009 	 -0.0035908296205187 
	 10.0225099999999987 	 -0.0035657509262990 
	 10.0319049999999983 	 -0.0035409460691239 
	 10.0412999999999979 	 -0.0035164115993895 
	 10.0506950000000010 	 -0.0034921558404569 
	 10.0600900000000006 	 -0.0034681704467781 
	 10.0694850000000002 	 -0.0034444472163277 
	 10.0788799999999998 	 -0.0034209886355443 
	 10.0882749999999994 	 -0.0033977902047637 
	 10.0976699999999990 	 -0.0033748452467570 
	 10.1070649999999986 	 -0.0033521522341470 
	 10.1164600000000000 	 -0.0033297081692730 
	 10.1258549999999996 	 -0.0033075081404917 
	 10.1352499999999992 	 -0.0032855481174901 
	 10.1446450000000006 	 -0.0032638267484852 
	 10.1540400000000002 	 -0.0032423430532068 
	 10.1634349999999998 	 -0.0032210945774289 
	 10.1728299999999994 	 -0.0032000787786999 
	 10.1822249999999990 	 -0.0031792916409819 
	 10.1916199999999986 	 -0.0031587319382272 
	 10.2010149999999999 	 -0.0031384053633564 
	 10.2104099999999995 	 -0.0031183101690583 
	 10.2198049999999991 	 -0.0030984433177382 
	 10.2291999999999987 	 -0.0030788017718013 
	 10.2385950000000001 	 -0.0030593824936530 
	 10.2479899999999997 	 -0.0030401824456985 
	 10.2573849999999993 	 -0.0030211985903432 
	 10.2667800000000007 	 -0.0030024278899921 
	 10.2761750000000003 	 -0.0029838673070508 
	 10.2855699999999999 	 -0.0029655138039243 
	 10.2949649999999995 	 -0.0029473643430181 
	 10.3043599999999991 	 -0.0029294158867373 
	 10.3137550000000005 	 -0.0029116653974872 
	 10.3231500000000000 	 -0.0028941098376732 
	 10.3325449999999996 	 -0.0028767461697005 
	 10.3419399999999992 	 -0.0028595713559743 
	 10.3513350000000006 	 -0.0028425823589000 
	 10.3607300000000002 	 -0.0028257761408829 
	 10.3701249999999998 	 -0.0028091496643281 
	 10.3795199999999994 	 -0.0027926998916410 
	 10.3889149999999990 	 -0.0027764237852268 
	 10.3983099999999986 	 -0.0027603183074909 
	 10.4077050000000000 	 -0.0027443804208384 
	 10.4171000000000014 	 -0.0027286070876748 
	 10.4264950000000010 	 -0.0027129952704051 
	 10.4358900000000006 	 -0.0026975419314348 
	 10.4452850000000002 	 -0.0026822440331691 
	 10.4546799999999998 	 -0.0026670985380133 
	 10.4640749999999993 	 -0.0026521024083727 
	 10.4734699999999989 	 -0.0026372526066524 
	 10.4828649999999985 	 -0.0026225460952579 
	 10.4922599999999981 	 -0.0026079798365943 
	 10.5016550000000013 	 -0.0025935507944070 
	 10.5110500000000009 	 -0.0025792563259245 
	 10.5204450000000005 	 -0.0025650947272951 
	 10.5298400000000001 	 -0.0025510644317357 
	 10.5392349999999997 	 -0.0025371638724634 
	 10.5486299999999993 	 -0.0025233914826951 
	 10.5580249999999989 	 -0.0025097456956478 
	 10.5674200000000003 	 -0.0024962249445385 
	 10.5768149999999999 	 -0.0024828276625841 
	 10.5862100000000012 	 -0.0024695522830018 
	 10.5956050000000008 	 -0.0024563972390084 
	 10.6050000000000004 	 -0.0024433609877755 
	 10.6143949999999982 	 -0.0024304424622851 
	 10.6237899999999996 	 -0.0024176410329850 
	 10.6331849999999992 	 -0.0024049560865922 
	 10.6425799999999988 	 -0.0023923870098234 
	 10.6519749999999984 	 -0.0023799331893955 
	 10.6613699999999998 	 -0.0023675940120252 
	 10.6707649999999994 	 -0.0023553688644294 
	 10.6801600000000008 	 -0.0023432571333249 
	 10.6895550000000004 	 -0.0023312582054285 
	 10.6989500000000000 	 -0.0023193714674570 
	 10.7083449999999996 	 -0.0023075962960127 
	 10.7177400000000009 	 -0.0022959320109863 
	 10.7271349999999988 	 -0.0022843779125161 
	 10.7365300000000001 	 -0.0022729333007200 
	 10.7459249999999980 	 -0.0022615974757161 
	 10.7553199999999993 	 -0.0022503697376222 
	 10.7647149999999989 	 -0.0022392493865565 
	 10.7741100000000003 	 -0.0022282357226369 
	 10.7835049999999999 	 -0.0022173280459813 
	 10.7928999999999995 	 -0.0022065256567079 
	 10.8022949999999991 	 -0.0021958278549345 
	 10.8116900000000005 	 -0.0021852339407792 
	 10.8210849999999983 	 -0.0021747432143600 
	 10.8304799999999997 	 -0.0021643549757949 
	 10.8398749999999993 	 -0.0021540685252018 
	 10.8492700000000006 	 -0.0021438831626987 
	 10.8586650000000002 	 -0.0021337981884037 
	 10.8680600000000016 	 -0.0021238129024347 
	 10.8774549999999994 	 -0.0021139266049098 
	 10.8868500000000008 	 -0.0021041385959469 
	 10.8962449999999986 	 -0.0020944481756640 
	 10.9056400000000000 	 -0.0020848546441791 
	 10.9150349999999978 	 -0.0020753573016102 
	 10.9244299999999992 	 -0.0020659554480753 
	 10.9338249999999988 	 -0.0020566483836923 
	 10.9432200000000002 	 -0.0020474354085794 
	 10.9526149999999998 	 -0.0020383158228544 
	 10.9620100000000011 	 -0.0020292889266354 
	 10.9714049999999990 	 -0.0020203540200404 
	 10.9808000000000003 	 -0.0020115104031873 
	 10.9901949999999999 	 -0.0020027573761941 
	 10.9995899999999995 	 -0.0019940942391789 
	 11.0089849999999991 	 -0.0019855201288755 
	 11.0183800000000005 	 -0.0019770334369592 
	 11.0277750000000001 	 -0.0019686323428435 
	 11.0371700000000015 	 -0.0019603150259267 
	 11.0465649999999993 	 -0.0019520796656068 
	 11.0559600000000007 	 -0.0019439244412819 
	 11.0653549999999985 	 -0.0019358475323503 
	 11.0747499999999999 	 -0.0019278471182100 
	 11.0841449999999995 	 -0.0019199213782592 
	 11.0935399999999991 	 -0.0019120684918960 
	 11.1029349999999987 	 -0.0019042866447398 
	 11.1123300000000000 	 -0.0018965744587836 
	 11.1217249999999996 	 -0.0018889312714144 
	 11.1311200000000010 	 -0.0018813564863558 
	 11.1405150000000006 	 -0.0018738495073314 
	 11.1499100000000002 	 -0.0018664097380648 
	 11.1593049999999998 	 -0.0018590365822797 
	 11.1687000000000012 	 -0.0018517294436995 
	 11.1780949999999990 	 -0.0018444877260479 
	 11.1874900000000004 	 -0.0018373108330485 
	 11.1968849999999982 	 -0.0018301981684250 
	 11.2062799999999996 	 -0.0018231491359008 
	 11.2156749999999992 	 -0.0018161631391996 
	 11.2250700000000005 	 -0.0018092395820450 
	 11.2344650000000001 	 -0.0018023778681606 
	 11.2438599999999997 	 -0.0017955774012700 
	 11.2532549999999993 	 -0.0017888375850968 
	 11.2626500000000007 	 -0.0017821578233646 
	 11.2720449999999985 	 -0.0017755375197970 
	 11.2814399999999999 	 -0.0017689760781175 
	 11.2908350000000013 	 -0.0017624729020499 
	 11.3002300000000009 	 -0.0017560273953176 
	 11.3096250000000005 	 -0.0017496389616443 
	 11.3190200000000019 	 -0.0017433070047536 
	 11.3284149999999997 	 -0.0017370309283690 
	 11.3378100000000011 	 -0.0017308101362143 
	 11.3472049999999989 	 -0.0017246440320129 
	 11.3566000000000003 	 -0.0017185320194885 
	 11.3659949999999981 	 -0.0017124735023646 
	 11.3753899999999994 	 -0.0017064678843650 
	 11.3847850000000008 	 -0.0017005145692131 
	 11.3941800000000004 	 -0.0016946129606325 
	 11.4035750000000000 	 -0.0016887624637238 
	 11.4129700000000014 	 -0.0016829625438242 
	 11.4223649999999992 	 -0.0016772127486442 
	 11.4317600000000006 	 -0.0016715126318340 
	 11.4411550000000002 	 -0.0016658617470443 
	 11.4505499999999998 	 -0.0016602596479255 
	 11.4599449999999994 	 -0.0016547058881280 
	 11.4693400000000025 	 -0.0016492000213024 
	 11.4787350000000004 	 -0.0016437416010991 
	 11.4881300000000017 	 -0.0016383301811686 
	 11.4975249999999996 	 -0.0016329653151614 
	 11.5069200000000009 	 -0.0016276465360446 
	 11.5163149999999987 	 -0.0016223731884596 
	 11.5257100000000001 	 -0.0016171445164441 
	 11.5351049999999997 	 -0.0016119597630892 
	 11.5444999999999993 	 -0.0016068181714862 
	 11.5538950000000007 	 -0.0016017189847264 
	 11.5632900000000021 	 -0.0015966614459011 
	 11.5726849999999999 	 -0.0015916447981015 
	 11.5820800000000013 	 -0.0015866682844190 
	 11.5914750000000009 	 -0.0015817311479446 
	 11.6008700000000005 	 -0.0015768326319690 
	 11.6102650000000001 	 -0.0015719723060465 
	 11.6196600000000014 	 -0.0015671507304292 
	 11.6290549999999993 	 -0.0015623686527109 
	 11.6384500000000006 	 -0.0015576268204855 
	 11.6478450000000002 	 -0.0015529259813467 
	 11.6572400000000016 	 -0.0015482668828884 
	 11.6666349999999994 	 -0.0015436502727043 
	 11.6760300000000008 	 -0.0015390768983883 
	 11.6854250000000004 	 -0.0015345475075342 
	 11.6948200000000000 	 -0.0015300628477357 
	 11.7042149999999996 	 -0.0015256236387271 
	 11.7136100000000010 	 -0.0015212297737780 
	 11.7230049999999988 	 -0.0015168802011123 
	 11.7324000000000002 	 -0.0015125738172437 
	 11.7417950000000015 	 -0.0015083095186861 
	 11.7511900000000011 	 -0.0015040862019534 
	 11.7605850000000007 	 -0.0014999027635595 
	 11.7699800000000021 	 -0.0014957581000183 
	 11.7793749999999999 	 -0.0014916511078435 
	 11.7887699999999978 	 -0.0014875806835491 
	 11.7981649999999991 	 -0.0014835457236489 
	 11.8075599999999987 	 -0.0014795451246569 
	 11.8169549999999983 	 -0.0014755777830868 
	 11.8263499999999997 	 -0.0014716425954526 
	 11.8357450000000011 	 -0.0014677384582680 
	 11.8451399999999989 	 -0.0014638642680471 
	 11.8545350000000003 	 -0.0014600189213035 
	 11.8639299999999999 	 -0.0014562013145514 
	 11.8733249999999995 	 -0.0014524103443043 
	 11.8827199999999991 	 -0.0014486449070764 
	 11.8921150000000004 	 -0.0014449038993813 
	 11.9015099999999983 	 -0.0014411862183583 
	 11.9109049999999996 	 -0.0014374909941422 
	 11.9202999999999992 	 -0.0014338179377661 
	 11.9296950000000006 	 -0.0014301668492881 
	 11.9390899999999984 	 -0.0014265375287666 
	 11.9484849999999998 	 -0.0014229297762598 
	 11.9578799999999994 	 -0.0014193433918260 
	 11.9672749999999990 	 -0.0014157781755232 
	 11.9766699999999986 	 -0.0014122339274099 
	 11.9860650000000000 	 -0.0014087104475442 
	 11.9954599999999978 	 -0.0014052075359843 
	 12.0048550000000009 	 -0.0014017249927886 
	 12.0142500000000005 	 -0.0013982626180152 
	 12.0236450000000001 	 -0.0013948202117224 
	 12.0330399999999997 	 -0.0013913975739684 
	 12.0424350000000011 	 -0.0013879945048114 
	 12.0518299999999989 	 -0.0013846108043098 
	 12.0612250000000003 	 -0.0013812462725217 
	 12.0706199999999981 	 -0.0013779007095053 
	 12.0800149999999995 	 -0.0013745739153190 
	 12.0894099999999991 	 -0.0013712656900209 
	 12.0988050000000005 	 -0.0013679758336692 
	 12.1082000000000001 	 -0.0013647042781980 
	 12.1175949999999997 	 -0.0013614517308779 
	 12.1269899999999993 	 -0.0013582191814075 
	 12.1363850000000006 	 -0.0013550076198937 
	 12.1457799999999985 	 -0.0013518180364434 
	 12.1551749999999998 	 -0.0013486514211633 
	 12.1645699999999994 	 -0.0013455087641603 
	 12.1739649999999990 	 -0.0013423910555412 
	 12.1833600000000004 	 -0.0013392992854129 
	 12.1927550000000018 	 -0.0013362344438821 
	 12.2021499999999996 	 -0.0013331975175640 
	 12.2115450000000010 	 -0.0013301889663971 
	 12.2209399999999988 	 -0.0013272081659818 
	 12.2303350000000002 	 -0.0013242543583067 
	 12.2397299999999980 	 -0.0013213267853605 
	 12.2491249999999994 	 -0.0013184246891318 
	 12.2585199999999990 	 -0.0013155473116093 
	 12.2679150000000003 	 -0.0013126938947817 
	 12.2773099999999999 	 -0.0013098636806376 
	 12.2867050000000013 	 -0.0013070559111656 
	 12.2960999999999991 	 -0.0013042698283545 
	 12.3054950000000005 	 -0.0013015046741928 
	 12.3148900000000001 	 -0.0012987596906693 
	 12.3242849999999997 	 -0.0012960341197726 
	 12.3336799999999993 	 -0.0012933272034914 
	 12.3430750000000007 	 -0.0012906381838143 
	 12.3524700000000003 	 -0.0012879663027299 
	 12.3618650000000017 	 -0.0012853108022270 
	 12.3712599999999995 	 -0.0012826709242942 
	 12.3806550000000009 	 -0.0012800459109201 
	 12.3900499999999987 	 -0.0012774350040934 
	 12.3994450000000001 	 -0.0012748374458028 
	 12.4088399999999996 	 -0.0012722527044894 
	 12.4182349999999992 	 -0.0012696813304237 
	 12.4276299999999988 	 -0.0012671241965678 
	 12.4370250000000002 	 -0.0012645821759403 
	 12.4464199999999998 	 -0.0012620561415592 
	 12.4558150000000012 	 -0.0012595469664431 
	 12.4652100000000008 	 -0.0012570555236101 
	 12.4746050000000004 	 -0.0012545826860786 
	 12.4840000000000000 	 -0.0012521293268668 
	 12.4933950000000014 	 -0.0012496963189932 
	 12.5027899999999992 	 -0.0012472845306582 
	 12.5121850000000006 	 -0.0012448944479937 
	 12.5215799999999984 	 -0.0012425259041745 
	 12.5309750000000015 	 -0.0012401786684526 
	 12.5403699999999994 	 -0.0012378525100802 
	 12.5497650000000007 	 -0.0012355471983091 
	 12.5591600000000003 	 -0.0012332625023917 
	 12.5685549999999999 	 -0.0012309981915799 
	 12.5779499999999995 	 -0.0012287540351258 
	 12.5873450000000009 	 -0.0012265298022815 
	 12.5967399999999987 	 -0.0012243252622991 
	 12.6061350000000001 	 -0.0012221401844307 
	 12.6155299999999997 	 -0.0012199743379283 
	 12.6249250000000011 	 -0.0012178274920441 
	 12.6343200000000007 	 -0.0012156994160301 
	 12.6437150000000020 	 -0.0012135898791384 
	 12.6531099999999999 	 -0.0012114986506211 
	 12.6625050000000012 	 -0.0012094254997302 
	 12.6718999999999991 	 -0.0012073701957179 
	 12.6812950000000004 	 -0.0012053325078363 
	 12.6906899999999982 	 -0.0012033122053373 
	 12.7000849999999996 	 -0.0012013090574732 
	 12.7094800000000010 	 -0.0011993228334959 
	 12.7188750000000006 	 -0.0011973533026576 
	 12.7282700000000002 	 -0.0011954002342104 
	 12.7376650000000016 	 -0.0011934633974062 
	 12.7470599999999994 	 -0.0011915425614973 
	 12.7564550000000008 	 -0.0011896374957357 
	 12.7658500000000004 	 -0.0011877479693735 
	 12.7752450000000000 	 -0.0011858737516627 
	 12.7846399999999996 	 -0.0011840146118555 
	 12.7940350000000009 	 -0.0011821703192038 
	 12.8034300000000005 	 -0.0011803406355618 
	 12.8128250000000019 	 -0.0011785249656435 
	 12.8222199999999997 	 -0.0011767222054328 
	 12.8316150000000011 	 -0.0011749312120031 
	 12.8410099999999989 	 -0.0011731508424275 
	 12.8504050000000003 	 -0.0011713799537794 
	 12.8597999999999999 	 -0.0011696174031320 
	 12.8691949999999995 	 -0.0011678620475586 
	 12.8785899999999991 	 -0.0011661127441324 
	 12.8879850000000022 	 -0.0011643683499267 
	 12.8973800000000001 	 -0.0011626277220147 
	 12.9067750000000014 	 -0.0011608897174697 
	 12.9161700000000010 	 -0.0011591531933650 
	 12.9255650000000006 	 -0.0011574170067738 
	 12.9349600000000002 	 -0.0011556800147693 
	 12.9443550000000016 	 -0.0011539410744249 
	 12.9537499999999994 	 -0.0011521990428137 
	 12.9631449999999973 	 -0.0011504527770091 
	 12.9725400000000004 	 -0.0011487011340843 
	 12.9819350000000000 	 -0.0011469429711126 
	 12.9913299999999996 	 -0.0011451771451671 
	 13.0007249999999992 	 -0.0011434025134489 
	 13.0101200000000006 	 -0.0011416182799276 
	 13.0195149999999984 	 -0.0011398247504724 
	 13.0289099999999998 	 -0.0011380224493235 
	 13.0383049999999994 	 -0.0011362119007211 
	 13.0476999999999990 	 -0.0011343936289054 
	 13.0570950000000003 	 -0.0011325681581165 
	 13.0664900000000017 	 -0.0011307360125946 
	 13.0758849999999995 	 -0.0011288977165800 
	 13.0852800000000009 	 -0.0011270537943127 
	 13.0946749999999987 	 -0.0011252047700331 
	 13.1040700000000001 	 -0.0011233511679811 
	 13.1134649999999979 	 -0.0011214935123972 
	 13.1228599999999993 	 -0.0011196323275213 
	 13.1322549999999989 	 -0.0011177681375937 
	 13.1416499999999985 	 -0.0011159014668546 
	 13.1510449999999999 	 -0.0011140328395442 
	 13.1604400000000012 	 -0.0011121627799026 
	 13.1698349999999991 	 -0.0011102918121701 
	 13.1792300000000004 	 -0.0011084204605867 
	 13.1886250000000000 	 -0.0011065492493927 
	 13.1980199999999996 	 -0.0011046787028283 
	 13.2074149999999992 	 -0.0011028093451337 
	 13.2168100000000006 	 -0.0011009417005489 
	 13.2262049999999984 	 -0.0010990762933143 
	 13.2356000000000016 	 -0.0010972136476700 
	 13.2449949999999994 	 -0.0010953542878561 
	 13.2543900000000008 	 -0.0010934987381129 
	 13.2637849999999986 	 -0.0010916475226806 
	 13.2731800000000000 	 -0.0010898011657992 
	 13.2825749999999996 	 -0.0010879601917091 
	 13.2919699999999992 	 -0.0010861251246503 
	 13.3013649999999988 	 -0.0010842964885709 
	 13.3107600000000001 	 -0.0010824746654986 
	 13.3201549999999980 	 -0.0010806596676527 
	 13.3295500000000011 	 -0.0010788514477805 
	 13.3389450000000007 	 -0.0010770499586288 
	 13.3483400000000003 	 -0.0010752551529448 
	 13.3577349999999999 	 -0.0010734669834755 
	 13.3671300000000013 	 -0.0010716854029680 
	 13.3765249999999991 	 -0.0010699103641692 
	 13.3859200000000005 	 -0.0010681418198263 
	 13.3953149999999983 	 -0.0010663797226862 
	 13.4047099999999997 	 -0.0010646240250085 
	 13.4141049999999993 	 -0.0010628746679078 
	 13.4235000000000007 	 -0.0010611315813925 
	 13.4328950000000003 	 -0.0010593946949913 
	 13.4422899999999998 	 -0.0010576639382327 
	 13.4516849999999994 	 -0.0010559392406454 
	 13.4610800000000008 	 -0.0010542205317579 
	 13.4704749999999986 	 -0.0010525077410988 
	 13.4798700000000000 	 -0.0010508007981968 
	 13.4892649999999996 	 -0.0010490996325804 
	 13.4986599999999992 	 -0.0010474041737781 
	 13.5080550000000006 	 -0.0010457143513187 
	 13.5174500000000020 	 -0.0010440300947308 
	 13.5268449999999998 	 -0.0010423513335428 
	 13.5362400000000012 	 -0.0010406779972834 
	 13.5456349999999990 	 -0.0010390100154812 
	 13.5550300000000004 	 -0.0010373473176648 
	 13.5644249999999982 	 -0.0010356898333628 
	 13.5738199999999996 	 -0.0010340374921037 
	 13.5832149999999992 	 -0.0010323902234163 
	 13.5926100000000005 	 -0.0010307479568290 
	 13.6020050000000001 	 -0.0010291106218705 
	 13.6114000000000015 	 -0.0010274781480694 
	 13.6207949999999993 	 -0.0010258504649542 
	 13.6301900000000007 	 -0.0010242275020536 
	 13.6395850000000003 	 -0.0010226091888961 
	 13.6489799999999999 	 -0.0010209954550104 
	 13.6583749999999995 	 -0.0010193862299250 
	 13.6677700000000009 	 -0.0010177814431685 
	 13.6771649999999987 	 -0.0010161810242696 
	 13.6865600000000018 	 -0.0010145849027569 
	 13.6959549999999997 	 -0.0010129930081588 
	 13.7053500000000010 	 -0.0010114052687895 
	 13.7147449999999989 	 -0.0010098215923940 
	 13.7241400000000002 	 -0.0010082418695612 
	 13.7335349999999998 	 -0.0010066659903553 
	 13.7429299999999994 	 -0.0010050938448402 
	 13.7523249999999990 	 -0.0010035253230799 
	 13.7617200000000004 	 -0.0010019603151385 
	 13.7711150000000000 	 -0.0010003987110800 
	 13.7805100000000014 	 -0.0009988404009684 
	 13.7899050000000010 	 -0.0009972852748678 
	 13.7993000000000006 	 -0.0009957332228421 
	 13.8086950000000002 	 -0.0009941841608068 
	 13.8180900000000015 	 -0.0009926381340755 
	 13.8274849999999994 	 -0.0009910952283650 
	 13.8368800000000007 	 -0.0009895555294054 
	 13.8462749999999986 	 -0.0009880191229269 
	 13.8556699999999999 	 -0.0009864860946597 
	 13.8650649999999995 	 -0.0009849565303339 
	 13.8744600000000009 	 -0.0009834305156799 
	 13.8838550000000005 	 -0.0009819081364277 
	 13.8932500000000001 	 -0.0009803894783076 
	 13.9026449999999997 	 -0.0009788746270497 
	 13.9120400000000011 	 -0.0009773636683842 
	 13.9214349999999989 	 -0.0009758566880413 
	 13.9308300000000003 	 -0.0009743537717512 
	 13.9402249999999999 	 -0.0009728550052442 
	 13.9496200000000012 	 -0.0009713604742502 
	 13.9590150000000008 	 -0.0009698702644997 
	 13.9684100000000022 	 -0.0009683844617227 
	 13.9778050000000000 	 -0.0009669031516494 
	 13.9872000000000014 	 -0.0009654264200100 
	 13.9965949999999992 	 -0.0009639543525348 
	 14.0059900000000006 	 -0.0009624870255518 
	 14.0153849999999984 	 -0.0009610243936906 
	 14.0247799999999998 	 -0.0009595663267460 
	 14.0341750000000012 	 -0.0009581126927859 
	 14.0435700000000008 	 -0.0009566633598781 
	 14.0529650000000004 	 -0.0009552181960905 
	 14.0623600000000017 	 -0.0009537770694908 
	 14.0717549999999996 	 -0.0009523398481469 
	 14.0811500000000009 	 -0.0009509064001267 
	 14.0905450000000005 	 -0.0009494765934979 
	 14.0999400000000001 	 -0.0009480502963284 
	 14.1093349999999997 	 -0.0009466273766860 
	 14.1187300000000011 	 -0.0009452077026387 
	 14.1281250000000007 	 -0.0009437911422541 
	 14.1375199999999985 	 -0.0009423775636001 
	 14.1469149999999999 	 -0.0009409668347446 
	 14.1563099999999995 	 -0.0009395588237555 
	 14.1657049999999991 	 -0.0009381533987004 
	 14.1750999999999987 	 -0.0009367504276473 
	 14.1844950000000001 	 -0.0009353497786640 
	 14.1938899999999979 	 -0.0009339513198184 
	 14.2032849999999993 	 -0.0009325549191782 
	 14.2126800000000006 	 -0.0009311604448113 
	 14.2220750000000002 	 -0.0009297677647855 
	 14.2314699999999998 	 -0.0009283767471687 
	 14.2408650000000012 	 -0.0009269872600287 
	 14.2502599999999990 	 -0.0009255991714333 
	 14.2596550000000004 	 -0.0009242123494504 
	 14.2690499999999982 	 -0.0009228266621478 
	 14.2784449999999996 	 -0.0009214419775933 
	 14.2878399999999974 	 -0.0009200581638548 
	 14.2972350000000006 	 -0.0009186750890000 
	 14.3066300000000002 	 -0.0009172926342781 
	 14.3160249999999998 	 -0.0009159108143398 
	 14.3254199999999994 	 -0.0009145297213347 
	 14.3348150000000008 	 -0.0009131494483685 
	 14.3442099999999986 	 -0.0009117700885472 
	 14.3536049999999999 	 -0.0009103917349762 
	 14.3629999999999995 	 -0.0009090144807616 
	 14.3723949999999991 	 -0.0009076384190088 
	 14.3817899999999987 	 -0.0009062636428239 
	 14.3911850000000019 	 -0.0009048902453123 
	 14.4005799999999997 	 -0.0009035183195766 
	 14.4099750000000011 	 -0.0009021479413878 
	 14.4193699999999989 	 -0.0009007791288705 
	 14.4287650000000003 	 -0.0008994118881793 
	 14.4381599999999981 	 -0.0008980462254686 
	 14.4475549999999995 	 -0.0008966821468931 
	 14.4569499999999991 	 -0.0008953196586071 
	 14.4663449999999987 	 -0.0008939587667653 
	 14.4757400000000001 	 -0.0008925994775221 
	 14.4851350000000014 	 -0.0008912417970321 
	 14.4945299999999992 	 -0.0008898857314498 
	 14.5039250000000006 	 -0.0008885312867444 
	 14.5133200000000002 	 -0.0008871784623901 
	 14.5227149999999998 	 -0.0008858272498080 
	 14.5321099999999994 	 -0.0008844776399181 
	 14.5415050000000008 	 -0.0008831296236406 
	 14.5508999999999986 	 -0.0008817831918956 
	 14.5602950000000000 	 -0.0008804383356030 
	 14.5696899999999996 	 -0.0008790950456830 
	 14.5790850000000010 	 -0.0008777533130557 
	 14.5884799999999988 	 -0.0008764131286412 
	 14.5978750000000002 	 -0.0008750744833594 
	 14.6072699999999998 	 -0.0008737373681306 
	 14.6166649999999994 	 -0.0008724017738748 
	 14.6260599999999990 	 -0.0008710676915120 
	 14.6354550000000003 	 -0.0008697351119623 
	 14.6448499999999981 	 -0.0008684040261458 
	 14.6542450000000013 	 -0.0008670744249827 
	 14.6636400000000009 	 -0.0008657462993929 
	 14.6730350000000005 	 -0.0008644196402965 
	 14.6824300000000001 	 -0.0008630944386137 
	 14.6918250000000015 	 -0.0008617706852645 
	 14.7012199999999993 	 -0.0008604483711682 
	 14.7106150000000007 	 -0.0008591274867639 
	 14.7200099999999985 	 -0.0008578080211825 
	 14.7294049999999999 	 -0.0008564899633338 
	 14.7387999999999995 	 -0.0008551733021280 
	 14.7481950000000008 	 -0.0008538580264751 
	 14.7575900000000004 	 -0.0008525441252851 
	 14.7669850000000000 	 -0.0008512315874681 
	 14.7763799999999996 	 -0.0008499204019341 
	 14.7857750000000010 	 -0.0008486105575931 
	 14.7951699999999988 	 -0.0008473020433551 
	 14.8045650000000002 	 -0.0008459948494554 
	 14.8139599999999998 	 -0.0008446889987227 
	 14.8233549999999994 	 -0.0008433845478013 
	 14.8327500000000008 	 -0.0008420815549047 
	 14.8421450000000021 	 -0.0008407800782469 
	 14.8515400000000000 	 -0.0008394801760413 
	 14.8609350000000013 	 -0.0008381819065017 
	 14.8703299999999992 	 -0.0008368853278419 
	 14.8797250000000005 	 -0.0008355904982754 
	 14.8891199999999984 	 -0.0008342974760159 
	 14.8985149999999997 	 -0.0008330063192772 
	 14.9079099999999993 	 -0.0008317170780282 
	 14.9173049999999989 	 -0.0008304297488868 
	 14.9267000000000003 	 -0.0008291443072336 
	 14.9360950000000017 	 -0.0008278607283950 
	 14.9454899999999995 	 -0.0008265789876972 
	 14.9548850000000009 	 -0.0008252990604664 
	 14.9642800000000005 	 -0.0008240209220288 
	 14.9736750000000001 	 -0.0008227445477106 
	 14.9830699999999997 	 -0.0008214699128382 
	 14.9924650000000010 	 -0.0008201969927376 
	 15.0018600000000006 	 -0.0008189257627352 
	 15.0112550000000020 	 -0.0008176561981572 
	 15.0206499999999998 	 -0.0008163882743297 
	 15.0300450000000012 	 -0.0008151219665791 
	 15.0394399999999990 	 -0.0008138572502316 
	 15.0488350000000004 	 -0.0008125941006133 
	 15.0582300000000000 	 -0.0008113324930505 
	 15.0676249999999996 	 -0.0008100724028695 
	 15.0770199999999992 	 -0.0008088138053964 
	 15.0864150000000006 	 -0.0008075566759576 
	 15.0958100000000002 	 -0.0008063009898791 
	 15.1052050000000015 	 -0.0008050467224873 
	 15.1146000000000011 	 -0.0008037938491084 
	 15.1239950000000007 	 -0.0008025423450686 
	 15.1333900000000003 	 -0.0008012921856941 
	 15.1427850000000017 	 -0.0008000433463112 
	 15.1521799999999995 	 -0.0007987958022461 
	 15.1615750000000009 	 -0.0007975495288250 
	 15.1709699999999987 	 -0.0007963045013742 
	 15.1803650000000001 	 -0.0007950606952198 
	 15.1897599999999997 	 -0.0007938180856881 
	 15.1991550000000011 	 -0.0007925766481054 
	 15.2085500000000007 	 -0.0007913363664980 
	 15.2179450000000003 	 -0.0007900972705294 
	 15.2273399999999999 	 -0.0007888594047757 
	 15.2367350000000012 	 -0.0007876228138213 
	 15.2461299999999991 	 -0.0007863875422506 
	 15.2555250000000004 	 -0.0007851536346481 
	 15.2649200000000000 	 -0.0007839211355982 
	 15.2743150000000014 	 -0.0007826900896854 
	 15.2837100000000010 	 -0.0007814605414942 
	 15.2931050000000024 	 -0.0007802325356088 
	 15.3025000000000002 	 -0.0007790061164986 
	 15.3118949999999980 	 -0.0007777813166801 
	 15.3212899999999994 	 -0.0007765581464565 
	 15.3306849999999990 	 -0.0007753366137138 
	 15.3400799999999986 	 -0.0007741167263375 
	 15.3494749999999982 	 -0.0007728984922135 
	 15.3588699999999996 	 -0.0007716819192274 
	 15.3682649999999992 	 -0.0007704670152649 
	 15.3776600000000006 	 -0.0007692537882118 
	 15.3870550000000001 	 -0.0007680422459538 
	 15.3964499999999997 	 -0.0007668323963766 
	 15.4058449999999993 	 -0.0007656242473659 
	 15.4152400000000007 	 -0.0007644178068074 
	 15.4246349999999985 	 -0.0007632130825869 
	 15.4340299999999999 	 -0.0007620100825900 
	 15.4434249999999977 	 -0.0007608088147025 
	 15.4528200000000009 	 -0.0007596092868102 
	 15.4622149999999987 	 -0.0007584115067986 
	 15.4716100000000001 	 -0.0007572154825536 
	 15.4810049999999997 	 -0.0007560212219608 
	 15.4903999999999993 	 -0.0007548287329060 
	 15.4997949999999989 	 -0.0007536380232749 
	 15.5091900000000003 	 -0.0007524491009532 
	 15.5185849999999981 	 -0.0007512619738266 
	 15.5279799999999994 	 -0.0007500766497809 
	 15.5373750000000008 	 -0.0007488931367017 
	 15.5467700000000004 	 -0.0007477114424747 
	 15.5561650000000000 	 -0.0007465315749858 
	 15.5655600000000014 	 -0.0007453535421206 
	 15.5749549999999992 	 -0.0007441773517648 
	 15.5843500000000006 	 -0.0007430030118041 
	 15.5937449999999984 	 -0.0007418305301243 
	 15.6031399999999998 	 -0.0007406599145408 
	 15.6125349999999976 	 -0.0007394911686838 
	 15.6219299999999990 	 -0.0007383242897112 
	 15.6313250000000004 	 -0.0007371592742260 
	 15.6407200000000000 	 -0.0007359961188313 
	 15.6501149999999996 	 -0.0007348348201299 
	 15.6595100000000009 	 -0.0007336753747251 
	 15.6689049999999988 	 -0.0007325177792197 
	 15.6783000000000001 	 -0.0007313620302168 
	 15.6876949999999997 	 -0.0007302081243194 
	 15.6970899999999993 	 -0.0007290560581305 
	 15.7064849999999989 	 -0.0007279058282531 
	 15.7158800000000021 	 -0.0007267574312903 
	 15.7252749999999999 	 -0.0007256108638451 
	 15.7346700000000013 	 -0.0007244661225204 
	 15.7440649999999991 	 -0.0007233232039194 
	 15.7534600000000005 	 -0.0007221821046449 
	 15.7628549999999983 	 -0.0007210428213001 
	 15.7722499999999997 	 -0.0007199053504879 
	 15.7816449999999993 	 -0.0007187696888114 
	 15.7910399999999989 	 -0.0007176358328735 
	 15.8004350000000002 	 -0.0007165037792780 
	 15.8098300000000016 	 -0.0007153735327495 
	 15.8192249999999994 	 -0.0007142451262921 
	 15.8286200000000008 	 -0.0007131185990620 
	 15.8380150000000004 	 -0.0007119939902154 
	 15.8474100000000000 	 -0.0007108713389084 
	 15.8568049999999996 	 -0.0007097506842973 
	 15.8662000000000010 	 -0.0007086320655381 
	 15.8755949999999988 	 -0.0007075155217871 
	 15.8849900000000002 	 -0.0007064010922004 
	 15.8943849999999998 	 -0.0007052888159343 
	 15.9037800000000011 	 -0.0007041787309580 
	 15.9131749999999990 	 -0.0007030708297342 
	 15.9225700000000003 	 -0.0007019650459741 
	 15.9319649999999999 	 -0.0007008613094985 
	 15.9413599999999995 	 -0.0006997595501283 
	 15.9507549999999991 	 -0.0006986596976844 
	 15.9601500000000005 	 -0.0006975616819877 
	 15.9695449999999983 	 -0.0006964654328592 
	 15.9789400000000015 	 -0.0006953708801198 
	 15.9883350000000011 	 -0.0006942779535902 
	 15.9977300000000007 	 -0.0006931865830915 
	 16.0071249999999985 	 -0.0006920967173307 
	 16.0165199999999999 	 -0.0006910084648768 
	 16.0259150000000012 	 -0.0006899220147344 
	 16.0353100000000026 	 -0.0006888375565191 
	 16.0447050000000004 	 -0.0006877552798461 
	 16.0541000000000018 	 -0.0006866753743310 
	 16.0634949999999996 	 -0.0006855980295891 
	 16.0728900000000010 	 -0.0006845234352358 
	 16.0822849999999988 	 -0.0006834517808866 
	 16.0916800000000002 	 -0.0006823832561569 
	 16.1010749999999980 	 -0.0006813180505484 
	 16.1104699999999994 	 -0.0006802562489902 
	 16.1198650000000008 	 -0.0006791976384934 
	 16.1292600000000022 	 -0.0006781419533667 
	 16.1386550000000000 	 -0.0006770889279186 
	 16.1480500000000013 	 -0.0006760382964577 
	 16.1574449999999992 	 -0.0006749897932925 
	 16.1668400000000005 	 -0.0006739431527316 
	 16.1762349999999984 	 -0.0006728981090835 
	 16.1856299999999997 	 -0.0006718543966569 
	 16.1950249999999976 	 -0.0006708117497602 
	 16.2044200000000025 	 -0.0006697699027020 
	 16.2138150000000003 	 -0.0006687285897909 
	 16.2232100000000017 	 -0.0006676875453355 
	 16.2326049999999995 	 -0.0006666465036442 
	 16.2420000000000009 	 -0.0006656051990257 
	 16.2513949999999987 	 -0.0006645633657885 
	 16.2607900000000001 	 -0.0006635207382413 
	 16.2701850000000015 	 -0.0006624770506924 
	 16.2795799999999993 	 -0.0006614320374505 
	 16.2889750000000006 	 -0.0006603854328242 
	 16.2983700000000020 	 -0.0006593369711221 
	 16.3077649999999998 	 -0.0006582864981798 
	 16.3171600000000012 	 -0.0006572346173970 
	 16.3265549999999990 	 -0.0006561822472684 
	 16.3359500000000004 	 -0.0006551303073204 
	 16.3453449999999982 	 -0.0006540797170793 
	 16.3547399999999996 	 -0.0006530313960716 
	 16.3641349999999974 	 -0.0006519862638235 
	 16.3735299999999988 	 -0.0006509452398615 
	 16.3829250000000002 	 -0.0006499092437118 
	 16.3923200000000016 	 -0.0006488791949010 
	 16.4017150000000029 	 -0.0006478560129552 
	 16.4111100000000008 	 -0.0006468406174010 
	 16.4205050000000021 	 -0.0006458339277646 
	 16.4299000000000035 	 -0.0006448368635725 
	 16.4392950000000013 	 -0.0006438503443509 
	 16.4486900000000027 	 -0.0006428752896263 
	 16.4580850000000005 	 -0.0006419126189251 
	 16.4674800000000019 	 -0.0006409632517735 
	 16.4768749999999997 	 -0.0006400281076979 
	 16.4862699999999975 	 -0.0006391081062248 
	 16.4956649999999989 	 -0.0006382041668805 
	 16.5050599999999967 	 -0.0006373171334683 
	 16.5144549999999981 	 -0.0006364463873356 
	 16.5238499999999959 	 -0.0006355899874680 
	 16.5332449999999973 	 -0.0006347459452361 
	 16.5426399999999987 	 -0.0006339122720108 
	 16.5520349999999965 	 -0.0006330869791627 
	 16.5614300000000014 	 -0.0006322680780626 
	 16.5708250000000028 	 -0.0006314535800810 
	 16.5802200000000006 	 -0.0006306414965889 
	 16.5896150000000020 	 -0.0006298298389568 
	 16.5990099999999998 	 -0.0006290166185555 
	 16.6084050000000012 	 -0.0006281998467557 
	 16.6177999999999990 	 -0.0006273775349281 
	 16.6271950000000004 	 -0.0006265476944434 
	 16.6365899999999982 	 -0.0006257083366723 
	 16.6459849999999996 	 -0.0006248574729855 
	 16.6553799999999974 	 -0.0006239931147539 
	 16.6647749999999988 	 -0.0006231132733479 
	 16.6741700000000002 	 -0.0006222159601385 
	 16.6835649999999980 	 -0.0006212991864962 
	 16.6929599999999994 	 -0.0006203609637918 
	 16.7023550000000007 	 -0.0006193993033961 
	 16.7117499999999986 	 -0.0006184122166796 
	 16.7211449999999999 	 -0.0006173977150132 
	 16.7305400000000013 	 -0.0006163538097675 
	 16.7399350000000027 	 -0.0006152785123133 
	 16.7493300000000005 	 -0.0006141698340212 
	 16.7587250000000019 	 -0.0006130257862620 
	 16.7681199999999997 	 -0.0006118443804064 
	 16.7775150000000011 	 -0.0006106236278251 
	 16.7869099999999989 	 -0.0006093615398888 
	 16.7963050000000003 	 -0.0006080561279682 
	 16.8056999999999981 	 -0.0006067059333357 
	 16.8150949999999995 	 -0.0006053172193547 
	 16.8244899999999973 	 -0.0006039020898433 
	 16.8338849999999987 	 -0.0006024727929683 
	 16.8432800000000000 	 -0.0006010415768968 
	 16.8526749999999979 	 -0.0005996206897959 
	 16.8620699999999992 	 -0.0005982223798324 
	 16.8714650000000006 	 -0.0005968588951733 
	 16.8808599999999984 	 -0.0005955424839857 
	 16.8902549999999998 	 -0.0005942853944366 
	 16.8996499999999976 	 -0.0005930998746929 
	 16.9090450000000025 	 -0.0005919948951252 
	 16.9184400000000004 	 -0.0005909647632523 
	 16.9278350000000017 	 -0.0005899996881275 
	 16.9372299999999996 	 -0.0005890898786139 
	 16.9466250000000009 	 -0.0005882255435749 
	 16.9560199999999988 	 -0.0005873968918736 
	 16.9654150000000001 	 -0.0005865941323733 
	 16.9748100000000015 	 -0.0005858074739372 
	 16.9842049999999993 	 -0.0005850271254286 
	 16.9936000000000007 	 -0.0005842432957108 
	 17.0029950000000021 	 -0.0005834462608466 
	 17.0123899999999999 	 -0.0005826307857320 
	 17.0217850000000013 	 -0.0005817988691893 
	 17.0311799999999991 	 -0.0005809531657584 
	 17.0405750000000005 	 -0.0005800963299791 
	 17.0499699999999983 	 -0.0005792310163912 
	 17.0593649999999997 	 -0.0005783598795348 
	 17.0687599999999975 	 -0.0005774855739495 
	 17.0781549999999989 	 -0.0005766107541753 
	 17.0875500000000002 	 -0.0005757380747521 
	 17.0969450000000016 	 -0.0005748701902197 
	 17.1063399999999994 	 -0.0005740095807821 
	 17.1157350000000008 	 -0.0005731567588504 
	 17.1251299999999986 	 -0.0005723109946953 
	 17.1345250000000000 	 -0.0005714715390817 
	 17.1439200000000014 	 -0.0005706376427748 
	 17.1533149999999992 	 -0.0005698085565398 
	 17.1627100000000006 	 -0.0005689835311417 
	 17.1721050000000020 	 -0.0005681618173457 
	 17.1814999999999998 	 -0.0005673426659169 
	 17.1908950000000011 	 -0.0005665253276205 
	 17.2002899999999990 	 -0.0005657090532260 
	 17.2096850000000003 	 -0.0005648932647265 
	 17.2190799999999982 	 -0.0005640780084948 
	 17.2284749999999995 	 -0.0005632634731859 
	 17.2378699999999974 	 -0.0005624498474548 
	 17.2472649999999987 	 -0.0005616373199564 
	 17.2566599999999966 	 -0.0005608260793457 
	 17.2660550000000015 	 -0.0005600163142777 
	 17.2754500000000029 	 -0.0005592082134073 
	 17.2848450000000007 	 -0.0005584019653894 
	 17.2942400000000021 	 -0.0005575977588792 
	 17.3036350000000034 	 -0.0005567957805574 
	 17.3130300000000013 	 -0.0005559961340767 
	 17.3224250000000026 	 -0.0005551988114486 
	 17.3318200000000004 	 -0.0005544037968299 
	 17.3412150000000018 	 -0.0005536110743777 
	 17.3506099999999996 	 -0.0005528206282488 
	 17.3600050000000010 	 -0.0005520324426002 
	 17.3693999999999988 	 -0.0005512465015889 
	 17.3787950000000002 	 -0.0005504627893718 
	 17.3881899999999980 	 -0.0005496812901058 
	 17.3975849999999994 	 -0.0005489019879479 
	 17.4069799999999972 	 -0.0005481248670550 
	 17.4163749999999986 	 -0.0005473499115840 
	 17.4257699999999964 	 -0.0005465771056920 
	 17.4351649999999978 	 -0.0005458064335359 
	 17.4445600000000027 	 -0.0005450378792725 
	 17.4539550000000006 	 -0.0005442714270589 
	 17.4633500000000019 	 -0.0005435070610520 
	 17.4727450000000033 	 -0.0005427447654087 
	 17.4821400000000011 	 -0.0005419845242859 
	 17.4915350000000025 	 -0.0005412263218407 
	 17.5009300000000003 	 -0.0005404701422300 
	 17.5103250000000017 	 -0.0005397159696107 
	 17.5197199999999995 	 -0.0005389637881397 
	 17.5291150000000009 	 -0.0005382135819740 
	 17.5385099999999987 	 -0.0005374653352706 
	 17.5479050000000001 	 -0.0005367190321863 
	 17.5572999999999979 	 -0.0005359746568782 
	 17.5666949999999993 	 -0.0005352321935031 
	 17.5760900000000007 	 -0.0005344916262181 
	 17.5854849999999985 	 -0.0005337529391800 
	 17.5948799999999999 	 -0.0005330161165459 
	 17.6042750000000012 	 -0.0005322811427094 
	 17.6136700000000026 	 -0.0005315480088604 
	 17.6230650000000040 	 -0.0005308167138315 
	 17.6324600000000018 	 -0.0005300872568620 
	 17.6418550000000032 	 -0.0005293596371910 
	 17.6512500000000010 	 -0.0005286338540580 
	 17.6606449999999988 	 -0.0005279099067023 
	 17.6700400000000002 	 -0.0005271877943632 
	 17.6794349999999980 	 -0.0005264675162799 
	 17.6888299999999994 	 -0.0005257490716918 
	 17.6982249999999972 	 -0.0005250324598382 
	 17.7076199999999986 	 -0.0005243176799585 
	 17.7170150000000000 	 -0.0005236047312918 
	 17.7264099999999978 	 -0.0005228936130776 
	 17.7358049999999992 	 -0.0005221843245551 
	 17.7452000000000005 	 -0.0005214768649637 
	 17.7545949999999984 	 -0.0005207712335426 
	 17.7639899999999997 	 -0.0005200674295312 
	 17.7733849999999975 	 -0.0005193654521688 
	 17.7827799999999989 	 -0.0005186653006947 
	 17.7921750000000003 	 -0.0005179669743482 
	 17.8015700000000017 	 -0.0005172704723658 
	 17.8109649999999995 	 -0.0005165757930251 
	 17.8203600000000009 	 -0.0005158829322567 
	 17.8297549999999987 	 -0.0005151918856384 
	 17.8391500000000001 	 -0.0005145026487481 
	 17.8485450000000014 	 -0.0005138152171638 
	 17.8579399999999993 	 -0.0005131295864632 
	 17.8673350000000006 	 -0.0005124457522244 
	 17.8767300000000020 	 -0.0005117637100251 
	 17.8861249999999998 	 -0.0005110834554433 
	 17.8955200000000012 	 -0.0005104049840569 
	 17.9049149999999990 	 -0.0005097282914303 
	 17.9143100000000004 	 -0.0005090533728502 
	 17.9237049999999982 	 -0.0005083802233417 
	 17.9330999999999996 	 -0.0005077088379199 
	 17.9424949999999974 	 -0.0005070392115998 
	 17.9518899999999988 	 -0.0005063713393964 
	 17.9612849999999966 	 -0.0005057052163247 
	 17.9706800000000015 	 -0.0005050408373997 
	 17.9800749999999994 	 -0.0005043781976364 
	 17.9894700000000007 	 -0.0005037172920498 
	 17.9988649999999986 	 -0.0005030581156550 
	 18.0082599999999999 	 -0.0005024006634668 
	 18.0176550000000013 	 -0.0005017449305004 
	 18.0270499999999991 	 -0.0005010909117708 
	 18.0364450000000005 	 -0.0005004386022929 
	 18.0458400000000019 	 -0.0004997879970818 
	 18.0552349999999997 	 -0.0004991390911524 
	 18.0646300000000011 	 -0.0004984918795198 
	 18.0740249999999989 	 -0.0004978463571989 
	 18.0834200000000003 	 -0.0004972025192049 
	 18.0928149999999981 	 -0.0004965603605526 
	 18.1022099999999995 	 -0.0004959198762543 
	 18.1116049999999973 	 -0.0004952810609096 
	 18.1209999999999987 	 -0.0004946439082849 
	 18.1303949999999965 	 -0.0004940084120455 
	 18.1397899999999979 	 -0.0004933745658569 
	 18.1491850000000028 	 -0.0004927423633848 
	 18.1585800000000006 	 -0.0004921117982946 
	 18.1679750000000020 	 -0.0004914828642517 
	 18.1773700000000034 	 -0.0004908555549218 
	 18.1867650000000012 	 -0.0004902298639703 
	 18.1961600000000026 	 -0.0004896057850627 
	 18.2055550000000004 	 -0.0004889833118645 
	 18.2149500000000018 	 -0.0004883624380413 
	 18.2243449999999996 	 -0.0004877431572585 
	 18.2337400000000009 	 -0.0004871254631816 
	 18.2431349999999988 	 -0.0004865093494763 
	 18.2525300000000001 	 -0.0004858948098078 
	 18.2619249999999980 	 -0.0004852818378419 
	 18.2713199999999993 	 -0.0004846704272439 
	 18.2807149999999972 	 -0.0004840605716794 
	 18.2901099999999985 	 -0.0004834522648139 
	 18.2995049999999964 	 -0.0004828455003129 
	 18.3088999999999977 	 -0.0004822402720744 
	 18.3182949999999991 	 -0.0004816365750864 
	 18.3276900000000005 	 -0.0004810344046556 
	 18.3370850000000019 	 -0.0004804337560890 
	 18.3464800000000032 	 -0.0004798346246934 
	 18.3558750000000011 	 -0.0004792370057757 
	 18.3652700000000024 	 -0.0004786408946426 
	 18.3746650000000002 	 -0.0004780462866013 
	 18.3840600000000016 	 -0.0004774531769583 
	 18.3934549999999994 	 -0.0004768615610208 
	 18.4028500000000008 	 -0.0004762714340954 
	 18.4122449999999986 	 -0.0004756827914892 
	 18.4216400000000000 	 -0.0004750956285089 
	 18.4310349999999978 	 -0.0004745099404614 
	 18.4404299999999992 	 -0.0004739257226537 
	 18.4498250000000006 	 -0.0004733429703925 
	 18.4592199999999984 	 -0.0004727616789847 
	 18.4686149999999998 	 -0.0004721818437372 
	 18.4780100000000012 	 -0.0004716034599570 
	 18.4874049999999990 	 -0.0004710265229507 
	 18.4968000000000004 	 -0.0004704510280254 
	 18.5061950000000017 	 -0.0004698769706357 
	 18.5155900000000031 	 -0.0004693043480006 
	 18.5249850000000009 	 -0.0004687331585000 
	 18.5343800000000023 	 -0.0004681634005338 
	 18.5437750000000001 	 -0.0004675950725023 
	 18.5531700000000015 	 -0.0004670281728055 
	 18.5625649999999993 	 -0.0004664626998434 
	 18.5719600000000007 	 -0.0004658986520162 
	 18.5813549999999985 	 -0.0004653360277241 
	 18.5907499999999999 	 -0.0004647748253670 
	 18.6001449999999977 	 -0.0004642150433451 
	 18.6095399999999991 	 -0.0004636566800584 
	 18.6189350000000005 	 -0.0004630997339072 
	 18.6283299999999983 	 -0.0004625442032914 
	 18.6377249999999997 	 -0.0004619900866112 
	 18.6471200000000010 	 -0.0004614373822666 
	 18.6565149999999988 	 -0.0004608860886578 
	 18.6659100000000002 	 -0.0004603362041849 
	 18.6753050000000016 	 -0.0004597877272479 
	 18.6847000000000030 	 -0.0004592406562470 
	 18.6940950000000008 	 -0.0004586949895822 
	 18.7034900000000022 	 -0.0004581507255003 
	 18.7128850000000000 	 -0.0004576078551424 
	 18.7222800000000014 	 -0.0004570663596977 
	 18.7316749999999992 	 -0.0004565262196125 
	 18.7410700000000006 	 -0.0004559874153331 
	 18.7504650000000019 	 -0.0004554499273057 
	 18.7598599999999998 	 -0.0004549137359766 
	 18.7692550000000011 	 -0.0004543788217921 
	 18.7786500000000025 	 -0.0004538451651985 
	 18.7880450000000003 	 -0.0004533127466420 
	 18.7974400000000017 	 -0.0004527815465689 
	 18.8068349999999995 	 -0.0004522515467787 
	 18.8162300000000009 	 -0.0004517227417766 
	 18.8256249999999987 	 -0.0004511951330245 
	 18.8350199999999965 	 -0.0004506687220557 
	 18.8444149999999979 	 -0.0004501435104032 
	 18.8538099999999993 	 -0.0004496194996003 
	 18.8632050000000007 	 -0.0004490966911800 
	 18.8725999999999985 	 -0.0004485750866756 
	 18.8819949999999999 	 -0.0004480546876201 
	 18.8913900000000012 	 -0.0004475354955466 
	 18.9007849999999991 	 -0.0004470175119884 
	 18.9101800000000004 	 -0.0004465007384786 
	 18.9195750000000018 	 -0.0004459851765503 
	 18.9289699999999996 	 -0.0004454708277367 
	 18.9383650000000010 	 -0.0004449576935709 
	 18.9477599999999988 	 -0.0004444457755861 
	 18.9571550000000002 	 -0.0004439350753153 
	 18.9665499999999980 	 -0.0004434255942918 
	 18.9759449999999994 	 -0.0004429173340487 
	 18.9853399999999972 	 -0.0004424102961191 
	 18.9947349999999986 	 -0.0004419044820361 
	 19.0041299999999964 	 -0.0004413998933330 
	 19.0135249999999978 	 -0.0004408965315429 
	 19.0229199999999992 	 -0.0004403943981988 
	 19.0323150000000005 	 -0.0004398934948341 
	 19.0417100000000019 	 -0.0004393938229817 
	 19.0511050000000033 	 -0.0004388953841748 
	 19.0605000000000011 	 -0.0004383981799466 
	 19.0698950000000025 	 -0.0004379022118302 
	 19.0792900000000003 	 -0.0004374074813588 
	 19.0886850000000017 	 -0.0004369139900656 
	 19.0980799999999995 	 -0.0004364217394835 
	 19.1074750000000009 	 -0.0004359307290170 
	 19.1168699999999987 	 -0.0004354409421144 
	 19.1262650000000001 	 -0.0004349523549846 
	 19.1356599999999979 	 -0.0004344649438003 
	 19.1450549999999993 	 -0.0004339786847344 
	 19.1544499999999971 	 -0.0004334935539597 
	 19.1638449999999985 	 -0.0004330095276491 
	 19.1732399999999963 	 -0.0004325265819752 
	 19.1826349999999977 	 -0.0004320446931111 
	 19.1920299999999990 	 -0.0004315638372293 
	 19.2014249999999969 	 -0.0004310839905029 
	 19.2108200000000018 	 -0.0004306051291045 
	 19.2202150000000032 	 -0.0004301272292070 
	 19.2296100000000010 	 -0.0004296502669832 
	 19.2390050000000024 	 -0.0004291742186060 
	 19.2484000000000002 	 -0.0004286990602481 
	 19.2577950000000016 	 -0.0004282247680823 
	 19.2671899999999994 	 -0.0004277513182815 
	 19.2765850000000007 	 -0.0004272786870185 
	 19.2859799999999986 	 -0.0004268068504661 
	 19.2953749999999999 	 -0.0004263357847971 
	 19.3047699999999978 	 -0.0004258654669310 
	 19.3141649999999991 	 -0.0004253958903539 
	 19.3235600000000005 	 -0.0004249270647888 
	 19.3329549999999983 	 -0.0004244590006391 
	 19.3423499999999997 	 -0.0004239917083080 
	 19.3517450000000011 	 -0.0004235251981992 
	 19.3611399999999989 	 -0.0004230594807160 
	 19.3705350000000003 	 -0.0004225945662618 
	 19.3799300000000017 	 -0.0004221304652400 
	 19.3893250000000030 	 -0.0004216671880542 
	 19.3987200000000009 	 -0.0004212047451076 
	 19.4081150000000022 	 -0.0004207431468038 
	 19.4175100000000000 	 -0.0004202824035461 
	 19.4269050000000014 	 -0.0004198225257379 
	 19.4362999999999992 	 -0.0004193635237828 
	 19.4456950000000006 	 -0.0004189054080841 
	 19.4550899999999984 	 -0.0004184481890452 
	 19.4644849999999998 	 -0.0004179918770696 
	 19.4738799999999976 	 -0.0004175364825606 
	 19.4832749999999990 	 -0.0004170820159218 
	 19.4926700000000004 	 -0.0004166284875565 
	 19.5020649999999982 	 -0.0004161759078443 
	 19.5114599999999996 	 -0.0004157242831679 
	 19.5208550000000010 	 -0.0004152736114727 
	 19.5302499999999988 	 -0.0004148238896332 
	 19.5396450000000002 	 -0.0004143751145239 
	 19.5490399999999980 	 -0.0004139272830192 
	 19.5584349999999993 	 -0.0004134803919936 
	 19.5678300000000007 	 -0.0004130344383216 
	 19.5772250000000021 	 -0.0004125894188776 
	 19.5866199999999999 	 -0.0004121453305361 
	 19.5960150000000013 	 -0.0004117021701716 
	 19.6054099999999991 	 -0.0004112599345841 
	 19.6148050000000005 	 -0.0004108186193445 
	 19.6242000000000019 	 -0.0004103782190160 
	 19.6335949999999997 	 -0.0004099387281317 
	 19.6429900000000011 	 -0.0004095001412249 
	 19.6523850000000024 	 -0.0004090624528288 
	 19.6617800000000003 	 -0.0004086256574768 
	 19.6711750000000016 	 -0.0004081897497019 
	 19.6805699999999995 	 -0.0004077547240376 
	 19.6899650000000008 	 -0.0004073205750170 
	 19.6993599999999986 	 -0.0004068872971733 
	 19.7087550000000000 	 -0.0004064548850399 
	 19.7181499999999978 	 -0.0004060233331499 
	 19.7275449999999992 	 -0.0004055926360367 
	 19.7369400000000006 	 -0.0004051627882334 
	 19.7463350000000020 	 -0.0004047337842734 
	 19.7557299999999998 	 -0.0004043056186897 
	 19.7651250000000012 	 -0.0004038782860158 
	 19.7745199999999990 	 -0.0004034517807849 
	 19.7839150000000004 	 -0.0004030260975301 
	 19.7933100000000017 	 -0.0004026012307847 
	 19.8027049999999996 	 -0.0004021771751347 
	 19.8121000000000009 	 -0.0004017539296679 
	 19.8214950000000023 	 -0.0004013315013567 
	 19.8308900000000001 	 -0.0004009098979698 
	 19.8402850000000015 	 -0.0004004891272760 
	 19.8496799999999993 	 -0.0004000691970443 
	 19.8590750000000007 	 -0.0003996501150435 
	 19.8684699999999985 	 -0.0003992318890423 
	 19.8778649999999999 	 -0.0003988145268097 
	 19.8872599999999977 	 -0.0003983980361143 
	 19.8966549999999991 	 -0.0003979824247251 
	 19.9060499999999969 	 -0.0003975677004109 
	 19.9154450000000018 	 -0.0003971538709406 
	 19.9248400000000032 	 -0.0003967409440828 
	 19.9342350000000010 	 -0.0003963289276066 
	 19.9436300000000024 	 -0.0003959178292806 
	 19.9530250000000038 	 -0.0003955076568737 
	 19.9624200000000016 	 -0.0003950984181548 
	 19.9718150000000030 	 -0.0003946901208927 
	 19.9812100000000008 	 -0.0003942827728562 
	 19.9906050000000022 	 -0.0003938763818142 
	 20.0000000000000000 	 -0.0003934709555354 
