	 1.2100000000000000 	 -6.3518522249999991 
	 1.2193950000000000 	 -6.3803373919819037 
	 1.2287900000000000 	 -6.4067295829529929 
	 1.2381850000000001 	 -6.4311966676826540 
	 1.2475799999999999 	 -6.4539517130632582 
	 1.2569750000000002 	 -6.4750265009807615 
	 1.2663700000000000 	 -6.4945561417587578 
	 1.2757650000000000 	 -6.5126879325063260 
	 1.2851600000000001 	 -6.5295113669562763 
	 1.2945550000000001 	 -6.5451515145738748 
	 1.3039499999999999 	 -6.5596630258016679 
	 1.3133450000000000 	 -6.5731063874092808 
	 1.3227400000000000 	 -6.5856098377260919 
	 1.3321350000000001 	 -6.5972185834208688 
	 1.3415300000000001 	 -6.6079962616174095 
	 1.3509249999999999 	 -6.6180025712205346 
	 1.3603200000000000 	 -6.6272865115934634 
	 1.3697150000000000 	 -6.6359062238679964 
	 1.3791099999999998 	 -6.6439043340560797 
	 1.3885049999999999 	 -6.6513233399189682 
	 1.3978999999999999 	 -6.6582037135013046 
	 1.4072950000000000 	 -6.6645772870948745 
	 1.4166900000000000 	 -6.6704850558449786 
	 1.4260850000000000 	 -6.6759577295754751 
	 1.4354799999999999 	 -6.6810239604479484 
	 1.4448749999999999 	 -6.6857052539970523 
	 1.4542700000000000 	 -6.6900357530545449 
	 1.4636650000000000 	 -6.6940378073955964 
	 1.4730600000000000 	 -6.6977208789472469 
	 1.4824550000000001 	 -6.7011179374660195 
	 1.4918499999999999 	 -6.7042477167620280 
	 1.5012450000000002 	 -6.7071266268273302 
	 1.5106400000000000 	 -6.7097691818844547 
	 1.5200350000000000 	 -6.7121901918503282 
	 1.5294300000000001 	 -6.7144062773029258 
	 1.5388250000000001 	 -6.7164344276153702 
	 1.5482200000000002 	 -6.7182859537200725 
	 1.5576150000000002 	 -6.7199523006578490 
	 1.5670099999999998 	 -6.7214917908303207 
	 1.5764049999999998 	 -6.7228721692488769 
	 1.5857999999999999 	 -6.7240997438305117 
	 1.5951949999999999 	 -6.7252017966525015 
	 1.6045900000000000 	 -6.7261809024025663 
	 1.6139850000000000 	 -6.7270470536667553 
	 1.6233799999999998 	 -6.7278073613094103 
	 1.6327749999999999 	 -6.7284682890326222 
	 1.6421699999999999 	 -6.7290385857656894 
	 1.6515649999999999 	 -6.7295289058433170 
	 1.6609600000000000 	 -6.7299389188878243 
	 1.6703550000000000 	 -6.7302561436525004 
	 1.6797499999999999 	 -6.7305013782592127 
	 1.6891450000000001 	 -6.7306780533308954 
	 1.6985399999999999 	 -6.7307902218049218 
	 1.7079350000000000 	 -6.7308416354311911 
	 1.7173300000000000 	 -6.7308359182513735 
	 1.7267250000000001 	 -6.7307750733761242 
	 1.7361199999999999 	 -6.7306638011090829 
	 1.7455150000000001 	 -6.7305075263835299 
	 1.7549100000000000 	 -6.7302915656418678 
	 1.7643049999999998 	 -6.7300323330245568 
	 1.7736999999999998 	 -6.7297456433518468 
	 1.7830949999999999 	 -6.7294167142103527 
	 1.7924899999999999 	 -6.7290513584560454 
	 1.8018850000000000 	 -6.7286502726900208 
	 1.8112800000000000 	 -6.7282153192973446 
	 1.8206750000000000 	 -6.7277478854741108 
	 1.8300700000000001 	 -6.7272493343854860 
	 1.8394650000000001 	 -6.7267208747965723 
	 1.8488600000000002 	 -6.7261636242036857 
	 1.8582550000000002 	 -6.7255785835364694 
	 1.8676499999999998 	 -6.7249666130034091 
	 1.8770449999999999 	 -6.7243286421641884 
	 1.8864399999999999 	 -6.7236647389041213 
	 1.8958349999999999 	 -6.7229778769417212 
	 1.9052300000000000 	 -6.7222598458254659 
	 1.9146250000000000 	 -6.7215458830990551 
	 1.9240199999999998 	 -6.7208113802785912 
	 1.9334150000000001 	 -6.7200211480776311 
	 1.9428099999999999 	 -6.7192140733264907 
	 1.9522050000000000 	 -6.7183842444459527 
	 1.9616000000000000 	 -6.7175362922530306 
	 1.9709950000000001 	 -6.7166586138003748 
	 1.9803900000000001 	 -6.7157588880930366 
	 1.9897850000000001 	 -6.7148356728981158 
	 1.9991800000000000 	 -6.7138889730431988 
	 2.0085750000000000 	 -6.7129187116964806 
	 2.0179700000000000 	 -6.7119246539287145 
	 2.0273649999999996 	 -6.7109065198339959 
	 2.0367600000000001 	 -6.7098639212094264 
	 2.0461549999999997 	 -6.7087964554417070 
	 2.0555499999999998 	 -6.7077038965459908 
	 2.0649449999999998 	 -6.7065850841897809 
	 2.0743399999999999 	 -6.7054419973011106 
	 2.0837349999999999 	 -6.7042652619474197 
	 2.0931299999999999 	 -6.7030576027594622 
	 2.1025250000000000 	 -6.7018333841316196 
	 2.1119199999999996 	 -6.7005788419866539 
	 2.1213150000000001 	 -6.6992959814666202 
	 2.1307099999999997 	 -6.6979836195885492 
	 2.1401050000000001 	 -6.6966413259495337 
	 2.1494999999999997 	 -6.6952684859373726 
	 2.1588950000000002 	 -6.6938645190421973 
	 2.1682899999999998 	 -6.6924290194107883 
	 2.1776850000000003 	 -6.6909600253789465 
	 2.1870799999999999 	 -6.6894589471621124 
	 2.1964750000000000 	 -6.6879248887020220 
	 2.2058700000000000 	 -6.6863563181254646 
	 2.2152650000000000 	 -6.6847528003420384 
	 2.2246600000000001 	 -6.6831140014406492 
	 2.2340550000000001 	 -6.6814395329710043 
	 2.2434500000000002 	 -6.6797287859561312 
	 2.2528449999999998 	 -6.6779811235514250 
	 2.2622400000000003 	 -6.6761961455385119 
	 2.2716349999999998 	 -6.6743732453100870 
	 2.2810300000000003 	 -6.6725118278455842 
	 2.2904249999999999 	 -6.6706119820425638 
	 2.2998200000000000 	 -6.6686729237127844 
	 2.3092150000000000 	 -6.6666938639490185 
	 2.3186100000000001 	 -6.6646753563941008 
	 2.3280050000000001 	 -6.6626168806985691 
	 2.3373999999999997 	 -6.6605141064837303 
	 2.3467950000000002 	 -6.6583915263299893 
	 2.3561899999999998 	 -6.6562234660123174 
	 2.3655850000000003 	 -6.6540013736262926 
	 2.3749799999999999 	 -6.6517288558781411 
	 2.3843749999999999 	 -6.6494413789966975 
	 2.3937700000000000 	 -6.6471175701762570 
	 2.4031650000000000 	 -6.6447166032838751 
	 2.4125600000000000 	 -6.6422793538801752 
	 2.4219550000000001 	 -6.6397965456157015 
	 2.4313500000000001 	 -6.6372702149380816 
	 2.4407449999999997 	 -6.6346997555974108 
	 2.4501400000000002 	 -6.6320844367454734 
	 2.4595349999999998 	 -6.6294248501241677 
	 2.4689300000000003 	 -6.6267205139222147 
	 2.4783249999999999 	 -6.6239705191039375 
	 2.4877199999999999 	 -6.6211781688788083 
	 2.4971150000000000 	 -6.6183167393856328 
	 2.5065100000000005 	 -6.6153971565042324 
	 2.5159050000000001 	 -6.6124542110938691 
	 2.5253000000000001 	 -6.6094762397773295 
	 2.5346950000000001 	 -6.6064486805191693 
	 2.5440899999999997 	 -6.6033747179862088 
	 2.5534850000000002 	 -6.6002547726567222 
	 2.5628799999999998 	 -6.5970882647973657 
	 2.5722749999999999 	 -6.5938711723493491 
	 2.5816699999999999 	 -6.5906063052475590 
	 2.5910650000000000 	 -6.5872928808875812 
	 2.6004600000000000 	 -6.5839309480049248 
	 2.6098550000000000 	 -6.5805202062624453 
	 2.6192500000000001 	 -6.5770600633815004 
	 2.6286449999999997 	 -6.5735503079356263 
	 2.6380400000000002 	 -6.5699918705046221 
	 2.6474349999999998 	 -6.5663811421602070 
	 2.6568300000000002 	 -6.5627195886945353 
	 2.6662249999999998 	 -6.5590073767655070 
	 2.6756200000000003 	 -6.5552421040491033 
	 2.6850149999999999 	 -6.5514233232123216 
	 2.6944100000000004 	 -6.5475507241703541 
	 2.7038050000000000 	 -6.5436238400804729 
	 2.7132000000000001 	 -6.5396434552154448 
	 2.7225950000000001 	 -6.5356120796483816 
	 2.7319900000000001 	 -6.5315331117794164 
	 2.7413850000000002 	 -6.5274026042082847 
	 2.7507800000000002 	 -6.5232125541782526 
	 2.7601750000000003 	 -6.5189733740866771 
	 2.7695699999999999 	 -6.5146789478625253 
	 2.7789650000000004 	 -6.5102652604490645 
	 2.7883599999999999 	 -6.5058491504884550 
	 2.7977550000000004 	 -6.5013856505213337 
	 2.8071500000000000 	 -6.4968600888279679 
	 2.8165450000000001 	 -6.4922769060304262 
	 2.8259399999999997 	 -6.4876360678754308 
	 2.8353349999999997 	 -6.4829264932675867 
	 2.8447299999999998 	 -6.4781581136382629 
	 2.8541249999999998 	 -6.4733683546275653 
	 2.8635199999999998 	 -6.4685304694860433 
	 2.8729149999999999 	 -6.4635884782835618 
	 2.8823099999999995 	 -6.4585492835974430 
	 2.8917050000000000 	 -6.4534457953460800 
	 2.9010999999999996 	 -6.4483113310572131 
	 2.9104950000000001 	 -6.4431081539347712 
	 2.9198899999999997 	 -6.4378395393837442 
	 2.9292850000000001 	 -6.4325040269109044 
	 2.9386799999999997 	 -6.4271006766847085 
	 2.9480750000000002 	 -6.4216288589101316 
	 2.9574699999999998 	 -6.4160875032093783 
	 2.9668650000000003 	 -6.4104758046657828 
	 2.9762599999999999 	 -6.4047928993229544 
	 2.9856549999999999 	 -6.3990378483832817 
	 2.9950500000000000 	 -6.3932098244729083 
	 3.0044450000000000 	 -6.3873078605440483 
	 3.0138400000000001 	 -6.3813310694570449 
	 3.0232350000000001 	 -6.3752786765275271 
	 3.0326300000000002 	 -6.3691496985403573 
	 3.0420250000000002 	 -6.3629434102056015 
	 3.0514200000000002 	 -6.3566584311799010 
	 3.0608149999999998 	 -6.3502949847187811 
	 3.0702099999999999 	 -6.3438504303879597 
	 3.0796049999999999 	 -6.3372992698404458 
	 3.0890000000000000 	 -6.3306647543426902 
	 3.0983950000000000 	 -6.3239732662062780 
	 3.1077900000000001 	 -6.3172014503350118 
	 3.1171850000000001 	 -6.3103440060601104 
	 3.1265800000000001 	 -6.3034019458879369 
	 3.1359749999999997 	 -6.2963737640643043 
	 3.1453699999999998 	 -6.2892588276326737 
	 3.1547649999999998 	 -6.2820563068725424 
	 3.1641599999999999 	 -6.2747654114737212 
	 3.1735549999999995 	 -6.2673853316290797 
	 3.1829499999999999 	 -6.2599152563762699 
	 3.1923449999999995 	 -6.2523543574207832 
	 3.2017400000000000 	 -6.2447017783800751 
	 3.2111349999999996 	 -6.2369567130295058 
	 3.2205300000000001 	 -6.2291184027022943 
	 3.2299249999999997 	 -6.2211859343007072 
	 3.2393200000000002 	 -6.2131584898863439 
	 3.2487149999999998 	 -6.2050352836567768 
	 3.2581100000000003 	 -6.1968155233706712 
	 3.2675049999999999 	 -6.1884982783872040 
	 3.2769000000000004 	 -6.1800827321666434 
	 3.2862950000000000 	 -6.1715681016757147 
	 3.2956900000000005 	 -6.1629535068316432 
	 3.3050850000000001 	 -6.1542380193865505 
	 3.3144800000000001 	 -6.1454207186318390 
	 3.3238750000000001 	 -6.1365008831814407 
	 3.3332700000000002 	 -6.1274774929880156 
	 3.3426650000000002 	 -6.1183489034439491 
	 3.3520600000000003 	 -6.1091156405054949 
	 3.3614549999999999 	 -6.0997735219565508 
	 3.3708500000000003 	 -6.0903286657505484 
	 3.3802449999999999 	 -6.0808082698205554 
	 3.3896400000000000 	 -6.0711417621584793 
	 3.3990350000000000 	 -6.0613649497298789 
	 3.4084300000000001 	 -6.0514852274733935 
	 3.4178249999999997 	 -6.0414839278507930 
	 3.4272200000000002 	 -6.0313451212643896 
	 3.4366149999999998 	 -6.0211001166531251 
	 3.4460099999999998 	 -6.0107935494557161 
	 3.4554049999999998 	 -6.0003541701482153 
	 3.4647999999999999 	 -5.9897772077830487 
	 3.4741949999999999 	 -5.9790616329583397 
	 3.4835900000000000 	 -5.9682084269448090 
	 3.4929850000000000 	 -5.9572763802120434 
	 3.5023799999999996 	 -5.9462209029505644 
	 3.5117750000000001 	 -5.9350253144941325 
	 3.5211699999999997 	 -5.9237419691551141 
	 3.5305649999999997 	 -5.9123706193138226 
	 3.5399599999999998 	 -5.9008100464723476 
	 3.5493550000000003 	 -5.8891229555436180 
	 3.5587499999999999 	 -5.8773069793053585 
	 3.5681449999999999 	 -5.8653595286065894 
	 3.5775399999999999 	 -5.8532811164744531 
	 3.5869350000000004 	 -5.8410658233537429 
	 3.5963300000000000 	 -5.8287301651568075 
	 3.6057249999999996 	 -5.8162057895534893 
	 3.6151200000000001 	 -5.8037774011620300 
	 3.6245150000000002 	 -5.7912042360910405 
	 3.6339100000000002 	 -5.7782498744334845 
	 3.6433049999999998 	 -5.7651924309254374 
	 3.6527000000000003 	 -5.7519995663601549 
	 3.6620950000000003 	 -5.7386757924280305 
	 3.6714900000000004 	 -5.7252053041883766 
	 3.6808850000000000 	 -5.7115891938623493 
	 3.6902800000000000 	 -5.6978256018028501 
	 3.6996750000000000 	 -5.6839133726731728 
	 3.7090700000000001 	 -5.6698512309246114 
	 3.7184650000000001 	 -5.6556378492178503 
	 3.7278600000000002 	 -5.6412720251106672 
	 3.7372550000000002 	 -5.6267524189706188 
	 3.7466499999999998 	 -5.6120780113925077 
	 3.7560450000000003 	 -5.5972473448391664 
	 3.7654399999999999 	 -5.5822586590994705 
	 3.7748350000000004 	 -5.5671115770664947 
	 3.7842300000000000 	 -5.5518065266551817 
	 3.7936250000000000 	 -5.5363353801986115 
	 3.8030200000000001 	 -5.5207177689522871 
	 3.8124150000000006 	 -5.5049541330724541 
	 3.8218100000000002 	 -5.4889919945220029 
	 3.8312049999999997 	 -5.4728642447837270 
	 3.8406000000000002 	 -5.4565758359435623 
	 3.8499950000000003 	 -5.4401260826036024 
	 3.8593899999999999 	 -5.4235107963976272 
	 3.8687849999999999 	 -5.4067171451974740 
	 3.8781799999999995 	 -5.3897523399273375 
	 3.8875749999999996 	 -5.3726165007515636 
	 3.8969699999999996 	 -5.3553085002800804 
	 3.9063649999999996 	 -5.3378272040375521 
	 3.9157599999999997 	 -5.3201736266163993 
	 3.9251549999999997 	 -5.3023392999366985 
	 3.9345499999999998 	 -5.2843303577483667 
	 3.9439449999999998 	 -5.2661518836033485 
	 3.9533399999999999 	 -5.2477957261671362 
	 3.9627349999999995 	 -5.2292632115038549 
	 3.9721299999999999 	 -5.2105534087320180 
	 3.9815249999999995 	 -5.1916659086986359 
	 3.9909200000000000 	 -5.1726007495617008 
	 4.0003149999999996 	 -5.1533590506141422 
	 4.0097100000000001 	 -5.1339374478890614 
	 4.0191049999999997 	 -5.1143362270684980 
	 4.0285000000000002 	 -5.0945565094304213 
	 4.0378949999999998 	 -5.0745981801369604 
	 4.0472900000000003 	 -5.0544614158544157 
	 4.0566849999999999 	 -5.0341461269572694 
	 4.0660799999999995 	 -5.0136520692260476 
	 4.0754750000000000 	 -4.9929806047650880 
	 4.0848700000000004 	 -4.9721336512521512 
	 4.0942650000000000 	 -4.9511023124118125 
	 4.1036599999999996 	 -4.9298818443066788 
	 4.1130550000000001 	 -4.9084839591676657 
	 4.1224499999999997 	 -4.8869211712653220 
	 4.1318450000000002 	 -4.8651950111441744 
	 4.1412399999999998 	 -4.8432942242771286 
	 4.1506349999999994 	 -4.8212215454606282 
	 4.1600299999999999 	 -4.7989778241394712 
	 4.1694250000000004 	 -4.7765642240678954 
	 4.1788200000000000 	 -4.7539821570183687 
	 4.1882149999999996 	 -4.7312331481178136 
	 4.1976100000000001 	 -4.7083188205868440 
	 4.2070049999999997 	 -4.6852411934760312 
	 4.2164000000000001 	 -4.6620020127721808 
	 4.2257949999999997 	 -4.6386033957490689 
	 4.2351900000000002 	 -4.6150448860275306 
	 4.2445849999999998 	 -4.5913274321210364 
	 4.2539800000000003 	 -4.5674552884983859 
	 4.2633749999999999 	 -4.5434328223661389 
	 4.2727700000000004 	 -4.5192644009308474 
	 4.2821650000000000 	 -4.4949543705711665 
	 4.2915600000000005 	 -4.4705039903485080 
	 4.3009550000000001 	 -4.4459081948283901 
	 4.3103499999999997 	 -4.4211658823159823 
	 4.3197450000000002 	 -4.3962874367153111 
	 4.3291400000000007 	 -4.3712767704311943 
	 4.3385350000000003 	 -4.3461358346258692 
	 4.3479299999999999 	 -4.3208672599001599 
	 4.3573250000000003 	 -4.2954760586781022 
	 4.3667199999999999 	 -4.2699674635999587 
	 4.3761150000000004 	 -4.2443407421347583 
	 4.3855100000000000 	 -4.2185996286498355 
	 4.3949049999999996 	 -4.1927495039734879 
	 4.4043000000000001 	 -4.1667935408837984 
	 4.4136950000000006 	 -4.1407355874175380 
	 4.4230900000000002 	 -4.1145795354808969 
	 4.4324849999999998 	 -4.0883294649506015 
	 4.4418799999999994 	 -4.0619897126738653 
	 4.4512749999999999 	 -4.0355638777089542 
	 4.4606700000000004 	 -4.0090569014612543 
	 4.4700650000000000 	 -3.9824794210978816 
	 4.4794599999999996 	 -3.9558288682117029 
	 4.4888550000000000 	 -3.9291027771901512 
	 4.4982499999999996 	 -3.9023117718241682 
	 4.5076450000000001 	 -3.8754610752300942 
	 4.5170399999999997 	 -3.8485548983663471 
	 4.5264349999999993 	 -3.8215978174707534 
	 4.5358299999999998 	 -3.7945943979387153 
	 4.5452250000000003 	 -3.7675492749190362 
	 4.5546199999999999 	 -3.7404670101004980 
	 4.5640149999999995 	 -3.7133522659425378 
	 4.5734100000000000 	 -3.6862097422493827 
	 4.5828049999999996 	 -3.6590441178894673 
	 4.5922000000000001 	 -3.6318600129492085 
	 4.6015949999999997 	 -3.6046620921250714 
	 4.6109900000000001 	 -3.5774551520263085 
	 4.6203849999999997 	 -3.5502437905399939 
	 4.6297799999999993 	 -3.5230326772977474 
	 4.6391749999999998 	 -3.4958264525806211 
	 4.6485700000000003 	 -3.4686299326679171 
	 4.6579649999999999 	 -3.4414470928902117 
	 4.6673599999999995 	 -3.4142850084130196 
	 4.6767550000000000 	 -3.3871336281978368 
	 4.6861499999999996 	 -3.3600184010303749 
	 4.6955450000000001 	 -3.3329838382314390 
	 4.7049399999999997 	 -3.3059617248936140 
	 4.7143350000000002 	 -3.2788072744530807 
	 4.7237299999999998 	 -3.2517148735207240 
	 4.7331250000000002 	 -3.2248353068910807 
	 4.7425199999999998 	 -3.1979767280030615 
	 4.7519150000000003 	 -3.1711849587789871 
	 4.7613099999999999 	 -3.1444534552887462 
	 4.7707049999999995 	 -3.1177886681279547 
	 4.7801000000000000 	 -3.0911946743175007 
	 4.7894950000000005 	 -3.0646748018050229 
	 4.7988900000000001 	 -3.0382330227917369 
	 4.8082849999999997 	 -3.0118731167733843 
	 4.8176800000000002 	 -2.9855988840076284 
	 4.8270749999999998 	 -2.9594137661212456 
	 4.8364700000000003 	 -2.9333213750541067 
	 4.8458649999999999 	 -2.9073251125418742 
	 4.8552599999999995 	 -2.8814283381507693 
	 4.8646550000000000 	 -2.8556343797010926 
	 4.8740500000000004 	 -2.8299463744326485 
	 4.8834450000000000 	 -2.8043674262399270 
	 4.8928399999999996 	 -2.7789005887539009 
	 4.9022350000000001 	 -2.7535487888895163 
	 4.9116300000000006 	 -2.7283148500712779 
	 4.9210250000000002 	 -2.7032015737772626 
	 4.9304199999999998 	 -2.6782115493579575 
	 4.9398150000000003 	 -2.6533475051561903 
	 4.9492100000000008 	 -2.6286120335920313 
	 4.9586050000000004 	 -2.6040055163195817 
	 4.9680000000000000 	 -2.5795415676669911 
	 4.9773949999999996 	 -2.5551712102148225 
	 4.9867900000000001 	 -2.5311959712087826 
	 4.9961850000000005 	 -2.5072376976911634 
	 5.0055800000000001 	 -2.4832924597871244 
	 5.0149750000000006 	 -2.4595091470722812 
	 5.0243700000000002 	 -2.4359281972286868 
	 5.0337649999999989 	 -2.4122421282721600 
	 5.0431600000000003 	 -2.3885681158280101 
	 5.0525549999999999 	 -2.3654434477473312 
	 5.0619499999999995 	 -2.3423952064209423 
	 5.0713449999999991 	 -2.3195179939204396 
	 5.0807400000000005 	 -2.2967887281311401 
	 5.0901350000000001 	 -2.2741989938609986 
	 5.0995299999999997 	 -2.2517600769587789 
	 5.1089249999999993 	 -2.2294946542197729 
	 5.1183200000000006 	 -2.2074314936435822 
	 5.1277150000000002 	 -2.1854576859103250 
	 5.1371099999999998 	 -2.1636581757473730 
	 5.1465049999999994 	 -2.1420358311393550 
	 5.1558999999999999 	 -2.1205645435393929 
	 5.1652949999999995 	 -2.0992567589330200 
	 5.1746900000000000 	 -2.0781124178242014 
	 5.1840849999999996 	 -2.0571291107692149 
	 5.1934800000000001 	 -2.0363078942040187 
	 5.2028749999999997 	 -2.0156489129725470 
	 5.2122700000000002 	 -1.9951523260171833 
	 5.2216649999999998 	 -1.9748183248740112 
	 5.2310600000000003 	 -1.9546469173117420 
	 5.2404549999999999 	 -1.9346382305354113 
	 5.2498499999999995 	 -1.9147922152331127 
	 5.2592449999999999 	 -1.8951087250497360 
	 5.2686400000000004 	 -1.8755878918783599 
	 5.2780350000000000 	 -1.8562264580499706 
	 5.2874299999999996 	 -1.8370268392455396 
	 5.2968249999999992 	 -1.8179942211637863 
	 5.3062200000000006 	 -1.7991290268939122 
	 5.3156150000000002 	 -1.7803837463083612 
	 5.3250099999999998 	 -1.7617967397707921 
	 5.3344049999999994 	 -1.7434111588339050 
	 5.3437999999999999 	 -1.7251879976498539 
	 5.3531950000000004 	 -1.7071141366779532 
	 5.3625900000000000 	 -1.6892010410895735 
	 5.3719849999999996 	 -1.6714456210633308 
	 5.3813800000000001 	 -1.6538477551462500 
	 5.3907749999999997 	 -1.6364068407157060 
	 5.4001700000000001 	 -1.6191221424918185 
	 5.4095649999999997 	 -1.6019929327132569 
	 5.4189600000000002 	 -1.5850185171664015 
	 5.4283549999999998 	 -1.5681982189545647 
	 5.4377500000000003 	 -1.5515312199461673 
	 5.4471449999999999 	 -1.5350166783403416 
	 5.4565400000000004 	 -1.5186539565975476 
	 5.4659350000000000 	 -1.5024421285363416 
	 5.4753299999999996 	 -1.4863802876690093 
	 5.4847250000000001 	 -1.4704676926079543 
	 5.4941200000000006 	 -1.4547034202713534 
	 5.5035150000000002 	 -1.4390864610943621 
	 5.5129099999999998 	 -1.4236158968480537 
	 5.5223049999999994 	 -1.4082908148304121 
	 5.5317000000000007 	 -1.3931102889273992 
	 5.5410950000000003 	 -1.3780733667099585 
	 5.5504899999999999 	 -1.3631791527819506 
	 5.5598849999999995 	 -1.3484267730082267 
	 5.5692800000000009 	 -1.3338150095939465 
	 5.5786750000000005 	 -1.3193431012621706 
	 5.5880700000000001 	 -1.3050100801402198 
	 5.5974649999999997 	 -1.2908132391625990 
	 5.6068600000000011 	 -1.2767522724384319 
	 5.6162549999999998 	 -1.2628280830760836 
	 5.6256499999999994 	 -1.2490387857558785 
	 5.6350449999999999 	 -1.2353832914770302 
	 5.6444399999999995 	 -1.2218604400125539 
	 5.6538349999999999 	 -1.2084672176229019 
	 5.6632300000000004 	 -1.1952043540653641 
	 5.6726250000000000 	 -1.1820727469889518 
	 5.6820199999999996 	 -1.1690693009547559 
	 5.6914149999999992 	 -1.1561941509879281 
	 5.7008099999999997 	 -1.1434447984604490 
	 5.7102050000000002 	 -1.1308191176105848 
	 5.7195999999999998 	 -1.1183174077427813 
	 5.7289949999999994 	 -1.1059396809256841 
	 5.7383899999999999 	 -1.0936837245547681 
	 5.7477850000000004 	 -1.0815508211898690 
	 5.7571800000000000 	 -1.0695326495434883 
	 5.7665749999999996 	 -1.0576361343464855 
	 5.7759699999999992 	 -1.0458543143314856 
	 5.7853649999999996 	 -1.0342065614623417 
	 5.7947600000000001 	 -1.0225998019621088 
	 5.8041549999999997 	 -1.0111011999899593 
	 5.8135500000000002 	 -0.9997976263391040 
	 5.8229449999999998 	 -0.9885884520577323 
	 5.8323400000000003 	 -0.9774956330079455 
	 5.8417349999999999 	 -0.9665121467247889 
	 5.8511299999999995 	 -0.9556383449685288 
	 5.8605250000000000 	 -0.9448730182351477 
	 5.8699199999999996 	 -0.9342151789908431 
	 5.8793150000000001 	 -0.9236623631449108 
	 5.8887100000000006 	 -0.9132142676088051 
	 5.8981050000000002 	 -0.9028712722758983 
	 5.9074999999999998 	 -0.8926334210362264 
	 5.9168950000000002 	 -0.8824984704395117 
	 5.9262899999999998 	 -0.8724649463117553 
	 5.9356850000000003 	 -0.8625320451948252 
	 5.9450799999999999 	 -0.8526987929474024 
	 5.9544749999999995 	 -0.8429642514154528 
	 5.9638700000000000 	 -0.8333274904127445 
	 5.9732650000000005 	 -0.8237875859524344 
	 5.9826600000000001 	 -0.8143435500380107 
	 5.9920549999999997 	 -0.8049944962186748 
	 6.0014499999999993 	 -0.7957396244124442 
	 6.0108449999999998 	 -0.7865779609215471 
	 6.0202400000000003 	 -0.7775085980050576 
	 6.0296349999999999 	 -0.7685306930721133 
	 6.0390300000000003 	 -0.7596484237931851 
	 6.0484249999999999 	 -0.7508564890605284 
	 6.0578200000000004 	 -0.7421534696410330 
	 6.0672150000000000 	 -0.7335387542131829 
	 6.0766099999999996 	 -0.7250115339972275 
	 6.0860050000000001 	 -0.7165705842727121 
	 6.0953999999999997 	 -0.7082155331325303 
	 6.1047950000000002 	 -0.6999466254581599 
	 6.1141900000000007 	 -0.6917582731158910 
	 6.1235850000000003 	 -0.6836654627466328 
	 6.1329799999999999 	 -0.6756681708500777 
	 6.1423750000000004 	 -0.6677343919054625 
	 6.1517700000000000 	 -0.6598751002608807 
	 6.1611650000000004 	 -0.6520964340821408 
	 6.1705600000000000 	 -0.6443967706907719 
	 6.1799549999999996 	 -0.6367758142613608 
	 6.1893500000000010 	 -0.6292326723480988 
	 6.1987450000000006 	 -0.6217658360788025 
	 6.2081400000000002 	 -0.6143804834905990 
	 6.2175349999999998 	 -0.6070507988245928 
	 6.2269299999999994 	 -0.5998069683886127 
	 6.2363250000000008 	 -0.5926465728743439 
	 6.2457200000000004 	 -0.5855481981691522 
	 6.2551150000000000 	 -0.5785214816699179 
	 6.2645100000000005 	 -0.5715748140184438 
	 6.2739050000000010 	 -0.5647012365639765 
	 6.2833000000000006 	 -0.5578958959218618 
	 6.2926950000000001 	 -0.5511596850676026 
	 6.3020899999999997 	 -0.5444973271506180 
	 6.3114850000000002 	 -0.5379049026036845 
	 6.3208800000000007 	 -0.5313711315369145 
	 6.3302750000000003 	 -0.5249060493839791 
	 6.3396700000000008 	 -0.5185088354394063 
	 6.3490650000000004 	 -0.5121765731588952 
	 6.3584600000000000 	 -0.5059094822771093 
	 6.3678550000000005 	 -0.4997069086401092 
	 6.3772500000000001 	 -0.4935682739173943 
	 6.3866450000000006 	 -0.4874929934162381 
	 6.3960400000000002 	 -0.4814802937266924 
	 6.4054350000000007 	 -0.4755298229884447 
	 6.4148300000000011 	 -0.4696414417143462 
	 6.4242250000000007 	 -0.4638127581110171 
	 6.4336200000000003 	 -0.4580408374535782 
	 6.4430149999999999 	 -0.4523269047692869 
	 6.4524100000000004 	 -0.4466730092128034 
	 6.4618050000000009 	 -0.4410780510869957 
	 6.4712000000000005 	 -0.4355417171686952 
	 6.4805950000000001 	 -0.4300633080732453 
	 6.4899900000000006 	 -0.4246421992085396 
	 6.4993849999999993 	 -0.4192782629824449 
	 6.5087799999999998 	 -0.4139713123444786 
	 6.5181749999999994 	 -0.4087204171655160 
	 6.5275699999999990 	 -0.4035248611371313 
	 6.5369650000000004 	 -0.3983850228981464 
	 6.5463600000000000 	 -0.3932992400597354 
	 6.5557549999999996 	 -0.3882647468308523 
	 6.5651499999999992 	 -0.3832825964574637 
	 6.5745449999999988 	 -0.3783563953368462 
	 6.5839400000000001 	 -0.3734828270719004 
	 6.5933349999999997 	 -0.3686666865971691 
	 6.6027299999999993 	 -0.3639065140419349 
	 6.6121249999999998 	 -0.3591868552924449 
	 6.6215199999999994 	 -0.3545198195628582 
	 6.6309149999999999 	 -0.3499027681961651 
	 6.6403099999999995 	 -0.3453357586222915 
	 6.6497049999999991 	 -0.3408183100344686 
	 6.6590999999999996 	 -0.3363499924450811 
	 6.6684950000000001 	 -0.3319304352149290 
	 6.6778899999999997 	 -0.3275591764901071 
	 6.6872850000000001 	 -0.3232358647061230 
	 6.6966799999999997 	 -0.3189601829488043 
	 6.7060749999999993 	 -0.3147316000860310 
	 6.7154699999999998 	 -0.3105495585303005 
	 6.7248649999999994 	 -0.3064147230250009 
	 6.7342599999999999 	 -0.3023228943743541 
	 6.7436549999999995 	 -0.2982758286488907 
	 6.7530500000000000 	 -0.2942882933402501 
	 6.7624450000000005 	 -0.2903472889533221 
	 6.7718400000000001 	 -0.2864394027470675 
	 6.7812349999999997 	 -0.2825906850434605 
	 6.7906299999999993 	 -0.2787682245404391 
	 6.8000249999999998 	 -0.2749906447778789 
	 6.8094200000000003 	 -0.2712559375431444 
	 6.8188149999999998 	 -0.2675638114374114 
	 6.8282099999999994 	 -0.2639139357125124 
	 6.8376049999999999 	 -0.2603066284858872 
	 6.8469999999999995 	 -0.2567384256736000 
	 6.8563950000000000 	 -0.2532216038650290 
	 6.8657899999999996 	 -0.2496989477696983 
	 6.8751849999999992 	 -0.2462658343385085 
	 6.8845799999999997 	 -0.2429001930380839 
	 6.8939750000000002 	 -0.2395246546738630 
	 6.9033699999999998 	 -0.2362145020924190 
	 6.9127650000000003 	 -0.2328926632163351 
	 6.9221599999999999 	 -0.2295473982404332 
	 6.9315549999999995 	 -0.2263547466934481 
	 6.9409500000000000 	 -0.2231900424235531 
	 6.9503449999999996 	 -0.2200511054028541 
	 6.9597400000000000 	 -0.2169560470882071 
	 6.9691349999999996 	 -0.2139021571869248 
	 6.9785299999999992 	 -0.2108835523360438 
	 6.9879250000000006 	 -0.2079015305132468 
	 6.9973200000000002 	 -0.2049559653018401 
	 7.0067149999999998 	 -0.2020475103008094 
	 7.0161099999999994 	 -0.1991743012602545 
	 7.0255049999999990 	 -0.1963335835854393 
	 7.0349000000000004 	 -0.1935412379930637 
	 7.0442950000000000 	 -0.1907876056075661 
	 7.0536899999999996 	 -0.1880533359721819 
	 7.0630850000000001 	 -0.1853516205620153 
	 7.0724800000000005 	 -0.1826880419350536 
	 7.0818750000000001 	 -0.1800576030314759 
	 7.0912699999999997 	 -0.1774607953178335 
	 7.1006649999999993 	 -0.1748973297894196 
	 7.1100599999999998 	 -0.1723678953082872 
	 7.1194550000000003 	 -0.1698699660875727 
	 7.1288499999999999 	 -0.1674042483842248 
	 7.1382450000000004 	 -0.1649707869756435 
	 7.1476400000000000 	 -0.1625691153029680 
	 7.1570350000000005 	 -0.1601989081520700 
	 7.1664300000000001 	 -0.1578599021142741 
	 7.1758249999999997 	 -0.1555518397323554 
	 7.1852200000000002 	 -0.1532744381376588 
	 7.1946149999999998 	 -0.1510273924280305 
	 7.2040100000000002 	 -0.1488103984373529 
	 7.2134050000000007 	 -0.1466231924364538 
	 7.2228000000000003 	 -0.1444655159067967 
	 7.2321949999999999 	 -0.1423370432278819 
	 7.2415900000000004 	 -0.1402374869106623 
	 7.2509850000000000 	 -0.1381666211611388 
	 7.2603800000000005 	 -0.1361241255439580 
	 7.2697750000000001 	 -0.1341096776317659 
	 7.2791699999999997 	 -0.1321230784265247 
	 7.2885650000000002 	 -0.1301641521295512 
	 7.2979600000000007 	 -0.1282310932287399 
	 7.3073550000000003 	 -0.1263262734312617 
	 7.3167499999999999 	 -0.1244467152448930 
	 7.3261449999999995 	 -0.1225942908992174 
	 7.3355399999999999 	 -0.1207691277324919 
	 7.3449350000000004 	 -0.1189693505187698 
	 7.3543300000000000 	 -0.1171959908892661 
	 7.3637250000000005 	 -0.1154450558229400 
	 7.3731200000000001 	 -0.1137146875681517 
	 7.3825150000000006 	 -0.1120145715349293 
	 7.3919100000000002 	 -0.1103549289599629 
	 7.4013049999999998 	 -0.1086911056663997 
	 7.4107000000000003 	 -0.1069800866602308 
	 7.4200949999999999 	 -0.1053811958823006 
	 7.4294900000000004 	 -0.1038022393100832 
	 7.4388850000000009 	 -0.1022443477865963 
	 7.4482800000000005 	 -0.1007129707087520 
	 7.4576750000000001 	 -0.0992031984681697 
	 7.4670700000000005 	 -0.0977141166010228 
	 7.4764650000000001 	 -0.0962467134477934 
	 7.4858600000000006 	 -0.0948020094833103 
	 7.4952550000000002 	 -0.0933799477022184 
	 7.5046499999999998 	 -0.0919796913673011 
	 7.5140450000000012 	 -0.0906004018481755 
	 7.5234400000000008 	 -0.0892417408409912 
	 7.5328350000000004 	 -0.0879037413810853 
	 7.5422300000000000 	 -0.0865861368091807 
	 7.5516249999999996 	 -0.0852885358052508 
	 7.5610200000000010 	 -0.0840106494838277 
	 7.5704150000000006 	 -0.0827528830686181 
	 7.5798100000000002 	 -0.0815142156201309 
	 7.5892050000000006 	 -0.0802898301794720 
	 7.5986000000000002 	 -0.0790804194807525 
	 7.6079950000000007 	 -0.0778895048092035 
	 7.6173900000000003 	 -0.0767245947059220 
	 7.6267849999999999 	 -0.0755773825771938 
	 7.6361800000000004 	 -0.0744487904873966 
	 7.6455750000000009 	 -0.0733467682528650 
	 7.6549700000000005 	 -0.0722338650544808 
	 7.6643650000000010 	 -0.0711375595613272 
	 7.6737599999999988 	 -0.0701777239533451 
	 7.6831549999999993 	 -0.0693395404741066 
	 7.6925499999999998 	 -0.0684302003544711 
	 7.7019449999999994 	 -0.0674061511941014 
	 7.7113399999999999 	 -0.0664163868720058 
	 7.7207349999999995 	 -0.0654382671301628 
	 7.7301299999999991 	 -0.0644764393452224 
	 7.7395249999999995 	 -0.0635299720911460 
	 7.7489199999999991 	 -0.0625982489075216 
	 7.7583149999999996 	 -0.0616814558896492 
	 7.7677099999999992 	 -0.0607794239855680 
	 7.7771049999999997 	 -0.0598918592892802 
	 7.7865000000000002 	 -0.0590184782489452 
	 7.7958949999999998 	 -0.0581591039382244 
	 7.8052899999999994 	 -0.0573135617021362 
	 7.8146849999999990 	 -0.0564816319720836 
	 7.8240799999999995 	 -0.0556631093586367 
	 7.8334750000000000 	 -0.0548578036415002 
	 7.8428699999999996 	 -0.0540655218311559 
	 7.8522649999999992 	 -0.0532860661603122 
	 7.8616600000000005 	 -0.0525192457942894 
	 7.8710550000000001 	 -0.0517648843761790 
	 7.8804499999999997 	 -0.0510227654655543 
	 7.8898449999999993 	 -0.0502926735336934 
	 7.8992399999999989 	 -0.0495745214480344 
	 7.9086350000000003 	 -0.0488675777391161 
	 7.9180299999999999 	 -0.0481728299528244 
	 7.9274249999999995 	 -0.0474903544608895 
	 7.9368200000000000 	 -0.0468103992136462 
	 7.9462149999999996 	 -0.0461367297179643 
	 7.9556100000000001 	 -0.0454823525184427 
	 7.9650049999999997 	 -0.0448433733417671 
	 7.9743999999999993 	 -0.0442135561928110 
	 7.9837949999999998 	 -0.0435944884257422 
	 7.9931900000000002 	 -0.0429856839228216 
	 8.0025849999999998 	 -0.0423867542623847 
	 8.0119799999999994 	 -0.0417976483465415 
	 8.0213749999999990 	 -0.0412182770258366 
	 8.0307700000000004 	 -0.0406484377055921 
	 8.0401650000000000 	 -0.0400879883602813 
	 8.0495599999999996 	 -0.0395367861591529 
	 8.0589549999999992 	 -0.0389946645669522 
	 8.0683500000000006 	 -0.0384615444169023 
	 8.0777450000000002 	 -0.0379372377166581 
	 8.0871399999999998 	 -0.0374215719440458 
	 8.0965349999999994 	 -0.0369144205820865 
	 8.1059300000000007 	 -0.0364156252782404 
	 8.1153250000000003 	 -0.0359251658039999 
	 8.1247199999999999 	 -0.0354427980307455 
	 8.1341149999999995 	 -0.0349679921560556 
	 8.1435099999999991 	 -0.0345006674479933 
	 8.1529050000000005 	 -0.0340412775308577 
	 8.1623000000000001 	 -0.0335899638234645 
	 8.1716949999999997 	 -0.0331457947039112 
	 8.1810899999999993 	 -0.0327095539104894 
	 8.1904849999999989 	 -0.0322836602235668 
	 8.1998800000000003 	 -0.0318611845391241 
	 8.2092749999999999 	 -0.0314455368835664 
	 8.2186699999999995 	 -0.0310386214191893 
	 8.2280649999999991 	 -0.0306286357877202 
	 8.2374600000000004 	 -0.0302691288136658 
	 8.2468550000000000 	 -0.0296399559887452 
	 8.2562499999999996 	 -0.0291514821281026 
	 8.2656449999999992 	 -0.0288096189015163 
	 8.2750399999999988 	 -0.0284331770215074 
	 8.2844350000000002 	 -0.0280749793663021 
	 8.2938299999999998 	 -0.0277191491077282 
	 8.3032249999999994 	 -0.0273703843190048 
	 8.3126200000000008 	 -0.0270264632420919 
	 8.3220150000000004 	 -0.0266870852601388 
	 8.3314100000000000 	 -0.0263547844668684 
	 8.3408049999999996 	 -0.0260284974561406 
	 8.3501999999999992 	 -0.0257071544386092 
	 8.3595950000000006 	 -0.0253910999612954 
	 8.3689900000000002 	 -0.0250802497633357 
	 8.3783849999999997 	 -0.0247744674662075 
	 8.3877800000000011 	 -0.0244737197526060 
	 8.3971750000000007 	 -0.0241778920828471 
	 8.4065700000000003 	 -0.0238868992172486 
	 8.4159649999999999 	 -0.0236006707229669 
	 8.4253599999999995 	 -0.0233191201152312 
	 8.4347550000000009 	 -0.0230421599051600 
	 8.4441500000000005 	 -0.0227697032062115 
	 8.4535450000000001 	 -0.0225016816180730 
	 8.4629399999999997 	 -0.0222380241330182 
	 8.4723350000000011 	 -0.0219786451135944 
	 8.4817300000000007 	 -0.0217234798941699 
	 8.4911250000000003 	 -0.0214724605384308 
	 8.5005199999999999 	 -0.0212255095664738 
	 8.5099149999999995 	 -0.0209825193256804 
	 8.5193100000000008 	 -0.0207434804263662 
	 8.5287050000000004 	 -0.0205083008870070 
	 8.5381000000000000 	 -0.0202769025808858 
	 8.5474949999999996 	 -0.0200492214012205 
	 8.5568900000000010 	 -0.0198251946701110 
	 8.5662850000000006 	 -0.0196047710452530 
	 8.5756800000000002 	 -0.0193878857926832 
	 8.5850749999999998 	 -0.0191744624328412 
	 8.5944700000000012 	 -0.0189644485175818 
	 8.6038650000000008 	 -0.0187577950832223 
	 8.6132600000000004 	 -0.0185544337192309 
	 8.6226550000000000 	 -0.0183542952814300 
	 8.6320499999999996 	 -0.0181573328036512 
	 8.6414450000000009 	 -0.0179635022372886 
	 8.6508400000000005 	 -0.0177727251537723 
	 8.6602350000000001 	 -0.0175849853934654 
	 8.6696299999999997 	 -0.0174002027249942 
	 8.6790249999999993 	 -0.0172183161702405 
	 8.6884200000000007 	 -0.0170392777834380 
	 8.6978150000000003 	 -0.0168630612963272 
	 8.7072099999999999 	 -0.0166896208483427 
	 8.7166049999999995 	 -0.0165188687268883 
	 8.7259999999999991 	 -0.0163507885139349 
	 8.7353950000000005 	 -0.0161853201042394 
	 8.7447900000000001 	 -0.0160224198497033 
	 8.7541850000000014 	 -0.0158620555325028 
	 8.7635800000000010 	 -0.0157041648664492 
	 8.7729750000000006 	 -0.0155487115640393 
	 8.7823700000000002 	 -0.0153956564643413 
	 8.7917649999999998 	 -0.0152449614432682 
	 8.8011599999999994 	 -0.0150965748336577 
	 8.8105549999999990 	 -0.0149504513496695 
	 8.8199500000000022 	 -0.0148065628743492 
	 8.8293450000000018 	 -0.0146648680296519 
	 8.8387400000000014 	 -0.0145253213556298 
	 8.8481349999999992 	 -0.0143878813530045 
	 8.8575299999999988 	 -0.0142525367382867 
	 8.8669249999999984 	 -0.0141192374994729 
	 8.8763199999999998 	 -0.0139879416183765 
	 8.8857149999999994 	 -0.0138586095519163 
	 8.8951099999999990 	 -0.0137312144836029 
	 8.9045050000000003 	 -0.0136057301070546 
	 8.9138999999999999 	 -0.0134821149125193 
	 8.9232949999999995 	 -0.0133603395276675 
	 8.9326899999999991 	 -0.0132403679968673 
	 8.9420850000000005 	 -0.0131221581005596 
	 8.9514800000000001 	 -0.0130056974368394 
	 8.9608749999999997 	 -0.0128909455690708 
	 8.9702699999999993 	 -0.0127778860230078 
	 8.9796649999999989 	 -0.0126664644421440 
	 8.9890599999999985 	 -0.0125566190996354 
	 8.9984549999999999 	 -0.0124487558687009 
	 9.0078499999999995 	 -0.0123404938896691 
	 9.0172449999999991 	 -0.0122424072447503 
	 9.0266400000000004 	 -0.0120945685794486 
	 9.0360350000000000 	 -0.0119711532064885 
	 9.0454299999999996 	 -0.0118788860561688 
	 9.0548249999999992 	 -0.0117757231638345 
	 9.0642199999999988 	 -0.0116768454945467 
	 9.0736149999999984 	 -0.0115948215590459 
	 9.0830099999999980 	 -0.0115265623867490 
	 9.0924050000000012 	 -0.0114482070618697 
	 9.1018000000000008 	 -0.0113540974177461 
	 9.1111950000000004 	 -0.0112635297375799 
	 9.1205900000000000 	 -0.0111737361480331 
	 9.1299849999999996 	 -0.0110852082048181 
	 9.1393799999999992 	 -0.0109980249827908 
	 9.1487749999999988 	 -0.0109119653001623 
	 9.1581699999999984 	 -0.0108270811089066 
	 9.1675649999999997 	 -0.0107433660435611 
	 9.1769600000000011 	 -0.0106607682661635 
	 9.1863550000000007 	 -0.0105793002389909 
	 9.1957500000000003 	 -0.0104988218114069 
	 9.2051449999999999 	 -0.0104193490138865 
	 9.2145399999999995 	 -0.0103411138097162 
	 9.2239349999999991 	 -0.0102642974685721 
	 9.2333299999999987 	 -0.0101872983779798 
	 9.2427250000000001 	 -0.0101144013084099 
	 9.2521200000000015 	 -0.0100331685741245 
	 9.2615150000000011 	 -0.0099337656193620 
	 9.2709100000000007 	 -0.0098653447356200 
	 9.2803050000000002 	 -0.0097947836842714 
	 9.2896999999999998 	 -0.0097255864814201 
	 9.2990949999999994 	 -0.0096572376006826 
	 9.3084899999999990 	 -0.0095896672300414 
	 9.3178849999999986 	 -0.0095228318721296 
	 9.3272800000000000 	 -0.0094562698281122 
	 9.3366749999999996 	 -0.0093903799823784 
	 9.3460700000000010 	 -0.0093269068249222 
	 9.3554650000000006 	 -0.0092646150543612 
	 9.3648600000000002 	 -0.0092026755374626 
	 9.3742549999999998 	 -0.0091412987209466 
	 9.3836499999999994 	 -0.0090803230096852 
	 9.3930450000000008 	 -0.0090202099750463 
	 9.4024400000000004 	 -0.0089609174578901 
	 9.4118350000000000 	 -0.0089023905253363 
	 9.4212299999999995 	 -0.0088446401445668 
	 9.4306249999999991 	 -0.0087876677018310 
	 9.4400200000000005 	 -0.0087313859364019 
	 9.4494150000000001 	 -0.0086757973779527 
	 9.4588099999999997 	 -0.0086208197806056 
	 9.4682049999999993 	 -0.0085664192055236 
	 9.4776000000000007 	 -0.0085125275674127 
	 9.4869950000000003 	 -0.0084590799718824 
	 9.4963899999999999 	 -0.0084060936994643 
	 9.5057849999999995 	 -0.0083535145052836 
	 9.5151799999999991 	 -0.0083013589541497 
	 9.5245749999999987 	 -0.0082496405254612 
	 9.5339700000000001 	 -0.0081983610159928 
	 9.5433650000000014 	 -0.0081475815450000 
	 9.5527600000000010 	 -0.0080973277082434 
	 9.5621550000000006 	 -0.0080476259408203 
	 9.5715500000000002 	 -0.0079985070641264 
	 9.5809449999999998 	 -0.0079500016877464 
	 9.5903399999999994 	 -0.0079021339154611 
	 9.5997349999999990 	 -0.0078549087969853 
	 9.6091299999999986 	 -0.0078083278655188 
	 9.6185250000000000 	 -0.0077623906512744 
	 9.6279200000000014 	 -0.0077170860922978 
	 9.6373150000000010 	 -0.0076723991640037 
	 9.6467100000000006 	 -0.0076283111416017 
	 9.6561050000000002 	 -0.0075848029659615 
	 9.6654999999999998 	 -0.0075418651237980 
	 9.6748949999999994 	 -0.0074994715886810 
	 9.6842899999999990 	 -0.0074576060383855 
	 9.6936850000000003 	 -0.0074162589473955 
	 9.7030800000000017 	 -0.0073753980202652 
	 9.7124750000000013 	 -0.0073350041377662 
	 9.7218700000000009 	 -0.0072950782827831 
	 9.7312650000000005 	 -0.0072556105514413 
	 9.7406600000000001 	 -0.0072165791034017 
	 9.7500549999999997 	 -0.0071779772624789 
	 9.7594499999999993 	 -0.0071398009090526 
	 9.7688449999999989 	 -0.0071020270675866 
	 9.7782400000000003 	 -0.0070646250335614 
	 9.7876350000000016 	 -0.0070278405934989 
	 9.7970300000000012 	 -0.0069916855992653 
	 9.8064250000000008 	 -0.0069560169236952 
	 9.8158200000000004 	 -0.0069207026335099 
	 9.8252150000000000 	 -0.0068857664716422 
	 9.8346099999999996 	 -0.0068512087791805 
	 9.8440050000000010 	 -0.0068169794859526 
	 9.8534000000000006 	 -0.0067830798200772 
	 9.8627950000000002 	 -0.0067494969849086 
	 9.8721899999999998 	 -0.0067162223479556 
	 9.8815850000000012 	 -0.0066832548210827 
	 9.8909800000000008 	 -0.0066505933977943 
	 9.9003750000000004 	 -0.0066181996969110 
	 9.9097700000000000 	 -0.0065861060873520 
	 9.9191649999999996 	 -0.0065542930611357 
	 9.9285600000000009 	 -0.0065227553672827 
	 9.9379550000000005 	 -0.0064914822435794 
	 9.9473500000000001 	 -0.0064604817857780 
	 9.9567449999999997 	 -0.0064297379901349 
	 9.9661400000000011 	 -0.0063992518920793 
	 9.9755350000000007 	 -0.0063690112263145 
	 9.9849300000000003 	 -0.0063390232705893 
	 9.9943250000000017 	 -0.0063092771117587 
	 10.0037200000000013 	 -0.0062797630851358 
	 10.0131150000000009 	 -0.0062504917677400 
	 10.0225099999999987 	 -0.0062214491016791 
	 10.0319049999999983 	 -0.0061926358503349 
	 10.0412999999999979 	 -0.0061640384211950 
	 10.0506950000000010 	 -0.0061356681069655 
	 10.0600900000000006 	 -0.0061075173331449 
	 10.0694850000000002 	 -0.0060795782971510 
	 10.0788799999999998 	 -0.0060518534015823 
	 10.0882749999999994 	 -0.0060243326232357 
	 10.0976699999999990 	 -0.0059970179201190 
	 10.1070649999999986 	 -0.0059698965919208 
	 10.1164600000000000 	 -0.0059429859363555 
	 10.1258549999999996 	 -0.0059162711858535 
	 10.1352499999999992 	 -0.0058897422372356 
	 10.1446450000000006 	 -0.0058634062207038 
	 10.1540400000000002 	 -0.0058372677136155 
	 10.1634349999999998 	 -0.0058113138763187 
	 10.1728299999999994 	 -0.0057855414633338 
	 10.1822249999999990 	 -0.0057599511162415 
	 10.1916199999999986 	 -0.0057345529449384 
	 10.2010149999999999 	 -0.0057094675682371 
	 10.2104099999999995 	 -0.0056846571942440 
	 10.2198049999999991 	 -0.0056600571794361 
	 10.2291999999999987 	 -0.0056356028802904 
	 10.2385950000000001 	 -0.0056112296532839 
	 10.2479899999999997 	 -0.0055868728548935 
	 10.2573849999999993 	 -0.0055624678415962 
	 10.2667800000000007 	 -0.0055379499698690 
	 10.2761750000000003 	 -0.0055132545961887 
	 10.2855699999999999 	 -0.0054883170770325 
	 10.2949649999999995 	 -0.0054630727688773 
	 10.3043599999999991 	 -0.0054374591304383 
	 10.3137550000000005 	 -0.0054114712206448 
	 10.3231500000000000 	 -0.0053851673597619 
	 10.3325449999999996 	 -0.0053586091056375 
	 10.3419399999999992 	 -0.0053318580161197 
	 10.3513350000000006 	 -0.0053049756490562 
	 10.3607300000000002 	 -0.0052780235622951 
	 10.3701249999999998 	 -0.0052510633136843 
	 10.3795199999999994 	 -0.0052241564610717 
	 10.3889149999999990 	 -0.0051973645623052 
	 10.3983099999999986 	 -0.0051707491752329 
	 10.4077050000000000 	 -0.0051443674118503 
	 10.4171000000000014 	 -0.0051182455687751 
	 10.4264950000000010 	 -0.0050923968916139 
	 10.4358900000000006 	 -0.0050668345790597 
	 10.4452850000000002 	 -0.0050415718298055 
	 10.4546799999999998 	 -0.0050166218425444 
	 10.4640749999999993 	 -0.0049919978159694 
	 10.4734699999999989 	 -0.0049677129487736 
	 10.4828649999999985 	 -0.0049437804396500 
	 10.4922599999999981 	 -0.0049202134872916 
	 10.5016550000000013 	 -0.0048970252822022 
	 10.5110500000000009 	 -0.0048742266101317 
	 10.5204450000000005 	 -0.0048518225186687 
	 10.5298400000000001 	 -0.0048298172177129 
	 10.5392349999999997 	 -0.0048082149171640 
	 10.5486299999999993 	 -0.0047870198269217 
	 10.5580249999999989 	 -0.0047662361568859 
	 10.5674200000000003 	 -0.0047458681169562 
	 10.5768149999999999 	 -0.0047259199170323 
	 10.5862100000000012 	 -0.0047063957670140 
	 10.5956050000000008 	 -0.0046872998768011 
	 10.6050000000000004 	 -0.0046686357556320 
	 10.6143949999999982 	 -0.0046503929955136 
	 10.6237899999999996 	 -0.0046325483927695 
	 10.6331849999999992 	 -0.0046150782678679 
	 10.6425799999999988 	 -0.0045979589412772 
	 10.6519749999999984 	 -0.0045811667334659 
	 10.6613699999999998 	 -0.0045646779649022 
	 10.6707649999999994 	 -0.0045484689560546 
	 10.6801600000000008 	 -0.0045325160273913 
	 10.6895550000000004 	 -0.0045167954993809 
	 10.6989500000000000 	 -0.0045012836924916 
	 10.7083449999999996 	 -0.0044859579370633 
	 10.7177400000000009 	 -0.0044708012256522 
	 10.7271349999999988 	 -0.0044557985229831 
	 10.7365300000000001 	 -0.0044409347957926 
	 10.7459249999999980 	 -0.0044261950108173 
	 10.7553199999999993 	 -0.0044115641347936 
	 10.7647149999999989 	 -0.0043970271344580 
	 10.7741100000000003 	 -0.0043825689765472 
	 10.7835049999999999 	 -0.0043681746277977 
	 10.7928999999999995 	 -0.0043538290549460 
	 10.8022949999999991 	 -0.0043395172984558 
	 10.8116900000000005 	 -0.0043252338475622 
	 10.8210849999999983 	 -0.0043109918333696 
	 10.8304799999999997 	 -0.0042968065699864 
	 10.8398749999999993 	 -0.0042826933715210 
	 10.8492700000000006 	 -0.0042686675520817 
	 10.8586650000000002 	 -0.0042547444257770 
	 10.8680600000000016 	 -0.0042409393067152 
	 10.8774549999999994 	 -0.0042272675090046 
	 10.8868500000000008 	 -0.0042137443467538 
	 10.8962449999999986 	 -0.0042003851340710 
	 10.9056400000000000 	 -0.0041872039597349 
	 10.9150349999999978 	 -0.0041741966011281 
	 10.9244299999999992 	 -0.0041613447513227 
	 10.9338249999999988 	 -0.0041486297417769 
	 10.9432200000000002 	 -0.0041360329039488 
	 10.9526149999999998 	 -0.0041235355692967 
	 10.9620100000000011 	 -0.0041111190692785 
	 10.9714049999999990 	 -0.0040987647353524 
	 10.9808000000000003 	 -0.0040864538989765 
	 10.9901949999999999 	 -0.0040741678916090 
	 10.9995899999999995 	 -0.0040618880447079 
	 11.0089849999999991 	 -0.0040495997027110 
	 11.0183800000000005 	 -0.0040373065099153 
	 11.0277750000000001 	 -0.0040250173241071 
	 11.0371700000000015 	 -0.0040127410034539 
	 11.0465649999999993 	 -0.0040004864061230 
	 11.0559600000000007 	 -0.0039882623902820 
	 11.0653549999999985 	 -0.0039760778140983 
	 11.0747499999999999 	 -0.0039639415357394 
	 11.0841449999999995 	 -0.0039518624133726 
	 11.0935399999999991 	 -0.0039398493051656 
	 11.1029349999999987 	 -0.0039279110102344 
	 11.1123300000000000 	 -0.0039160521857148 
	 11.1217249999999996 	 -0.0039042706983476 
	 11.1311200000000010 	 -0.0038925637852191 
	 11.1405150000000006 	 -0.0038809286834153 
	 11.1499100000000002 	 -0.0038693626300224 
	 11.1593049999999998 	 -0.0038578628621266 
	 11.1687000000000012 	 -0.0038464266168141 
	 11.1780949999999990 	 -0.0038350511311709 
	 11.1874900000000004 	 -0.0038237336422832 
	 11.1968849999999982 	 -0.0038124713872371 
	 11.2062799999999996 	 -0.0038012617440822 
	 11.2156749999999992 	 -0.0037901037190608 
	 11.2250700000000005 	 -0.0037789973638955 
	 11.2344650000000001 	 -0.0037679427475121 
	 11.2438599999999997 	 -0.0037569399388360 
	 11.2532549999999993 	 -0.0037459890067930 
	 11.2626500000000007 	 -0.0037350900203086 
	 11.2720449999999985 	 -0.0037242430483084 
	 11.2814399999999999 	 -0.0037134481597181 
	 11.2908350000000013 	 -0.0037027054234631 
	 11.3002300000000009 	 -0.0036920149084710 
	 11.3096250000000005 	 -0.0036813768129832 
	 11.3190200000000019 	 -0.0036707918158951 
	 11.3284149999999997 	 -0.0036602607077534 
	 11.3378100000000011 	 -0.0036497842791052 
	 11.3472049999999989 	 -0.0036393633204973 
	 11.3566000000000003 	 -0.0036289986224766 
	 11.3659949999999981 	 -0.0036186909755901 
	 11.3753899999999994 	 -0.0036084411703845 
	 11.3847850000000008 	 -0.0035982499974069 
	 11.3941800000000004 	 -0.0035881182472041 
	 11.4035750000000000 	 -0.0035780466604158 
	 11.4129700000000014 	 -0.0035680337941389 
	 11.4223649999999992 	 -0.0035580752195322 
	 11.4317600000000006 	 -0.0035481662924247 
	 11.4411550000000002 	 -0.0035383023686453 
	 11.4505499999999998 	 -0.0035284788040229 
	 11.4599449999999994 	 -0.0035186909543866 
	 11.4693400000000025 	 -0.0035089341755652 
	 11.4787350000000004 	 -0.0034992038233877 
	 11.4881300000000017 	 -0.0034894952536830 
	 11.4975249999999996 	 -0.0034798038222801 
	 11.5069200000000009 	 -0.0034701262970256 
	 11.5163149999999987 	 -0.0034604723024388 
	 11.5257100000000001 	 -0.0034508583310926 
	 11.5351049999999997 	 -0.0034413009401620 
	 11.5444999999999993 	 -0.0034318166868222 
	 11.5538950000000007 	 -0.0034224221282481 
	 11.5632900000000021 	 -0.0034131338216148 
	 11.5726849999999999 	 -0.0034039683240973 
	 11.5820800000000013 	 -0.0033949421928707 
	 11.5914750000000009 	 -0.0033860719851100 
	 11.6008700000000005 	 -0.0033773742475036 
	 11.6102650000000001 	 -0.0033688483436724 
	 11.6196600000000014 	 -0.0033604414610280 
	 11.6290549999999993 	 -0.0033520909204190 
	 11.6384500000000006 	 -0.0033437340426940 
	 11.6478450000000002 	 -0.0033353081487015 
	 11.6572400000000016 	 -0.0033267505592903 
	 11.6666349999999994 	 -0.0033179985953088 
	 11.6760300000000008 	 -0.0033089895776057 
	 11.6854250000000004 	 -0.0032996608270296 
	 11.6948200000000000 	 -0.0032899496644290 
	 11.7042149999999996 	 -0.0032797958919836 
	 11.7136100000000010 	 -0.0032692129211392 
	 11.7230049999999988 	 -0.0032582983341363 
	 11.7324000000000002 	 -0.0032471543187624 
	 11.7417950000000015 	 -0.0032358830628056 
	 11.7511900000000011 	 -0.0032245867540534 
	 11.7605850000000007 	 -0.0032133675802937 
	 11.7699800000000021 	 -0.0032023277293142 
	 11.7793749999999999 	 -0.0031915693889026 
	 11.7887699999999978 	 -0.0031811947468468 
	 11.7981649999999991 	 -0.0031713059909345 
	 11.8075599999999987 	 -0.0031619907580118 
	 11.8169549999999983 	 -0.0031532307469272 
	 11.8263499999999997 	 -0.0031449607947205 
	 11.8357450000000011 	 -0.0031371155303498 
	 11.8451399999999989 	 -0.0031296295827730 
	 11.8545350000000003 	 -0.0031224375809483 
	 11.8639299999999999 	 -0.0031154741538335 
	 11.8733249999999995 	 -0.0031086739303868 
	 11.8827199999999991 	 -0.0031019715395662 
	 11.8921150000000004 	 -0.0030953016103297 
	 11.9015099999999983 	 -0.0030885988219274 
	 11.9109049999999996 	 -0.0030818165952796 
	 11.9202999999999992 	 -0.0030749550774715 
	 11.9296950000000006 	 -0.0030680215765793 
	 11.9390899999999984 	 -0.0030610234006791 
	 11.9484849999999998 	 -0.0030539678578472 
	 11.9578799999999994 	 -0.0030468622561599 
	 11.9672749999999990 	 -0.0030397139036933 
	 11.9766699999999986 	 -0.0030325301085236 
	 11.9860650000000000 	 -0.0030253181787271 
	 11.9954599999999978 	 -0.0030180854223800 
	 12.0048550000000009 	 -0.0030108397945253 
	 12.0142500000000005 	 -0.0030036030214212 
	 12.0236450000000001 	 -0.0029964100112195 
	 12.0330399999999997 	 -0.0029892962011037 
	 12.0424350000000011 	 -0.0029822970282578 
	 12.0518299999999989 	 -0.0029754479298653 
	 12.0612250000000003 	 -0.0029687843431102 
	 12.0706199999999981 	 -0.0029623417051760 
	 12.0800149999999995 	 -0.0029561554532465 
	 12.0894099999999991 	 -0.0029502610245055 
	 12.0988050000000005 	 -0.0029446938561367 
	 12.1082000000000001 	 -0.0029394783617808 
	 12.1175949999999997 	 -0.0029345741443410 
	 12.1269899999999993 	 -0.0029299171984465 
	 12.1363850000000006 	 -0.0029254434846088 
	 12.1457799999999985 	 -0.0029210889633389 
	 12.1551749999999998 	 -0.0029167895951484 
	 12.1645699999999994 	 -0.0029124813405484 
	 12.1739649999999990 	 -0.0029081001600503 
	 12.1833600000000004 	 -0.0029035820141653 
	 12.1927550000000018 	 -0.0028988628634048 
	 12.2021499999999996 	 -0.0028938788815859 
	 12.2115450000000010 	 -0.0028885984163066 
	 12.2209399999999988 	 -0.0028830560555696 
	 12.2303350000000002 	 -0.0028772945494896 
	 12.2397299999999980 	 -0.0028713566481812 
	 12.2491249999999994 	 -0.0028652851017590 
	 12.2585199999999990 	 -0.0028591226603376 
	 12.2679150000000003 	 -0.0028529120740318 
	 12.2773099999999999 	 -0.0028466960929560 
	 12.2867050000000013 	 -0.0028405174672249 
	 12.2960999999999991 	 -0.0028344189469532 
	 12.3054950000000005 	 -0.0028284413190175 
	 12.3148900000000001 	 -0.0028225941612937 
	 12.3242849999999997 	 -0.0028168620534164 
	 12.3336799999999993 	 -0.0028112288731383 
	 12.3430750000000007 	 -0.0028056784982127 
	 12.3524700000000003 	 -0.0028001948063923 
	 12.3618650000000017 	 -0.0027947616754303 
	 12.3712599999999995 	 -0.0027893629830795 
	 12.3806550000000009 	 -0.0027839826070932 
	 12.3900499999999987 	 -0.0027786044252241 
	 12.3994450000000001 	 -0.0027732123152253 
	 12.4088399999999996 	 -0.0027677953417234 
	 12.4182349999999992 	 -0.0027623673485503 
	 12.4276299999999988 	 -0.0027569495707646 
	 12.4370250000000002 	 -0.0027515632447086 
	 12.4464199999999998 	 -0.0027462296067245 
	 12.4558150000000012 	 -0.0027409698931546 
	 12.4652100000000008 	 -0.0027358053403412 
	 12.4746050000000004 	 -0.0027307571846265 
	 12.4840000000000000 	 -0.0027258466623527 
	 12.4933950000000014 	 -0.0027210950098622 
	 12.5027899999999992 	 -0.0027165232731555 
	 12.5121850000000006 	 -0.0027121374034431 
	 12.5215799999999984 	 -0.0027079175548483 
	 12.5309750000000015 	 -0.0027038413560383 
	 12.5403699999999994 	 -0.0026998864356802 
	 12.5497650000000007 	 -0.0026960304224412 
	 12.5591600000000003 	 -0.0026922509449887 
	 12.5685549999999999 	 -0.0026885256319897 
	 12.5779499999999995 	 -0.0026848321121114 
	 12.5873450000000009 	 -0.0026811480140212 
	 12.5967399999999987 	 -0.0026774509663861 
	 12.6061350000000001 	 -0.0026737200679595 
	 12.6155299999999997 	 -0.0026699523830347 
	 12.6249250000000011 	 -0.0026661569964601 
	 12.6343200000000007 	 -0.0026623432136567 
	 12.6437150000000020 	 -0.0026585203400458 
	 12.6531099999999999 	 -0.0026546976810484 
	 12.6625050000000012 	 -0.0026508845420857 
	 12.6718999999999991 	 -0.0026470902285787 
	 12.6812950000000004 	 -0.0026433240459487 
	 12.6906899999999982 	 -0.0026395952996166 
	 12.7000849999999996 	 -0.0026359132950037 
	 12.7094800000000010 	 -0.0026322873375310 
	 12.7188750000000006 	 -0.0026287267326196 
	 12.7282700000000002 	 -0.0026252407856908 
	 12.7376650000000016 	 -0.0026218388021655 
	 12.7470599999999994 	 -0.0026185300874650 
	 12.7564550000000008 	 -0.0026153239470103 
	 12.7658500000000004 	 -0.0026122296862226 
	 12.7752450000000000 	 -0.0026092566105230 
	 12.7846399999999996 	 -0.0026064140253326 
	 12.7940350000000009 	 -0.0026037112360724 
	 12.8034300000000005 	 -0.0026011571291620 
	 12.8128250000000019 	 -0.0025987403639269 
	 12.8222199999999997 	 -0.0025964207870906 
	 12.8316150000000011 	 -0.0025941560416142 
	 12.8410099999999989 	 -0.0025919037704587 
	 12.8504050000000003 	 -0.0025896216165848 
	 12.8597999999999999 	 -0.0025872672229536 
	 12.8691949999999995 	 -0.0025847982325261 
	 12.8785899999999991 	 -0.0025821722882630 
	 12.8879850000000022 	 -0.0025793470331255 
	 12.8973800000000001 	 -0.0025762801100744 
	 12.9067750000000014 	 -0.0025729349470264 
	 12.9161700000000010 	 -0.0025693304827035 
	 12.9255650000000006 	 -0.0025655165834580 
	 12.9349600000000002 	 -0.0025615434502033 
	 12.9443550000000016 	 -0.0025574612838533 
	 12.9537499999999994 	 -0.0025533202853215 
	 12.9631449999999973 	 -0.0025491706555216 
	 12.9725400000000004 	 -0.0025450625953671 
	 12.9819350000000000 	 -0.0025410463057718 
	 12.9913299999999996 	 -0.0025371719876493 
	 13.0007249999999992 	 -0.0025334898298317 
	 13.0101200000000006 	 -0.0025300172108831 
	 13.0195149999999984 	 -0.0025266672507370 
	 13.0289099999999998 	 -0.0025233324076895 
	 13.0383049999999994 	 -0.0025199051400369 
	 13.0476999999999990 	 -0.0025162779060753 
	 13.0570950000000003 	 -0.0025123431641010 
	 13.0664900000000017 	 -0.0025079933724101 
	 13.0758849999999995 	 -0.0025031209892988 
	 13.0852800000000009 	 -0.0024976184730632 
	 13.0946749999999987 	 -0.0024913782819997 
	 13.1040700000000001 	 -0.0024842957153481 
	 13.1134649999999979 	 -0.0024763575808786 
	 13.1228599999999993 	 -0.0024676596368512 
	 13.1322549999999989 	 -0.0024583040041790 
	 13.1416499999999985 	 -0.0024483928037749 
	 13.1510449999999999 	 -0.0024380281565518 
	 13.1604400000000012 	 -0.0024273121834229 
	 13.1698349999999991 	 -0.0024163470053009 
	 13.1792300000000004 	 -0.0024052347430990 
	 13.1886250000000000 	 -0.0023940775177301 
	 13.1980199999999996 	 -0.0023829774501071 
	 13.2074149999999992 	 -0.0023720277254826 
	 13.2168100000000006 	 -0.0023612531608193 
	 13.2262049999999984 	 -0.0023506469948718 
	 13.2356000000000016 	 -0.0023402022962614 
	 13.2449949999999994 	 -0.0023299121336096 
	 13.2543900000000008 	 -0.0023197695755377 
	 13.2637849999999986 	 -0.0023097676906673 
	 13.2731800000000000 	 -0.0022998995476196 
	 13.2825749999999996 	 -0.0022901582150161 
	 13.2919699999999992 	 -0.0022805367614783 
	 13.3013649999999988 	 -0.0022710282609860 
	 13.3107600000000001 	 -0.0022616283908013 
	 13.3201549999999980 	 -0.0022523396116651 
	 13.3295500000000011 	 -0.0022431654752364 
	 13.3389450000000007 	 -0.0022341095331742 
	 13.3483400000000003 	 -0.0022251753371374 
	 13.3577349999999999 	 -0.0022163664387851 
	 13.3671300000000013 	 -0.0022076863897762 
	 13.3765249999999991 	 -0.0021991387417698 
	 13.3859200000000005 	 -0.0021907270464249 
	 13.3953149999999983 	 -0.0021824548554005 
	 13.4047099999999997 	 -0.0021743255671774 
	 13.4141049999999993 	 -0.0021663390790557 
	 13.4235000000000007 	 -0.0021584917992851 
	 13.4328950000000003 	 -0.0021507799853637 
	 13.4422899999999998 	 -0.0021431998947894 
	 13.4516849999999994 	 -0.0021357477850603 
	 13.4610800000000008 	 -0.0021284199136743 
	 13.4704749999999986 	 -0.0021212125381296 
	 13.4798700000000000 	 -0.0021141219159240 
	 13.4892649999999996 	 -0.0021071443045557 
	 13.4986599999999992 	 -0.0021002759615225 
	 13.5080550000000006 	 -0.0020935131443227 
	 13.5174500000000020 	 -0.0020868521104540 
	 13.5268449999999998 	 -0.0020802891174146 
	 13.5362400000000012 	 -0.0020738204227025 
	 13.5456349999999990 	 -0.0020674422838156 
	 13.5550300000000004 	 -0.0020611509582521 
	 13.5644249999999982 	 -0.0020549427035098 
	 13.5738199999999996 	 -0.0020488137770869 
	 13.5832149999999992 	 -0.0020427604364812 
	 13.5926100000000005 	 -0.0020367789391909 
	 13.6020050000000001 	 -0.0020308655464227 
	 13.6114000000000015 	 -0.0020250171862554 
	 13.6207949999999993 	 -0.0020192322199015 
	 13.6301900000000007 	 -0.0020135091942755 
	 13.6395850000000003 	 -0.0020078466562919 
	 13.6489799999999999 	 -0.0020022431528652 
	 13.6583749999999995 	 -0.0019966972309100 
	 13.6677700000000009 	 -0.0019912074373406 
	 13.6771649999999987 	 -0.0019857723190717 
	 13.6865600000000018 	 -0.0019803904230177 
	 13.6959549999999997 	 -0.0019750602960931 
	 13.7053500000000010 	 -0.0019697804864956 
	 13.7147449999999989 	 -0.0019645495641537 
	 13.7241400000000002 	 -0.0019593661171208 
	 13.7335349999999998 	 -0.0019542287340053 
	 13.7429299999999994 	 -0.0019491360034152 
	 13.7523249999999990 	 -0.0019440865139586 
	 13.7617200000000004 	 -0.0019390788542438 
	 13.7711150000000000 	 -0.0019341116128790 
	 13.7805100000000014 	 -0.0019291833784722 
	 13.7899050000000010 	 -0.0019242927396316 
	 13.7993000000000006 	 -0.0019194382849654 
	 13.8086950000000002 	 -0.0019146186933849 
	 13.8180900000000015 	 -0.0019098330958119 
	 13.8274849999999994 	 -0.0019050807643029 
	 13.8368800000000007 	 -0.0019003609709613 
	 13.8462749999999986 	 -0.0018956729878908 
	 13.8556699999999999 	 -0.0018910160871948 
	 13.8650649999999995 	 -0.0018863895409770 
	 13.8744600000000009 	 -0.0018817926213408 
	 13.8838550000000005 	 -0.0018772246003898 
	 13.8932500000000001 	 -0.0018726847502275 
	 13.9026449999999997 	 -0.0018681723564868 
	 13.9120400000000011 	 -0.0018636879267653 
	 13.9214349999999989 	 -0.0018592341461239 
	 13.9308300000000003 	 -0.0018548139244822 
	 13.9402249999999999 	 -0.0018504301717602 
	 13.9496200000000012 	 -0.0018460857978777 
	 13.9590150000000008 	 -0.0018417837127544 
	 13.9684100000000022 	 -0.0018375268263103 
	 13.9778050000000000 	 -0.0018333180484651 
	 13.9872000000000014 	 -0.0018291602891387 
	 13.9965949999999992 	 -0.0018250564582508 
	 14.0059900000000006 	 -0.0018210091023055 
	 14.0153849999999984 	 -0.0018170160638074 
	 14.0247799999999998 	 -0.0018130719061564 
	 14.0341750000000012 	 -0.0018091711259987 
	 14.0435700000000008 	 -0.0018053082199809 
	 14.0529650000000004 	 -0.0018014776847491 
	 14.0623600000000017 	 -0.0017976740169498 
	 14.0717549999999996 	 -0.0017938917132292 
	 14.0811500000000009 	 -0.0017901252702338 
	 14.0905450000000005 	 -0.0017863691846098 
	 14.0999400000000001 	 -0.0017826179530037 
	 14.1093349999999997 	 -0.0017788670589171 
	 14.1187300000000011 	 -0.0017751160096336 
	 14.1281250000000007 	 -0.0017713653378401 
	 14.1375199999999985 	 -0.0017676155762237 
	 14.1469149999999999 	 -0.0017638672574717 
	 14.1563099999999995 	 -0.0017601209142710 
	 14.1657049999999991 	 -0.0017563770793088 
	 14.1750999999999987 	 -0.0017526362852724 
	 14.1844950000000001 	 -0.0017488990648487 
	 14.1938899999999979 	 -0.0017451659507250 
	 14.2032849999999993 	 -0.0017414374755884 
	 14.2126800000000006 	 -0.0017377141721261 
	 14.2220750000000002 	 -0.0017339965730251 
	 14.2314699999999998 	 -0.0017302852109726 
	 14.2408650000000012 	 -0.0017265806186558 
	 14.2502599999999990 	 -0.0017228833287617 
	 14.2596550000000004 	 -0.0017191938739776 
	 14.2690499999999982 	 -0.0017155127869905 
	 14.2784449999999996 	 -0.0017118406004876 
	 14.2878399999999974 	 -0.0017081778471560 
	 14.2972350000000006 	 -0.0017045250596829 
	 14.3066300000000002 	 -0.0017008827140450 
	 14.3160249999999998 	 -0.0016972507122741 
	 14.3254199999999994 	 -0.0016936286229728 
	 14.3348150000000008 	 -0.0016900160106298 
	 14.3442099999999986 	 -0.0016864124397342 
	 14.3536049999999999 	 -0.0016828174747747 
	 14.3629999999999995 	 -0.0016792306802405 
	 14.3723949999999991 	 -0.0016756516206203 
	 14.3817899999999987 	 -0.0016720798604031 
	 14.3911850000000019 	 -0.0016685149640778 
	 14.4005799999999997 	 -0.0016649564961508 
	 14.4099750000000011 	 -0.0016614041103837 
	 14.4193699999999989 	 -0.0016578577574124 
	 14.4287650000000003 	 -0.0016543174495184 
	 14.4381599999999981 	 -0.0016507831989833 
	 14.4475549999999995 	 -0.0016472550180886 
	 14.4569499999999991 	 -0.0016437329191159 
	 14.4663449999999987 	 -0.0016402169143468 
	 14.4757400000000001 	 -0.0016367070160628 
	 14.4851350000000014 	 -0.0016332032365455 
	 14.4945299999999992 	 -0.0016297055880764 
	 14.5039250000000006 	 -0.0016262140834947 
	 14.5133200000000002 	 -0.0016227287551970 
	 14.5227149999999998 	 -0.0016192496598273 
	 14.5321099999999994 	 -0.0016157768555383 
	 14.5415050000000008 	 -0.0016123104004827 
	 14.5508999999999986 	 -0.0016088503528131 
	 14.5602950000000000 	 -0.0016053967706825 
	 14.5696899999999996 	 -0.0016019497122434 
	 14.5790850000000010 	 -0.0015985092356486 
	 14.5884799999999988 	 -0.0015950753990508 
	 14.5978750000000002 	 -0.0015916482606027 
	 14.6072699999999998 	 -0.0015882278784572 
	 14.6166649999999994 	 -0.0015848143107668 
	 14.6260599999999990 	 -0.0015814076156844 
	 14.6354550000000003 	 -0.0015780078513626 
	 14.6448499999999981 	 -0.0015746150759541 
	 14.6542450000000013 	 -0.0015712293476118 
	 14.6636400000000009 	 -0.0015678507244883 
	 14.6730350000000005 	 -0.0015644792647363 
	 14.6824300000000001 	 -0.0015611150265087 
	 14.6918250000000015 	 -0.0015577580679580 
	 14.7012199999999993 	 -0.0015544084468647 
	 14.7106150000000007 	 -0.0015510659772629 
	 14.7200099999999985 	 -0.0015477298091703 
	 14.7294049999999999 	 -0.0015443989805870 
	 14.7387999999999995 	 -0.0015410725295130 
	 14.7481950000000008 	 -0.0015377494939485 
	 14.7575900000000004 	 -0.0015344289118935 
	 14.7669850000000000 	 -0.0015311098213479 
	 14.7763799999999996 	 -0.0015277912603120 
	 14.7857750000000010 	 -0.0015244722667857 
	 14.7951699999999988 	 -0.0015211518787690 
	 14.8045650000000002 	 -0.0015178292249227 
	 14.8139599999999998 	 -0.0015145056639665 
	 14.8233549999999994 	 -0.0015111848682581 
	 14.8327500000000008 	 -0.0015078706175390 
	 14.8421450000000021 	 -0.0015045666915505 
	 14.8515400000000000 	 -0.0015012768700339 
	 14.8609350000000013 	 -0.0014980049327308 
	 14.8703299999999992 	 -0.0014947546593823 
	 14.8797250000000005 	 -0.0014915298297300 
	 14.8891199999999984 	 -0.0014883342235151 
	 14.8985149999999997 	 -0.0014851716204791 
	 14.9079099999999993 	 -0.0014820452408600 
	 14.9173049999999989 	 -0.0014789546843879 
	 14.9267000000000003 	 -0.0014758981096067 
	 14.9360950000000017 	 -0.0014728736713578 
	 14.9454899999999995 	 -0.0014698795244829 
	 14.9548850000000009 	 -0.0014669138238237 
	 14.9642800000000005 	 -0.0014639747242215 
	 14.9736750000000001 	 -0.0014610603805182 
	 14.9830699999999997 	 -0.0014581689475552 
	 14.9924650000000010 	 -0.0014552985801741 
	 15.0018600000000006 	 -0.0014524474332166 
	 15.0112550000000020 	 -0.0014496136615243 
	 15.0206499999999998 	 -0.0014467954199387 
	 15.0300450000000012 	 -0.0014439908633013 
	 15.0394399999999990 	 -0.0014411981464540 
	 15.0488350000000004 	 -0.0014384154242381 
	 15.0582300000000000 	 -0.0014356408514953 
	 15.0676249999999996 	 -0.0014328725830672 
	 15.0770199999999992 	 -0.0014301087737954 
	 15.0864150000000006 	 -0.0014273475785215 
	 15.0958100000000002 	 -0.0014245871520871 
	 15.1052050000000015 	 -0.0014218256493337 
	 15.1146000000000011 	 -0.0014190612251030 
	 15.1239950000000007 	 -0.0014162920342366 
	 15.1333900000000003 	 -0.0014135162315760 
	 15.1427850000000017 	 -0.0014107319719628 
	 15.1521799999999995 	 -0.0014079374102387 
	 15.1615750000000009 	 -0.0014051307012452 
	 15.1709699999999987 	 -0.0014023099998239 
	 15.1803650000000001 	 -0.0013994734608165 
	 15.1897599999999997 	 -0.0013966192390644 
	 15.1991550000000011 	 -0.0013937454894094 
	 15.2085500000000007 	 -0.0013908509680017 
	 15.2179450000000003 	 -0.0013879375851780 
	 15.2273399999999999 	 -0.0013850082819499 
	 15.2367350000000012 	 -0.0013820659999097 
	 15.2461299999999991 	 -0.0013791136806495 
	 15.2555250000000004 	 -0.0013761542657616 
	 15.2649200000000000 	 -0.0013731906968381 
	 15.2743150000000014 	 -0.0013702259154713 
	 15.2837100000000010 	 -0.0013672628632534 
	 15.2931050000000024 	 -0.0013643044817765 
	 15.3025000000000002 	 -0.0013613537028770 
	 15.3118949999999980 	 -0.0013584124465712 
	 15.3212899999999994 	 -0.0013554807525114 
	 15.3306849999999990 	 -0.0013525584556829 
	 15.3400799999999986 	 -0.0013496453910712 
	 15.3494749999999982 	 -0.0013467413936617 
	 15.3588699999999996 	 -0.0013438462984398 
	 15.3682649999999992 	 -0.0013409599403909 
	 15.3776600000000006 	 -0.0013380821545004 
	 15.3870550000000001 	 -0.0013352127757538 
	 15.3964499999999997 	 -0.0013323516391365 
	 15.4058449999999993 	 -0.0013294985796338 
	 15.4152400000000007 	 -0.0013266534322313 
	 15.4246349999999985 	 -0.0013238160319143 
	 15.4340299999999999 	 -0.0013209862136681 
	 15.4434249999999977 	 -0.0013181638124784 
	 15.4528200000000009 	 -0.0013153486633304 
	 15.4622149999999987 	 -0.0013125406012096 
	 15.4716100000000001 	 -0.0013097394611014 
	 15.4810049999999997 	 -0.0013069450779912 
	 15.4903999999999993 	 -0.0013041572868644 
	 15.4997949999999989 	 -0.0013013759227064 
	 15.5091900000000003 	 -0.0012986008205027 
	 15.5185849999999981 	 -0.0012958318152387 
	 15.5279799999999994 	 -0.0012930687418998 
	 15.5373750000000008 	 -0.0012903114354713 
	 15.5467700000000004 	 -0.0012875597309388 
	 15.5561650000000000 	 -0.0012848134632877 
	 15.5655600000000014 	 -0.0012820724675032 
	 15.5749549999999992 	 -0.0012793365785710 
	 15.5843500000000006 	 -0.0012766056314763 
	 15.5937449999999984 	 -0.0012738794612046 
	 15.6031399999999998 	 -0.0012711579047927 
	 15.6125349999999976 	 -0.0012684409215773 
	 15.6219299999999990 	 -0.0012657286600115 
	 15.6313250000000004 	 -0.0012630212847641 
	 15.6407200000000000 	 -0.0012603189605040 
	 15.6501149999999996 	 -0.0012576218519000 
	 15.6595100000000009 	 -0.0012549301236209 
	 15.6689049999999988 	 -0.0012522439403357 
	 15.6783000000000001 	 -0.0012495634667131 
	 15.6876949999999997 	 -0.0012468888674220 
	 15.6970899999999993 	 -0.0012442203071313 
	 15.7064849999999989 	 -0.0012415579394326 
	 15.7158800000000021 	 -0.0012389017995775 
	 15.7252749999999999 	 -0.0012362518511475 
	 15.7346700000000013 	 -0.0012336080567232 
	 15.7440649999999991 	 -0.0012309703788853 
	 15.7534600000000005 	 -0.0012283387802145 
	 15.7628549999999983 	 -0.0012257132232912 
	 15.7722499999999997 	 -0.0012230936706963 
	 15.7816449999999993 	 -0.0012204800850103 
	 15.7910399999999989 	 -0.0012178724288138 
	 15.8004350000000002 	 -0.0012152706646889 
	 15.8098300000000016 	 -0.0012126747708920 
	 15.8192249999999994 	 -0.0012100847802642 
	 15.8286200000000008 	 -0.0012075007375207 
	 15.8380150000000004 	 -0.0012049226873769 
	 15.8474100000000000 	 -0.0012023506745479 
	 15.8568049999999996 	 -0.0011997847437491 
	 15.8662000000000010 	 -0.0011972249396958 
	 15.8755949999999988 	 -0.0011946713071032 
	 15.8849900000000002 	 -0.0011921238906867 
	 15.8943849999999998 	 -0.0011895827351615 
	 15.9037800000000011 	 -0.0011870478844104 
	 15.9131749999999990 	 -0.0011845193503949 
	 15.9225700000000003 	 -0.0011819971038641 
	 15.9319649999999999 	 -0.0011794811128387 
	 15.9413599999999995 	 -0.0011769713453389 
	 15.9507549999999991 	 -0.0011744677693854 
	 15.9601500000000005 	 -0.0011719703529984 
	 15.9695449999999983 	 -0.0011694790641985 
	 15.9789400000000015 	 -0.0011669938710062 
	 15.9883350000000011 	 -0.0011645147414418 
	 15.9977300000000007 	 -0.0011620416435259 
	 16.0071249999999985 	 -0.0011595745485883 
	 16.0165199999999999 	 -0.0011571134559721 
	 16.0259150000000012 	 -0.0011546583791155 
	 16.0353100000000026 	 -0.0011522093315636 
	 16.0447050000000004 	 -0.0011497663268616 
	 16.0541000000000018 	 -0.0011473293785545 
	 16.0634949999999996 	 -0.0011448985001874 
	 16.0728900000000010 	 -0.0011424737053056 
	 16.0822849999999988 	 -0.0011400550074541 
	 16.0916800000000002 	 -0.0011376424201781 
	 16.1010749999999980 	 -0.0011352359570113 
	 16.1104699999999994 	 -0.0011328356209919 
	 16.1198650000000008 	 -0.0011304413852574 
	 16.1292600000000022 	 -0.0011280532176556 
	 16.1386550000000000 	 -0.0011256710860346 
	 16.1480500000000013 	 -0.0011232949582421 
	 16.1574449999999992 	 -0.0011209248021261 
	 16.1668400000000005 	 -0.0011185605855346 
	 16.1762349999999984 	 -0.0011162022763154 
	 16.1856299999999997 	 -0.0011138498423165 
	 16.1950249999999976 	 -0.0011115032513857 
	 16.2044200000000025 	 -0.0011091624758257 
	 16.2138150000000003 	 -0.0011068276061392 
	 16.2232100000000017 	 -0.0011044988604994 
	 16.2326049999999995 	 -0.0011021764634318 
	 16.2420000000000009 	 -0.0010998606394617 
	 16.2513949999999987 	 -0.0010975516131147 
	 16.2607900000000001 	 -0.0010952496089163 
	 16.2701850000000015 	 -0.0010929548513917 
	 16.2795799999999993 	 -0.0010906675650665 
	 16.2889750000000006 	 -0.0010883879744661 
	 16.2983700000000020 	 -0.0010861163041160 
	 16.3077649999999998 	 -0.0010838526637565 
	 16.3171600000000012 	 -0.0010815963834347 
	 16.3265549999999990 	 -0.0010793464688983 
	 16.3359500000000004 	 -0.0010771019248332 
	 16.3453449999999982 	 -0.0010748617559252 
	 16.3547399999999996 	 -0.0010726249668602 
	 16.3641349999999974 	 -0.0010703905623240 
	 16.3735299999999988 	 -0.0010681575470025 
	 16.3829250000000002 	 -0.0010659249255817 
	 16.3923200000000016 	 -0.0010636917027473 
	 16.4017150000000029 	 -0.0010614568880734 
	 16.4111100000000008 	 -0.0010592208005081 
	 16.4205050000000021 	 -0.0010569868274622 
	 16.4299000000000035 	 -0.0010547587953248 
	 16.4392950000000013 	 -0.0010525405304847 
	 16.4486900000000027 	 -0.0010503358593308 
	 16.4580850000000005 	 -0.0010481486082519 
	 16.4674800000000019 	 -0.0010459826036369 
	 16.4768749999999997 	 -0.0010438416718746 
	 16.4862699999999975 	 -0.0010417296393539 
	 16.4956649999999989 	 -0.0010396503324638 
	 16.5050599999999967 	 -0.0010376073837761 
	 16.5144549999999981 	 -0.0010356006826307 
	 16.5238499999999959 	 -0.0010336267337143 
	 16.5332449999999973 	 -0.0010316819198408 
	 16.5426399999999987 	 -0.0010297626238241 
	 16.5520349999999965 	 -0.0010278652284781 
	 16.5614300000000014 	 -0.0010259861166165 
	 16.5708250000000028 	 -0.0010241216710533 
	 16.5802200000000006 	 -0.0010222682746023 
	 16.5896150000000020 	 -0.0010204223100775 
	 16.5990099999999998 	 -0.0010185801602925 
	 16.6084050000000012 	 -0.0010167382080614 
	 16.6177999999999990 	 -0.0010148928361980 
	 16.6271950000000004 	 -0.0010130404275161 
	 16.6365899999999982 	 -0.0010111773648296 
	 16.6459849999999996 	 -0.0010093000309524 
	 16.6553799999999974 	 -0.0010074048086983 
	 16.6647749999999988 	 -0.0010054880808813 
	 16.6741700000000002 	 -0.0010035462303150 
	 16.6835649999999980 	 -0.0010015756398135 
	 16.6929599999999994 	 -0.0009995726921906 
	 16.7023550000000007 	 -0.0009975337702602 
	 16.7117499999999986 	 -0.0009954552568360 
	 16.7211449999999999 	 -0.0009933335347320 
	 16.7305400000000013 	 -0.0009911649867621 
	 16.7399350000000027 	 -0.0009889459957401 
	 16.7493300000000005 	 -0.0009866729444798 
	 16.7587250000000019 	 -0.0009843422157952 
	 16.7681199999999997 	 -0.0009819501925000 
	 16.7775150000000011 	 -0.0009794932574082 
	 16.7869099999999989 	 -0.0009769677933337 
	 16.7963050000000003 	 -0.0009743701830902 
	 16.8056999999999981 	 -0.0009716977106652 
	 16.8150949999999995 	 -0.0009689607925681 
	 16.8244899999999973 	 -0.0009661797778370 
	 16.8338849999999987 	 -0.0009633752609966 
	 16.8432800000000000 	 -0.0009605678365713 
	 16.8526749999999979 	 -0.0009577780990858 
	 16.8620699999999992 	 -0.0009550266430645 
	 16.8714650000000006 	 -0.0009523340630321 
	 16.8808599999999984 	 -0.0009497209535129 
	 16.8902549999999998 	 -0.0009472079090317 
	 16.8996499999999976 	 -0.0009448155241129 
	 16.9090450000000025 	 -0.0009425589157697 
	 16.9184400000000004 	 -0.0009404286979874 
	 16.9278350000000017 	 -0.0009384086358231 
	 16.9372299999999996 	 -0.0009364824940167 
	 16.9466250000000009 	 -0.0009346340373078 
	 16.9560199999999988 	 -0.0009328470304361 
	 16.9654150000000001 	 -0.0009311052381415 
	 16.9748100000000015 	 -0.0009293924251637 
	 16.9842049999999993 	 -0.0009276923562424 
	 16.9936000000000007 	 -0.0009259887961174 
	 17.0029950000000021 	 -0.0009242656206935 
	 17.0123899999999999 	 -0.0009225141315269 
	 17.0217850000000013 	 -0.0009207375968956 
	 17.0311799999999991 	 -0.0009189403697984 
	 17.0405750000000005 	 -0.0009171268032340 
	 17.0499699999999983 	 -0.0009153012502011 
	 17.0593649999999997 	 -0.0009134680636983 
	 17.0687599999999975 	 -0.0009116315967245 
	 17.0781549999999989 	 -0.0009097962022784 
	 17.0875500000000002 	 -0.0009079662333586 
	 17.0969450000000016 	 -0.0009061460429639 
	 17.1063399999999994 	 -0.0009043396995947 
	 17.1157350000000008 	 -0.0009025480605156 
	 17.1251299999999986 	 -0.0009007699559448 
	 17.1345250000000000 	 -0.0008990041842700 
	 17.1439200000000014 	 -0.0008972495438788 
	 17.1533149999999992 	 -0.0008955048331586 
	 17.1627100000000006 	 -0.0008937688504972 
	 17.1721050000000020 	 -0.0008920403942821 
	 17.1814999999999998 	 -0.0008903182629008 
	 17.1908950000000011 	 -0.0008886012547411 
	 17.2002899999999990 	 -0.0008868881681978 
	 17.2096850000000003 	 -0.0008851780802010 
	 17.2190799999999982 	 -0.0008834710833818 
	 17.2284749999999995 	 -0.0008817675018266 
	 17.2378699999999974 	 -0.0008800676596221 
	 17.2472649999999987 	 -0.0008783718808546 
	 17.2566599999999966 	 -0.0008766804896106 
	 17.2660550000000015 	 -0.0008749938099766 
	 17.2754500000000029 	 -0.0008733121660391 
	 17.2848450000000007 	 -0.0008716358818846 
	 17.2942400000000021 	 -0.0008699652815995 
	 17.3036350000000034 	 -0.0008683006849393 
	 17.3130300000000013 	 -0.0008666422294933 
	 17.3224250000000026 	 -0.0008649898079077 
	 17.3318200000000004 	 -0.0008633432955955 
	 17.3412150000000018 	 -0.0008617025679699 
	 17.3506099999999996 	 -0.0008600675004441 
	 17.3600050000000010 	 -0.0008584379684312 
	 17.3693999999999988 	 -0.0008568138473445 
	 17.3787950000000002 	 -0.0008551950125970 
	 17.3881899999999980 	 -0.0008535813396019 
	 17.3975849999999994 	 -0.0008519727037724 
	 17.4069799999999972 	 -0.0008503689934658 
	 17.4163749999999986 	 -0.0008487702123908 
	 17.4257699999999964 	 -0.0008471764248100 
	 17.4351649999999978 	 -0.0008455876955220 
	 17.4445600000000027 	 -0.0008440040893255 
	 17.4539550000000006 	 -0.0008424256710192 
	 17.4633500000000019 	 -0.0008408525054017 
	 17.4727450000000033 	 -0.0008392846572717 
	 17.4821400000000011 	 -0.0008377221914278 
	 17.4915350000000025 	 -0.0008361651726686 
	 17.5009300000000003 	 -0.0008346136657719 
	 17.5103250000000017 	 -0.0008330677068959 
	 17.5197199999999995 	 -0.0008315272469083 
	 17.5291150000000009 	 -0.0008299922208592 
	 17.5385099999999987 	 -0.0008284625637985 
	 17.5479050000000001 	 -0.0008269382107763 
	 17.5572999999999979 	 -0.0008254190968425 
	 17.5666949999999993 	 -0.0008239051570472 
	 17.5760900000000007 	 -0.0008223963264404 
	 17.5854849999999985 	 -0.0008208925400720 
	 17.5948799999999999 	 -0.0008193937329922 
	 17.6042750000000012 	 -0.0008178998411793 
	 17.6136700000000026 	 -0.0008164108272519 
	 17.6230650000000040 	 -0.0008149266837874 
	 17.6324600000000018 	 -0.0008134474049576 
	 17.6418550000000032 	 -0.0008119729849347 
	 17.6512500000000010 	 -0.0008105034178905 
	 17.6606449999999988 	 -0.0008090386979972 
	 17.6700400000000002 	 -0.0008075788194267 
	 17.6794349999999980 	 -0.0008061237763510 
	 17.6888299999999994 	 -0.0008046735629422 
	 17.6982249999999972 	 -0.0008032281733722 
	 17.7076199999999986 	 -0.0008017876018131 
	 17.7170150000000000 	 -0.0008003518424369 
	 17.7264099999999978 	 -0.0007989208894155 
	 17.7358049999999992 	 -0.0007974947369211 
	 17.7452000000000005 	 -0.0007960733791256 
	 17.7545949999999984 	 -0.0007946568102009 
	 17.7639899999999997 	 -0.0007932450243192 
	 17.7733849999999975 	 -0.0007918380156525 
	 17.7827799999999989 	 -0.0007904357783726 
	 17.7921750000000003 	 -0.0007890383066518 
	 17.8015700000000017 	 -0.0007876455946655 
	 17.8109649999999995 	 -0.0007862576378120 
	 17.8203600000000009 	 -0.0007848744344827 
	 17.8297549999999987 	 -0.0007834959835187 
	 17.8391500000000001 	 -0.0007821222837608 
	 17.8485450000000014 	 -0.0007807533340502 
	 17.8579399999999993 	 -0.0007793891332277 
	 17.8673350000000006 	 -0.0007780296801344 
	 17.8767300000000020 	 -0.0007766749736113 
	 17.8861249999999998 	 -0.0007753250124994 
	 17.8955200000000012 	 -0.0007739797956396 
	 17.9049149999999990 	 -0.0007726393210062 
	 17.9143100000000004 	 -0.0007713035686468 
	 17.9237049999999982 	 -0.0007699725017334 
	 17.9330999999999996 	 -0.0007686460827815 
	 17.9424949999999974 	 -0.0007673242743065 
	 17.9518899999999988 	 -0.0007660070388240 
	 17.9612849999999966 	 -0.0007646943388495 
	 17.9706800000000015 	 -0.0007633861368985 
	 17.9800749999999994 	 -0.0007620823954865 
	 17.9894700000000007 	 -0.0007607830771289 
	 17.9988649999999986 	 -0.0007594881443414 
	 18.0082599999999999 	 -0.0007581975669101 
	 18.0176550000000013 	 -0.0007569113565363 
	 18.0270499999999991 	 -0.0007556295399092 
	 18.0364450000000005 	 -0.0007543521437367 
	 18.0458400000000019 	 -0.0007530791947272 
	 18.0552349999999997 	 -0.0007518107195885 
	 18.0646300000000011 	 -0.0007505467450289 
	 18.0740249999999989 	 -0.0007492872977565 
	 18.0834200000000003 	 -0.0007480324044792 
	 18.0928149999999981 	 -0.0007467820919054 
	 18.1022099999999995 	 -0.0007455363865561 
	 18.1116049999999973 	 -0.0007442952886528 
	 18.1209999999999987 	 -0.0007430587452177 
	 18.1303949999999965 	 -0.0007418266968539 
	 18.1397899999999979 	 -0.0007405990841648 
	 18.1491850000000028 	 -0.0007393758477535 
	 18.1585800000000006 	 -0.0007381569282232 
	 18.1679750000000020 	 -0.0007369422661772 
	 18.1773700000000034 	 -0.0007357318022186 
	 18.1867650000000012 	 -0.0007345254769508 
	 18.1961600000000026 	 -0.0007333232309769 
	 18.2055550000000004 	 -0.0007321250078692 
	 18.2149500000000018 	 -0.0007309307971986 
	 18.2243449999999996 	 -0.0007297406247677 
	 18.2337400000000009 	 -0.0007285545173601 
	 18.2431349999999988 	 -0.0007273725017591 
	 18.2525300000000001 	 -0.0007261946047484 
	 18.2619249999999980 	 -0.0007250208531112 
	 18.2713199999999993 	 -0.0007238512736311 
	 18.2807149999999972 	 -0.0007226858930916 
	 18.2901099999999985 	 -0.0007215247382760 
	 18.2995049999999964 	 -0.0007203678359679 
	 18.3088999999999977 	 -0.0007192152045590 
	 18.3182949999999991 	 -0.0007180668231157 
	 18.3276900000000005 	 -0.0007169226591953 
	 18.3370850000000019 	 -0.0007157826803534 
	 18.3464800000000032 	 -0.0007146468541456 
	 18.3558750000000011 	 -0.0007135151481277 
	 18.3652700000000024 	 -0.0007123875298553 
	 18.3746650000000002 	 -0.0007112639668841 
	 18.3840600000000016 	 -0.0007101444267697 
	 18.3934549999999994 	 -0.0007090288770678 
	 18.4028500000000008 	 -0.0007079172853341 
	 18.4122449999999986 	 -0.0007068096191243 
	 18.4216400000000000 	 -0.0007057058459939 
	 18.4310349999999978 	 -0.0007046059334988 
	 18.4404299999999992 	 -0.0007035098491946 
	 18.4498250000000006 	 -0.0007024175606369 
	 18.4592199999999984 	 -0.0007013290353814 
	 18.4686149999999998 	 -0.0007002442409838 
	 18.4780100000000012 	 -0.0006991631449997 
	 18.4874049999999990 	 -0.0006980857149848 
	 18.4968000000000004 	 -0.0006970119184949 
	 18.5061950000000017 	 -0.0006959417262583 
	 18.5155900000000031 	 -0.0006948751468788 
	 18.5249850000000009 	 -0.0006938122138744 
	 18.5343800000000023 	 -0.0006927529612005 
	 18.5437750000000001 	 -0.0006916974228125 
	 18.5531700000000015 	 -0.0006906456326658 
	 18.5625649999999993 	 -0.0006895976247158 
	 18.5719600000000007 	 -0.0006885534329177 
	 18.5813549999999985 	 -0.0006875130912271 
	 18.5907499999999999 	 -0.0006864766335993 
	 18.6001449999999977 	 -0.0006854440939895 
	 18.6095399999999991 	 -0.0006844154910071 
	 18.6189350000000005 	 -0.0006833907846533 
	 18.6283299999999983 	 -0.0006823699209403 
	 18.6377249999999997 	 -0.0006813528458805 
	 18.6471200000000010 	 -0.0006803395054862 
	 18.6565149999999988 	 -0.0006793298457697 
	 18.6659100000000002 	 -0.0006783238127433 
	 18.6753050000000016 	 -0.0006773213524194 
	 18.6847000000000030 	 -0.0006763224108101 
	 18.6940950000000008 	 -0.0006753269339279 
	 18.7034900000000022 	 -0.0006743348682709 
	 18.7128850000000000 	 -0.0006733461828418 
	 18.7222800000000014 	 -0.0006723608781629 
	 18.7316749999999992 	 -0.0006713789571095 
	 18.7410700000000006 	 -0.0006704004225571 
	 18.7504650000000019 	 -0.0006694252773811 
	 18.7598599999999998 	 -0.0006684535244567 
	 18.7692550000000011 	 -0.0006674851666594 
	 18.7786500000000025 	 -0.0006665202068645 
	 18.7880450000000003 	 -0.0006655586479475 
	 18.7974400000000017 	 -0.0006646004927836 
	 18.8068349999999995 	 -0.0006636457429478 
	 18.8162300000000009 	 -0.0006626943878041 
	 18.8256249999999987 	 -0.0006617464100308 
	 18.8350199999999965 	 -0.0006608017922376 
	 18.8444149999999979 	 -0.0006598605170344 
	 18.8538099999999993 	 -0.0006589225670310 
	 18.8632050000000007 	 -0.0006579879248373 
	 18.8725999999999985 	 -0.0006570565730632 
	 18.8819949999999999 	 -0.0006561284943184 
	 18.8913900000000012 	 -0.0006552036712128 
	 18.9007849999999991 	 -0.0006542820863563 
	 18.9101800000000004 	 -0.0006533637223586 
	 18.9195750000000018 	 -0.0006524485618297 
	 18.9289699999999996 	 -0.0006515365873793 
	 18.9383650000000010 	 -0.0006506277816173 
	 18.9477599999999988 	 -0.0006497221271536 
	 18.9571550000000002 	 -0.0006488196065980 
	 18.9665499999999980 	 -0.0006479202025603 
	 18.9759449999999994 	 -0.0006470238976504 
	 18.9853399999999972 	 -0.0006461306744780 
	 18.9947349999999986 	 -0.0006452405156532 
	 19.0041299999999964 	 -0.0006443534041990 
	 19.0135249999999978 	 -0.0006434693360040 
	 19.0229199999999992 	 -0.0006425883220201 
	 19.0323150000000005 	 -0.0006417103740558 
	 19.0417100000000019 	 -0.0006408355039195 
	 19.0511050000000033 	 -0.0006399637234197 
	 19.0605000000000011 	 -0.0006390950443646 
	 19.0698950000000025 	 -0.0006382294785629 
	 19.0792900000000003 	 -0.0006373670378229 
	 19.0886850000000017 	 -0.0006365077339530 
	 19.0980799999999995 	 -0.0006356515787617 
	 19.1074750000000009 	 -0.0006347985730572 
	 19.1168699999999987 	 -0.0006339486351997 
	 19.1262650000000001 	 -0.0006331016461417 
	 19.1356599999999979 	 -0.0006322574866494 
	 19.1450549999999993 	 -0.0006314160374889 
	 19.1544499999999971 	 -0.0006305771794263 
	 19.1638449999999985 	 -0.0006297407932277 
	 19.1732399999999963 	 -0.0006289067596591 
	 19.1826349999999977 	 -0.0006280749594868 
	 19.1920299999999990 	 -0.0006272452734768 
	 19.2014249999999969 	 -0.0006264175827350 
	 19.2108200000000018 	 -0.0006255919157801 
	 19.2202150000000032 	 -0.0006247686782807 
	 19.2296100000000010 	 -0.0006239483353639 
	 19.2390050000000024 	 -0.0006231313521569 
	 19.2484000000000002 	 -0.0006223181937867 
	 19.2577950000000016 	 -0.0006215093253805 
	 19.2671899999999994 	 -0.0006207052120655 
	 19.2765850000000007 	 -0.0006199063189688 
	 19.2859799999999986 	 -0.0006191131112176 
	 19.2953749999999999 	 -0.0006183260539389 
	 19.3047699999999978 	 -0.0006175455501314 
	 19.3141649999999991 	 -0.0006167706243137 
	 19.3235600000000005 	 -0.0006159989499977 
	 19.3329549999999983 	 -0.0006152281440620 
	 19.3423499999999997 	 -0.0006144558233852 
	 19.3517450000000011 	 -0.0006136796048459 
	 19.3611399999999989 	 -0.0006128971053228 
	 19.3705350000000003 	 -0.0006121059416946 
	 19.3799300000000017 	 -0.0006113037308397 
	 19.3893250000000030 	 -0.0006104880896369 
	 19.3987200000000009 	 -0.0006096566349647 
	 19.4081150000000022 	 -0.0006088075129422 
	 19.4175100000000000 	 -0.0006079420694711 
	 19.4269050000000014 	 -0.0006070628468793 
	 19.4362999999999992 	 -0.0006061723895715 
	 19.4456950000000006 	 -0.0006052732419522 
	 19.4550899999999984 	 -0.0006043679484262 
	 19.4644849999999998 	 -0.0006034590533982 
	 19.4738799999999976 	 -0.0006025491012727 
	 19.4832749999999990 	 -0.0006016406364545 
	 19.4926700000000004 	 -0.0006007362033483 
	 19.5020649999999982 	 -0.0005998383405210 
	 19.5114599999999996 	 -0.0005989486121271 
	 19.5208550000000010 	 -0.0005980665251677 
	 19.5302499999999988 	 -0.0005971913255572 
	 19.5396450000000002 	 -0.0005963222592098 
	 19.5490399999999980 	 -0.0005954585720396 
	 19.5584349999999993 	 -0.0005945995099609 
	 19.5678300000000007 	 -0.0005937443188879 
	 19.5772250000000021 	 -0.0005928922447347 
	 19.5866199999999999 	 -0.0005920425334156 
	 19.5960150000000013 	 -0.0005911944308448 
	 19.6054099999999991 	 -0.0005903472141944 
	 19.6148050000000005 	 -0.0005895006762143 
	 19.6242000000000019 	 -0.0005886550325481 
	 19.6335949999999997 	 -0.0005878105113322 
	 19.6429900000000011 	 -0.0005869673407028 
	 19.6523850000000024 	 -0.0005861257487963 
	 19.6617800000000003 	 -0.0005852859637488 
	 19.6711750000000016 	 -0.0005844482136967 
	 19.6805699999999995 	 -0.0005836127267763 
	 19.6899650000000008 	 -0.0005827797311237 
	 19.6993599999999986 	 -0.0005819494548754 
	 19.7087550000000000 	 -0.0005811220827500 
	 19.7181499999999978 	 -0.0005802975863002 
	 19.7275449999999992 	 -0.0005794758717658 
	 19.7369400000000006 	 -0.0005786568453698 
	 19.7463350000000020 	 -0.0005778404133351 
	 19.7557299999999998 	 -0.0005770264818845 
	 19.7651250000000012 	 -0.0005762149572411 
	 19.7745199999999990 	 -0.0005754057456276 
	 19.7839150000000004 	 -0.0005745987532670 
	 19.7933100000000017 	 -0.0005737938863821 
	 19.8027049999999996 	 -0.0005729910517183 
	 19.8121000000000009 	 -0.0005721902006766 
	 19.8214950000000023 	 -0.0005713913628664 
	 19.8308900000000001 	 -0.0005705945757976 
	 19.8402850000000015 	 -0.0005697998769800 
	 19.8496799999999993 	 -0.0005690073039236 
	 19.8590750000000007 	 -0.0005682168941382 
	 19.8684699999999985 	 -0.0005674286851338 
	 19.8778649999999999 	 -0.0005666427144201 
	 19.8872599999999977 	 -0.0005658590195070 
	 19.8966549999999991 	 -0.0005650776379045 
	 19.9060499999999969 	 -0.0005642986047205 
	 19.9154450000000018 	 -0.0005635219247078 
	 19.9248400000000032 	 -0.0005627475818142 
	 19.9342350000000010 	 -0.0005619755595819 
	 19.9436300000000024 	 -0.0005612058415528 
	 19.9530250000000038 	 -0.0005604384112690 
	 19.9624200000000016 	 -0.0005596732522725 
	 19.9718150000000030 	 -0.0005589103481053 
	 19.9812100000000008 	 -0.0005581496823095 
	 19.9906050000000022 	 -0.0005573912384271 
	 20.0000000000000000 	 -0.0005566350000000 
