	 1.2100000000000000 	 -2.9371627220000001 
	 1.2193950000000000 	 -3.0321730135245657 
	 1.2287900000000000 	 -3.1249467908325910 
	 1.2381850000000001 	 -3.2154543802955922 
	 1.2475799999999999 	 -3.3034957247942507 
	 1.2569750000000002 	 -3.3893856225532071 
	 1.2663700000000000 	 -3.4731185320303326 
	 1.2757650000000000 	 -3.5546017950179847 
	 1.2851600000000001 	 -3.6338935372438681 
	 1.2945550000000001 	 -3.7110393201420866 
	 1.3039499999999999 	 -3.7860682988576562 
	 1.3133450000000000 	 -3.8590340031419523 
	 1.3227400000000000 	 -3.9300027896342398 
	 1.3321350000000001 	 -3.9990076494353950 
	 1.3415300000000001 	 -4.0660803529285410 
	 1.3509249999999999 	 -4.1312721511946826 
	 1.3603200000000000 	 -4.1946532481581480 
	 1.3697150000000000 	 -4.2562363491788560 
	 1.3791099999999998 	 -4.3160877800503910 
	 1.3885049999999999 	 -4.3742544451158647 
	 1.3978999999999999 	 -4.4307795503338117 
	 1.4072950000000000 	 -4.4857199372026324 
	 1.4166900000000000 	 -4.5391020400477124 
	 1.4260850000000000 	 -4.5909694877667020 
	 1.4354799999999999 	 -4.6413722449976991 
	 1.4448749999999999 	 -4.6903382435974503 
	 1.4542700000000000 	 -4.7379210875750788 
	 1.4636650000000000 	 -4.7841496354780420 
	 1.4730600000000000 	 -4.8290558363053711 
	 1.4824550000000001 	 -4.8727154376876296 
	 1.4918499999999999 	 -4.9151294691600720 
	 1.5012450000000002 	 -4.9563089878097077 
	 1.5106400000000000 	 -4.9963038735263838 
	 1.5200350000000000 	 -5.0351607534160010 
	 1.5294300000000001 	 -5.0728983221722128 
	 1.5388250000000001 	 -5.1095295852196516 
	 1.5482200000000002 	 -5.1450831063067799 
	 1.5576150000000002 	 -5.1796527886133878 
	 1.5670099999999998 	 -5.2132001796272522 
	 1.5764049999999998 	 -5.2457529843929338 
	 1.5857999999999999 	 -5.2773513413244375 
	 1.5951949999999999 	 -5.3080174117807175 
	 1.6045900000000000 	 -5.3377582457229353 
	 1.6139850000000000 	 -5.3666078563144186 
	 1.6233799999999998 	 -5.3946029264624533 
	 1.6327749999999999 	 -5.4217547300587938 
	 1.6421699999999999 	 -5.4480988058258859 
	 1.6515649999999999 	 -5.4736175572096686 
	 1.6609600000000000 	 -5.4983221862142226 
	 1.6703550000000000 	 -5.5222775499588810 
	 1.6797499999999999 	 -5.5454809406626246 
	 1.6891450000000001 	 -5.5679506834198564 
	 1.6985399999999999 	 -5.5897030518472430 
	 1.7079350000000000 	 -5.6107535906280521 
	 1.7173300000000000 	 -5.6311176733546455 
	 1.7267250000000001 	 -5.6508089164203072 
	 1.7361199999999999 	 -5.6698428307285704 
	 1.7455150000000001 	 -5.6882352579428197 
	 1.7549100000000000 	 -5.7059851534513344 
	 1.7643049999999998 	 -5.7231160641774350 
	 1.7736999999999998 	 -5.7396514823796654 
	 1.7830949999999999 	 -5.7555900471665602 
	 1.7924899999999999 	 -5.7709461590724622 
	 1.8018850000000000 	 -5.7857299024039186 
	 1.8112800000000000 	 -5.7999519600127796 
	 1.8206750000000000 	 -5.8136223236866105 
	 1.8300700000000001 	 -5.8267506892254932 
	 1.8394650000000001 	 -5.8393463080708665 
	 1.8488600000000002 	 -5.8514181774078340 
	 1.8582550000000002 	 -5.8629748495708123 
	 1.8676499999999998 	 -5.8740245609655144 
	 1.8770449999999999 	 -5.8845752494660752 
	 1.8864399999999999 	 -5.8946345290037270 
	 1.8958349999999999 	 -5.9042096541710132 
	 1.9052300000000000 	 -5.9133078950981224 
	 1.9146250000000000 	 -5.9219351909607783 
	 1.9240199999999998 	 -5.9300985742450454 
	 1.9334150000000001 	 -5.9378056576701219 
	 1.9428099999999999 	 -5.9450600856796019 
	 1.9522050000000000 	 -5.9518719770995894 
	 1.9616000000000000 	 -5.9582497265611174 
	 1.9709950000000001 	 -5.9641839830209911 
	 1.9803900000000001 	 -5.9696917574106969 
	 1.9897850000000001 	 -5.9747735392165193 
	 1.9991800000000000 	 -5.9794353092425059 
	 2.0085750000000000 	 -5.9836820275300999 
	 2.0179700000000000 	 -5.9875182630333681 
	 2.0273649999999996 	 -5.9909483495239089 
	 2.0367600000000001 	 -5.9939764377566611 
	 2.0461549999999997 	 -5.9966066060425600 
	 2.0555499999999998 	 -5.9988423053214399 
	 2.0649449999999998 	 -6.0006887319853215 
	 2.0743399999999999 	 -6.0021444329775431 
	 2.0837349999999999 	 -6.0032313184893615 
	 2.0931299999999999 	 -6.0039461125259281 
	 2.1025250000000000 	 -6.0042612229703218 
	 2.1119199999999996 	 -6.0042071971451678 
	 2.1213150000000001 	 -6.0037818526249005 
	 2.1307099999999997 	 -6.0029894784364846 
	 2.1401050000000001 	 -6.0018327869226811 
	 2.1494999999999997 	 -6.0003145793285473 
	 2.1588950000000002 	 -5.9984377675792944 
	 2.1682899999999998 	 -5.9962050950160100 
	 2.1776850000000003 	 -5.9936190341847153 
	 2.1870799999999999 	 -5.9906828553681395 
	 2.1964750000000000 	 -5.9873983988119255 
	 2.2058700000000000 	 -5.9837677511808289 
	 2.2152650000000000 	 -5.9797946212108890 
	 2.2246600000000001 	 -5.9754832452662763 
	 2.2340550000000001 	 -5.9708350545964493 
	 2.2434500000000002 	 -5.9658504841652897 
	 2.2528449999999998 	 -5.9605320579386074 
	 2.2622400000000003 	 -5.9548823219356679 
	 2.2716349999999998 	 -5.9489042108555941 
	 2.2810300000000003 	 -5.9426006047131041 
	 2.2904249999999999 	 -5.9359730912976092 
	 2.2998200000000000 	 -5.9290248173781253 
	 2.3092150000000000 	 -5.9217581303740978 
	 2.3186100000000001 	 -5.9141759107233396 
	 2.3280050000000001 	 -5.9062806893138147 
	 2.3373999999999997 	 -5.8980734572173903 
	 2.3467950000000002 	 -5.8895647878631756 
	 2.3561899999999998 	 -5.8807331896567687 
	 2.3655850000000003 	 -5.8716014128028142 
	 2.3749799999999999 	 -5.8621867219196844 
	 2.3843749999999999 	 -5.8524485040532790 
	 2.3937700000000000 	 -5.8424109767142260 
	 2.4031650000000000 	 -5.8321097467226224 
	 2.4125600000000000 	 -5.8215134310210566 
	 2.4219550000000001 	 -5.8106324301409016 
	 2.4313500000000001 	 -5.7994678261157500 
	 2.4407449999999997 	 -5.7880226220114261 
	 2.4501400000000002 	 -5.7763002252299964 
	 2.4595349999999998 	 -5.7643036861994679 
	 2.4689300000000003 	 -5.7520359801047451 
	 2.4783249999999999 	 -5.7395007735414811 
	 2.4877199999999999 	 -5.7266988066649480 
	 2.4971150000000000 	 -5.7136519097959928 
	 2.5065100000000005 	 -5.7003553932169684 
	 2.5159050000000001 	 -5.6867877950430925 
	 2.5253000000000001 	 -5.6729608501867981 
	 2.5346950000000001 	 -5.6588883326211521 
	 2.5440899999999997 	 -5.6445713394028409 
	 2.5534850000000002 	 -5.6300130997247901 
	 2.5628799999999998 	 -5.6152177603919213 
	 2.5722749999999999 	 -5.6001918039547016 
	 2.5816699999999999 	 -5.5849366524098514 
	 2.5910650000000000 	 -5.5694565025619545 
	 2.6004600000000000 	 -5.5537547421535418 
	 2.6098550000000000 	 -5.5378350691347933 
	 2.6192500000000001 	 -5.5217021179240158 
	 2.6286449999999997 	 -5.5053596889979053 
	 2.6380400000000002 	 -5.4888082826225393 
	 2.6474349999999998 	 -5.4720574816377727 
	 2.6568300000000002 	 -5.4551125810926333 
	 2.6662249999999998 	 -5.4379749771094712 
	 2.6756200000000003 	 -5.4206463378276508 
	 2.6850149999999999 	 -5.4031313541687389 
	 2.6944100000000004 	 -5.3854355225751256 
	 2.7038050000000000 	 -5.3675640310212005 
	 2.7132000000000001 	 -5.3495231497684559 
	 2.7225950000000001 	 -5.3313144219479565 
	 2.7319900000000001 	 -5.3129394908494767 
	 2.7413850000000002 	 -5.2944038690292761 
	 2.7507800000000002 	 -5.2757093275890119 
	 2.7601750000000003 	 -5.2568703884467798 
	 2.7695699999999999 	 -5.2378838216716899 
	 2.7789650000000004 	 -5.2188347603238707 
	 2.7883599999999999 	 -5.1995685250687851 
	 2.7977550000000004 	 -5.1801661275487811 
	 2.8071500000000000 	 -5.1606417506197273 
	 2.8165450000000001 	 -5.1409874937881881 
	 2.8259399999999997 	 -5.1212131730163488 
	 2.8353349999999997 	 -5.1013127116270010 
	 2.8447299999999998 	 -5.0812991770072466 
	 2.8541249999999998 	 -5.0612060491075797 
	 2.8635199999999998 	 -5.0410186045591505 
	 2.8729149999999999 	 -5.0206958200689256 
	 2.8823099999999995 	 -5.0002378290690777 
	 2.8917050000000000 	 -4.9796790253764494 
	 2.9010999999999996 	 -4.9590658295070558 
	 2.9104950000000001 	 -4.9383601454427799 
	 2.9198899999999997 	 -4.9175700377416858 
	 2.9292850000000001 	 -4.8966982977594675 
	 2.9386799999999997 	 -4.8757482104943550 
	 2.9480750000000002 	 -4.8547230393520229 
	 2.9574699999999998 	 -4.8336261474650284 
	 2.9668650000000003 	 -4.8124605686853856 
	 2.9762599999999999 	 -4.7912294961684401 
	 2.9856549999999999 	 -4.7699358875075815 
	 2.9950500000000000 	 -4.7485827328555246 
	 3.0044450000000000 	 -4.7271729513901741 
	 3.0138400000000001 	 -4.7057093283970941 
	 3.0232350000000001 	 -4.6841947033717943 
	 3.0326300000000002 	 -4.6626318403449041 
	 3.0420250000000002 	 -4.6410233602465096 
	 3.0514200000000002 	 -4.6193719657336452 
	 3.0608149999999998 	 -4.5976800750345017 
	 3.0702099999999999 	 -4.5759506777524592 
	 3.0796049999999999 	 -4.5541943070394897 
	 3.0890000000000000 	 -4.5324056040834355 
	 3.0983950000000000 	 -4.5105781274086416 
	 3.1077900000000001 	 -4.4887214081390958 
	 3.1171850000000001 	 -4.4668393421237926 
	 3.1265800000000001 	 -4.4449336845738880 
	 3.1359749999999997 	 -4.4230068670230320 
	 3.1453699999999998 	 -4.4010610598004485 
	 3.1547649999999998 	 -4.3790985381614940 
	 3.1641599999999999 	 -4.3571215216169481 
	 3.1735549999999995 	 -4.3351321820575235 
	 3.1829499999999999 	 -4.3131326890651227 
	 3.1923449999999995 	 -4.2911251900244105 
	 3.2017400000000000 	 -4.2691117958727460 
	 3.2111349999999996 	 -4.2470945593672598 
	 3.2205300000000001 	 -4.2250754547177749 
	 3.2299249999999997 	 -4.2030565570914415 
	 3.2393200000000002 	 -4.1810399033868499 
	 3.2487149999999998 	 -4.1590274963631995 
	 3.2581100000000003 	 -4.1370212465311020 
	 3.2675049999999999 	 -4.1150231136847308 
	 3.2769000000000004 	 -4.0930351206334743 
	 3.2862950000000000 	 -4.0710591663426694 
	 3.2956900000000005 	 -4.0490970977820844 
	 3.3050850000000001 	 -4.0271507791665799 
	 3.3144800000000001 	 -4.0052220721115104 
	 3.3238750000000001 	 -3.9833127661562493 
	 3.3332700000000002 	 -3.9614246544072631 
	 3.3426650000000002 	 -3.9395596227980114 
	 3.3520600000000003 	 -3.9177189458279265 
	 3.3614549999999999 	 -3.8959053317329766 
	 3.3708500000000003 	 -3.8741181569193914 
	 3.3802449999999999 	 -3.8523504492077194 
	 3.3896400000000000 	 -3.8306254309366525 
	 3.3990350000000000 	 -3.8089333417822488 
	 3.4084300000000001 	 -3.7872697000482112 
	 3.4178249999999997 	 -3.7656477077791255 
	 3.4272200000000002 	 -3.7440811986028413 
	 3.4366149999999998 	 -3.7225501993344507 
	 3.4460099999999998 	 -3.7010245891162237 
	 3.4554049999999998 	 -3.6795501069910301 
	 3.4647999999999999 	 -3.6581312920567579 
	 3.4741949999999999 	 -3.6367675435606945 
	 3.4835900000000000 	 -3.6154634525770559 
	 3.4929850000000000 	 -3.5941817945524694 
	 3.5023799999999996 	 -3.5729301897650698 
	 3.5117750000000001 	 -3.5517295117602954 
	 3.5211699999999997 	 -3.5306192792313449 
	 3.5305649999999997 	 -3.5095910584079659 
	 3.5399599999999998 	 -3.4885573913276358 
	 3.5493550000000003 	 -3.4675792104540824 
	 3.5587499999999999 	 -3.4466564219025813 
	 3.5681449999999999 	 -3.4257896540034682 
	 3.5775399999999999 	 -3.4049781201797993 
	 3.5869350000000004 	 -3.3842325987905277 
	 3.5963300000000000 	 -3.3635143698758552 
	 3.6057249999999996 	 -3.3429749619026219 
	 3.6151200000000001 	 -3.3219720995041992 
	 3.6245150000000002 	 -3.3010420938888467 
	 3.6339100000000002 	 -3.2807014323429105 
	 3.6433049999999998 	 -3.2603279881418703 
	 3.6527000000000003 	 -3.2400219936761974 
	 3.6620950000000003 	 -3.2197704241991847 
	 3.6714900000000004 	 -3.1995864241354219 
	 3.6808850000000000 	 -3.1794684101257400 
	 3.6902800000000000 	 -3.1594175599112351 
	 3.6996750000000000 	 -3.1394345508230010 
	 3.7090700000000001 	 -3.1195200219668697 
	 3.7184650000000001 	 -3.0996745799645784 
	 3.7278600000000002 	 -3.0798989968539296 
	 3.7372550000000002 	 -3.0601938140985707 
	 3.7466499999999998 	 -3.0405596416406513 
	 3.7560450000000003 	 -3.0209971273875711 
	 3.7654399999999999 	 -3.0015068728265555 
	 3.7748350000000004 	 -2.9820893247371023 
	 3.7842300000000000 	 -2.9627448457368373 
	 3.7936250000000000 	 -2.9434748844146439 
	 3.8030200000000001 	 -2.9242771144439508 
	 3.8124150000000006 	 -2.9051522447399245 
	 3.8218100000000002 	 -2.8861074041387345 
	 3.8312049999999997 	 -2.8671370132925600 
	 3.8406000000000002 	 -2.8482420910507589 
	 3.8499950000000003 	 -2.8294248494234822 
	 3.8593899999999999 	 -2.8106861718892087 
	 3.8687849999999999 	 -2.7920230793992871 
	 3.8781799999999995 	 -2.7734377482126127 
	 3.8875749999999996 	 -2.7549309859965927 
	 3.8969699999999996 	 -2.7365029741161493 
	 3.9063649999999996 	 -2.7181541491069705 
	 3.9157599999999997 	 -2.6998843141421105 
	 3.9251549999999997 	 -2.6816961751116621 
	 3.9345499999999998 	 -2.6635879793743458 
	 3.9439449999999998 	 -2.6455583029285155 
	 3.9533399999999999 	 -2.6276097194148655 
	 3.9627349999999995 	 -2.6097419545131748 
	 3.9721299999999999 	 -2.5919554184018558 
	 3.9815249999999995 	 -2.5742503906756520 
	 3.9909200000000000 	 -2.5566270383645180 
	 4.0003149999999996 	 -2.5390856078981168 
	 4.0097100000000001 	 -2.5216265159726130 
	 4.0191049999999997 	 -2.5042499563145699 
	 4.0285000000000002 	 -2.4869560608028727 
	 4.0378949999999998 	 -2.4697449765688790 
	 4.0472900000000003 	 -2.4526169732312226 
	 4.0566849999999999 	 -2.4355722393654990 
	 4.0660799999999995 	 -2.4186108993020632 
	 4.0754750000000000 	 -2.4017330975461952 
	 4.0848700000000004 	 -2.3849390016912486 
	 4.0942650000000000 	 -2.3682289609778961 
	 4.1036599999999996 	 -2.3516031956006813 
	 4.1130550000000001 	 -2.3350615809219537 
	 4.1224499999999997 	 -2.3186039758967962 
	 4.1318450000000002 	 -2.3022305026428040 
	 4.1412399999999998 	 -2.2859415277551447 
	 4.1506349999999994 	 -2.2697369929553424 
	 4.1600299999999999 	 -2.2536169916055835 
	 4.1694250000000004 	 -2.2375815922087821 
	 4.1788200000000000 	 -2.2216308415546204 
	 4.1882149999999996 	 -2.2057647475919033 
	 4.1976100000000001 	 -2.1899833467134400 
	 4.2070049999999997 	 -2.1742869371456841 
	 4.2164000000000001 	 -2.1586757520953257 
	 4.2257949999999997 	 -2.1431501453901056 
	 4.2351900000000002 	 -2.1277090639526581 
	 4.2445849999999998 	 -2.1123519300080940 
	 4.2539800000000003 	 -2.0970796554492606 
	 4.2633749999999999 	 -2.0818932030946868 
	 4.2727700000000004 	 -2.0667935357628977 
	 4.2821650000000000 	 -2.0517816046683444 
	 4.2915600000000005 	 -2.0368566409550350 
	 4.3009550000000001 	 -2.0220143522011171 
	 4.3103499999999997 	 -2.0072527418061807 
	 4.3197450000000002 	 -1.9925761095923580 
	 4.3291400000000007 	 -1.9779839046557193 
	 4.3385350000000003 	 -1.9634758619090922 
	 4.3479299999999999 	 -1.9490576418430119 
	 4.3573250000000003 	 -1.9347182749881209 
	 4.3667199999999999 	 -1.9204441155219700 
	 4.3761150000000004 	 -1.9062659973069800 
	 4.3855100000000000 	 -1.8921819155384385 
	 4.3949049999999996 	 -1.8781789718628412 
	 4.4043000000000001 	 -1.8642607192908258 
	 4.4136950000000006 	 -1.8504258617093594 
	 4.4230900000000002 	 -1.8366746232552227 
	 4.4324849999999998 	 -1.8230068295335931 
	 4.4418799999999994 	 -1.8094225917063542 
	 4.4512749999999999 	 -1.7959212093670902 
	 4.4606700000000004 	 -1.7825035285271005 
	 4.4700650000000000 	 -1.7691769467808205 
	 4.4794599999999996 	 -1.7559330367393815 
	 4.4888550000000000 	 -1.7427634778830274 
	 4.4982499999999996 	 -1.7296755324784898 
	 4.5076450000000001 	 -1.7166700249853726 
	 4.5170399999999997 	 -1.7037462788032451 
	 4.5264349999999993 	 -1.6909042252136608 
	 4.5358299999999998 	 -1.6781436830693914 
	 4.5452250000000003 	 -1.6654644564021941 
	 4.5546199999999999 	 -1.6528662230052173 
	 4.5640149999999995 	 -1.6403487945746020 
	 4.5734100000000000 	 -1.6279120298864591 
	 4.5828049999999996 	 -1.6155556564853186 
	 4.5922000000000001 	 -1.6032794011126792 
	 4.6015949999999997 	 -1.5910830420652697 
	 4.6109900000000001 	 -1.5789663702226580 
	 4.6203849999999997 	 -1.5669290646328660 
	 4.6297799999999993 	 -1.5549708932956141 
	 4.6391749999999998 	 -1.5430916501705743 
	 4.6485700000000003 	 -1.5312910263109887 
	 4.6579649999999999 	 -1.5195687524586385 
	 4.6673599999999995 	 -1.5079246882637798 
	 4.6767550000000000 	 -1.4963574050952855 
	 4.6861499999999996 	 -1.4848683848335762 
	 4.6955450000000001 	 -1.4734606153457557 
	 4.7049399999999997 	 -1.4621278022693096 
	 4.7143350000000002 	 -1.4508573312262361 
	 4.7237299999999998 	 -1.4396641126746044 
	 4.7331250000000002 	 -1.4285599572507328 
	 4.7425199999999998 	 -1.4175290358943879 
	 4.7519150000000003 	 -1.4065743200383616 
	 4.7613099999999999 	 -1.3956946847979488 
	 4.7707049999999995 	 -1.3848900091301193 
	 4.7801000000000000 	 -1.3741600613174576 
	 4.7894950000000005 	 -1.3635045204895273 
	 4.7988900000000001 	 -1.3529229887516694 
	 4.8082849999999997 	 -1.3424152110555836 
	 4.8176800000000002 	 -1.3319809685337463 
	 4.8270749999999998 	 -1.3216198452915762 
	 4.8364700000000003 	 -1.3113315650609401 
	 4.8458649999999999 	 -1.3011157884508855 
	 4.8552599999999995 	 -1.2909721722409984 
	 4.8646550000000000 	 -1.2809004118333380 
	 4.8740500000000004 	 -1.2709001454258146 
	 4.8834450000000000 	 -1.2609709912238281 
	 4.8928399999999996 	 -1.2511126020037089 
	 4.9022350000000001 	 -1.2413246129523858 
	 4.9116300000000006 	 -1.2316066312513243 
	 4.9210250000000002 	 -1.2219583290655578 
	 4.9304199999999998 	 -1.2123792093936363 
	 4.9398150000000003 	 -1.2028689466513500 
	 4.9492100000000008 	 -1.1934270383999854 
	 4.9586050000000004 	 -1.1840526297718574 
	 4.9680000000000000 	 -1.1747478749903562 
	 4.9773949999999996 	 -1.1655007153388839 
	 4.9867900000000001 	 -1.1563786945124546 
	 4.9961850000000005 	 -1.1472956562320240 
	 5.0055800000000001 	 -1.1382469320861734 
	 5.0149750000000006 	 -1.1292766361369033 
	 5.0243700000000002 	 -1.1203545675997661 
	 5.0337649999999989 	 -1.1115505896585229 
	 5.0431600000000003 	 -1.1028391668183810 
	 5.0525549999999999 	 -1.0941100433194024 
	 5.0619499999999995 	 -1.0854599040802393 
	 5.0713449999999991 	 -1.0768694669864389 
	 5.0807400000000005 	 -1.0683428602857290 
	 5.0901350000000001 	 -1.0598802879782196 
	 5.0995299999999997 	 -1.0514831510872731 
	 5.1089249999999993 	 -1.0431448910872412 
	 5.1183200000000006 	 -1.0348425777860979 
	 5.1277150000000002 	 -1.0266459829031800 
	 5.1371099999999998 	 -1.0184977921835976 
	 5.1465049999999994 	 -1.0104015888670834 
	 5.1558999999999999 	 -1.0023535561607657 
	 5.1652949999999995 	 -0.9943680785576240 
	 5.1746900000000000 	 -0.9864534191642674 
	 5.1840849999999996 	 -0.9785945338666016 
	 5.1934800000000001 	 -0.9707949246842804 
	 5.2028749999999997 	 -0.9630533052124622 
	 5.2122700000000002 	 -0.9553695185016464 
	 5.2216649999999998 	 -0.9477430517738389 
	 5.2310600000000003 	 -0.9401736566722870 
	 5.2404549999999999 	 -0.9326609847017161 
	 5.2498499999999995 	 -0.9252047411018234 
	 5.2592449999999999 	 -0.9178046170585418 
	 5.2686400000000004 	 -0.9104594656004612 
	 5.2780350000000000 	 -0.9031791303788521 
	 5.2874299999999996 	 -0.8959544721913922 
	 5.2968249999999992 	 -0.8887671365963214 
	 5.3062200000000006 	 -0.8816143800485307 
	 5.3156150000000002 	 -0.8746505076657247 
	 5.3250099999999998 	 -0.8677473585607577 
	 5.3344049999999994 	 -0.8607614216768474 
	 5.3437999999999999 	 -0.8538195135631670 
	 5.3531950000000004 	 -0.8469627048037323 
	 5.3625900000000000 	 -0.8401512797345847 
	 5.3719849999999996 	 -0.8333936686442908 
	 5.3813800000000001 	 -0.8266872686371505 
	 5.3907749999999997 	 -0.8200318878703476 
	 5.4001700000000001 	 -0.8134276657085759 
	 5.4095649999999997 	 -0.8068740717912616 
	 5.4189600000000002 	 -0.8003707472951227 
	 5.4283549999999998 	 -0.7939174479575720 
	 5.4377500000000003 	 -0.7875138257411836 
	 5.4471449999999999 	 -0.7811595107119210 
	 5.4565400000000004 	 -0.7748542839185747 
	 5.4659350000000000 	 -0.7685977867221323 
	 5.4753299999999996 	 -0.7623895721147672 
	 5.4847250000000001 	 -0.7562294312220306 
	 5.4941200000000006 	 -0.7501170878906012 
	 5.5035150000000002 	 -0.7440521560200846 
	 5.5129099999999998 	 -0.7380344089710319 
	 5.5223049999999994 	 -0.7320636289616433 
	 5.5317000000000007 	 -0.7261394854525030 
	 5.5410950000000003 	 -0.7202614261442102 
	 5.5504899999999999 	 -0.7144289196573010 
	 5.5598849999999995 	 -0.7086417855073792 
	 5.5692800000000009 	 -0.7029001404980544 
	 5.5786750000000005 	 -0.6972022960288640 
	 5.5880700000000001 	 -0.6915481314570400 
	 5.5974649999999997 	 -0.6859475483763062 
	 5.6068600000000011 	 -0.6803947723935846 
	 5.6162549999999998 	 -0.6748763659978572 
	 5.6256499999999994 	 -0.6693972680685787 
	 5.6350449999999999 	 -0.6639613118575122 
	 5.6444399999999995 	 -0.6585694860372563 
	 5.6538349999999999 	 -0.6532119340897545 
	 5.6632300000000004 	 -0.6478921085515225 
	 5.6726250000000000 	 -0.6426259457012637 
	 5.6820199999999996 	 -0.6373976472366147 
	 5.6914149999999992 	 -0.6322076719969938 
	 5.7008099999999997 	 -0.6270600335235667 
	 5.7102050000000002 	 -0.6219568606443108 
	 5.7195999999999998 	 -0.6168938327483497 
	 5.7289949999999994 	 -0.6118673086784191 
	 5.7383899999999999 	 -0.6068802219129992 
	 5.7477850000000004 	 -0.6019276530385482 
	 5.7571800000000000 	 -0.5970116719680905 
	 5.7665749999999996 	 -0.5921385985552899 
	 5.7759699999999992 	 -0.5873058621662575 
	 5.7853649999999996 	 -0.5825083107646788 
	 5.7947600000000001 	 -0.5777565263412732 
	 5.8041549999999997 	 -0.5730417607748468 
	 5.8135500000000002 	 -0.5683541849943518 
	 5.8229449999999998 	 -0.5637052394558060 
	 5.8323400000000003 	 -0.5590919866774438 
	 5.8417349999999999 	 -0.5545148289252003 
	 5.8511299999999995 	 -0.5499731323784068 
	 5.8605250000000000 	 -0.5454669126241855 
	 5.8699199999999996 	 -0.5409956644576542 
	 5.8793150000000001 	 -0.5365541093647183 
	 5.8887100000000006 	 -0.5321442633698512 
	 5.8981050000000002 	 -0.5277704032170440 
	 5.9074999999999998 	 -0.5234356875562153 
	 5.9168950000000002 	 -0.5191356786215152 
	 5.9262899999999998 	 -0.5148686075101526 
	 5.9356850000000003 	 -0.5106346883455007 
	 5.9450799999999999 	 -0.5064334828470409 
	 5.9544749999999995 	 -0.5022647634972264 
	 5.9638700000000000 	 -0.4981282759792156 
	 5.9732650000000005 	 -0.4940237311301889 
	 5.9826600000000001 	 -0.4899508233635307 
	 5.9920549999999997 	 -0.4859092787050767 
	 6.0014499999999993 	 -0.4818989198697955 
	 6.0108449999999998 	 -0.4779194031248006 
	 6.0202400000000003 	 -0.4739705556507736 
	 6.0296349999999999 	 -0.4700520142645224 
	 6.0390300000000003 	 -0.4661588775555890 
	 6.0484249999999999 	 -0.4622951727906852 
	 6.0578200000000004 	 -0.4584609793996609 
	 6.0672150000000000 	 -0.4546557957117140 
	 6.0766099999999996 	 -0.4508795029161120 
	 6.0860050000000001 	 -0.4471312379796927 
	 6.0953999999999997 	 -0.4434113525797700 
	 6.1047950000000002 	 -0.4397209105710619 
	 6.1141900000000007 	 -0.4360533966909805 
	 6.1235850000000003 	 -0.4324284109547727 
	 6.1329799999999999 	 -0.4288257117873368 
	 6.1423750000000004 	 -0.4252170427284588 
	 6.1517700000000000 	 -0.4216631302788767 
	 6.1611650000000004 	 -0.4181312252833062 
	 6.1705600000000000 	 -0.4146278909206871 
	 6.1799549999999996 	 -0.4111480602827821 
	 6.1893500000000010 	 -0.4076938579870293 
	 6.1987450000000006 	 -0.4042642799567713 
	 6.2081400000000002 	 -0.4008666058269654 
	 6.2175349999999998 	 -0.3974861128963871 
	 6.2269299999999994 	 -0.3941303600935095 
	 6.2363250000000008 	 -0.3907999298515912 
	 6.2457200000000004 	 -0.3874968480105332 
	 6.2551150000000000 	 -0.3842198112191514 
	 6.2645100000000005 	 -0.3809636989393295 
	 6.2739050000000010 	 -0.3777285325591332 
	 6.2833000000000006 	 -0.3745143245917212 
	 6.2926950000000001 	 -0.3713228111902729 
	 6.3020899999999997 	 -0.3681586695550454 
	 6.3114850000000002 	 -0.3650233539852366 
	 6.3208800000000007 	 -0.3619106411705210 
	 6.3302750000000003 	 -0.3588150506565499 
	 6.3396700000000008 	 -0.3557391766955481 
	 6.3490650000000004 	 -0.3526861036916100 
	 6.3584600000000000 	 -0.3496545632556040 
	 6.3678550000000005 	 -0.3466439719299618 
	 6.3772500000000001 	 -0.3436543172067154 
	 6.3866450000000006 	 -0.3406852742554585 
	 6.3960400000000002 	 -0.3377365302937776 
	 6.4054350000000007 	 -0.3348078615387005 
	 6.4148300000000011 	 -0.3318990326511400 
	 6.4242250000000007 	 -0.3290095667030441 
	 6.4336200000000003 	 -0.3261389072556425 
	 6.4430149999999999 	 -0.3232869939238973 
	 6.4524100000000004 	 -0.3204541049817166 
	 6.4618050000000009 	 -0.3176394920010598 
	 6.4712000000000005 	 -0.3148440833776538 
	 6.4805950000000001 	 -0.3120653058721812 
	 6.4899900000000006 	 -0.3092844066259242 
	 6.4993849999999993 	 -0.3065208173174528 
	 6.5087799999999998 	 -0.3037942857194694 
	 6.5181749999999994 	 -0.3010870248588354 
	 6.5275699999999990 	 -0.2983956153454828 
	 6.5369650000000004 	 -0.2957264022655151 
	 6.5463600000000000 	 -0.2930706178941488 
	 6.5557549999999996 	 -0.2904128721972662 
	 6.5651499999999992 	 -0.2877624072855127 
	 6.5745449999999988 	 -0.2851455246725987 
	 6.5839400000000001 	 -0.2825564953609820 
	 6.5933349999999997 	 -0.2799845179938312 
	 6.6027299999999993 	 -0.2774321241501684 
	 6.6121249999999998 	 -0.2748880733291027 
	 6.6215199999999994 	 -0.2723607103214787 
	 6.6309149999999999 	 -0.2698483021255276 
	 6.6403099999999995 	 -0.2673510180628446 
	 6.6497049999999991 	 -0.2648686695263010 
	 6.6590999999999996 	 -0.2624010041537773 
	 6.6684950000000001 	 -0.2599479578333036 
	 6.6778899999999997 	 -0.2575092662993207 
	 6.6872850000000001 	 -0.2550848283171127 
	 6.6966799999999997 	 -0.2526745141135806 
	 6.7060749999999993 	 -0.2502781222102343 
	 6.7154699999999998 	 -0.2478954648874099 
	 6.7248649999999994 	 -0.2455265698952911 
	 6.7342599999999999 	 -0.2431706634573109 
	 6.7436549999999995 	 -0.2408279320308226 
	 6.7530500000000000 	 -0.2385007625313504 
	 6.7624450000000005 	 -0.2361911259179461 
	 6.7718400000000001 	 -0.2338814403602074 
	 6.7812349999999997 	 -0.2315639561427953 
	 6.7906299999999993 	 -0.2292888834053191 
	 6.8000249999999998 	 -0.2270238877965958 
	 6.8094200000000003 	 -0.2247715889741018 
	 6.8188149999999998 	 -0.2225315866198429 
	 6.8282099999999994 	 -0.2203036729346010 
	 6.8376049999999999 	 -0.2180880864087078 
	 6.8469999999999995 	 -0.2158836038776887 
	 6.8563950000000000 	 -0.2136944414002831 
	 6.8657899999999996 	 -0.2115012170547299 
	 6.8751849999999992 	 -0.2093402448882357 
	 6.8845799999999997 	 -0.2071993554670362 
	 6.8939750000000002 	 -0.2050493897690127 
	 6.9033699999999998 	 -0.2029206041889271 
	 6.9127650000000003 	 -0.2007847688842835 
	 6.9221599999999999 	 -0.1986376270385047 
	 6.9315549999999995 	 -0.1965416756212571 
	 6.9409500000000000 	 -0.1944530513095326 
	 6.9503449999999996 	 -0.1923710424065319 
	 6.9597400000000000 	 -0.1903020773977373 
	 6.9691349999999996 	 -0.1882451839891832 
	 6.9785299999999992 	 -0.1861983254312400 
	 6.9879250000000006 	 -0.1841621336009927 
	 6.9973200000000002 	 -0.1821360958972638 
	 7.0067149999999998 	 -0.1801235984225996 
	 7.0161099999999994 	 -0.1781195519857998 
	 7.0255049999999990 	 -0.1761164149992910 
	 7.0349000000000004 	 -0.1741637347603639 
	 7.0442950000000000 	 -0.1722328809306838 
	 7.0536899999999996 	 -0.1702652587369445 
	 7.0630850000000001 	 -0.1683015860031552 
	 7.0724800000000005 	 -0.1663598572598788 
	 7.0818750000000001 	 -0.1644260606017011 
	 7.0912699999999997 	 -0.1625028309914125 
	 7.1006649999999993 	 -0.1605894435385778 
	 7.1100599999999998 	 -0.1586859214408792 
	 7.1194550000000003 	 -0.1567924971588670 
	 7.1288499999999999 	 -0.1549089672037582 
	 7.1382450000000004 	 -0.1530352757494713 
	 7.1476400000000000 	 -0.1511714382060235 
	 7.1570350000000005 	 -0.1493174014260910 
	 7.1664300000000001 	 -0.1474730898597326 
	 7.1758249999999997 	 -0.1456385024220219 
	 7.1852200000000002 	 -0.1438136300203363 
	 7.1946149999999998 	 -0.1419984230827720 
	 7.2040100000000002 	 -0.1401928328237699 
	 7.2134050000000007 	 -0.1383968666450766 
	 7.2228000000000003 	 -0.1366105359535769 
	 7.2321949999999999 	 -0.1348337726239921 
	 7.2415900000000004 	 -0.1330665550267779 
	 7.2509850000000000 	 -0.1313089321491823 
	 7.2603800000000005 	 -0.1295608682218168 
	 7.2697750000000001 	 -0.1278222136797414 
	 7.2791699999999997 	 -0.1260931628249994 
	 7.2885650000000002 	 -0.1243736454294287 
	 7.2979600000000007 	 -0.1226634934058268 
	 7.3073550000000003 	 -0.1209632202789511 
	 7.3167499999999999 	 -0.1192707346528507 
	 7.3261449999999995 	 -0.1175884508126966 
	 7.3355399999999999 	 -0.1159165599545496 
	 7.3449350000000004 	 -0.1142538098879702 
	 7.3543300000000000 	 -0.1126008887130507 
	 7.3637250000000005 	 -0.1109560622614890 
	 7.3731200000000001 	 -0.1093187078328839 
	 7.3825150000000006 	 -0.1076932757973019 
	 7.3919100000000002 	 -0.1060844486802465 
	 7.4013049999999998 	 -0.1044722572370759 
	 7.4107000000000003 	 -0.1028374425211719 
	 7.4200949999999999 	 -0.1012517001757935 
	 7.4294900000000004 	 -0.0996738311564408 
	 7.4388850000000009 	 -0.0981039270555558 
	 7.4482800000000005 	 -0.0965458617097795 
	 7.4576750000000001 	 -0.0949976363397759 
	 7.4670700000000005 	 -0.0934485581122855 
	 7.4764650000000001 	 -0.0919041764461728 
	 7.4858600000000006 	 -0.0903792949213442 
	 7.4952550000000002 	 -0.0888694707882123 
	 7.5046499999999998 	 -0.0873672088362935 
	 7.5140450000000012 	 -0.0858743972154260 
	 7.5234400000000008 	 -0.0843915284707727 
	 7.5328350000000004 	 -0.0829180662115096 
	 7.5422300000000000 	 -0.0814540806300464 
	 7.5516249999999996 	 -0.0799997044046286 
	 7.5610200000000010 	 -0.0785557126301893 
	 7.5704150000000006 	 -0.0771188583821201 
	 7.5798100000000002 	 -0.0756928131937652 
	 7.5892050000000006 	 -0.0742968658402135 
	 7.5986000000000002 	 -0.0729099175569669 
	 7.6079950000000007 	 -0.0715077628715902 
	 7.6173900000000003 	 -0.0701173456317489 
	 7.6267849999999999 	 -0.0687397335605110 
	 7.6361800000000004 	 -0.0673699968347926 
	 7.6455750000000009 	 -0.0660117909205191 
	 7.6549700000000005 	 -0.0646568821973536 
	 7.6643650000000010 	 -0.0633112715275558 
	 7.6737599999999988 	 -0.0620026538344060 
	 7.6831549999999993 	 -0.0607277288597970 
	 7.6925499999999998 	 -0.0594422126355301 
	 7.7019449999999994 	 -0.0581360526992171 
	 7.7113399999999999 	 -0.0568434559178801 
	 7.7207349999999995 	 -0.0555593396746662 
	 7.7301299999999991 	 -0.0542847025660952 
	 7.7395249999999995 	 -0.0530194257568630 
	 7.7489199999999991 	 -0.0517634173544413 
	 7.7583149999999996 	 -0.0505167475503441 
	 7.7677099999999992 	 -0.0492794038276729 
	 7.7771049999999997 	 -0.0480513445929165 
	 7.7865000000000002 	 -0.0468325329646664 
	 7.7958949999999998 	 -0.0456229788481844 
	 7.8052899999999994 	 -0.0444226739780023 
	 7.8146849999999990 	 -0.0432315764998947 
	 7.8240799999999995 	 -0.0420496614607883 
	 7.8334750000000000 	 -0.0408769214667696 
	 7.8428699999999996 	 -0.0397133424531015 
	 7.8522649999999992 	 -0.0385588999678902 
	 7.8616600000000005 	 -0.0374135801161714 
	 7.8710550000000001 	 -0.0362773915384492 
	 7.8804499999999997 	 -0.0351503045100475 
	 7.8898449999999993 	 -0.0340322578396231 
	 7.8992399999999989 	 -0.0329232244989761 
	 7.9086350000000003 	 -0.0318226347989054 
	 7.9180299999999999 	 -0.0307317761710602 
	 7.9274249999999995 	 -0.0296508661906286 
	 7.9368200000000000 	 -0.0285690898790630 
	 7.9462149999999996 	 -0.0274910491742039 
	 7.9556100000000001 	 -0.0264318184770664 
	 7.9650049999999997 	 -0.0253869056223551 
	 7.9743999999999993 	 -0.0243492638779517 
	 7.9837949999999998 	 -0.0233209533960703 
	 7.9931900000000002 	 -0.0223015291397893 
	 8.0025849999999998 	 -0.0212906666231819 
	 8.0119799999999994 	 -0.0202884517590734 
	 8.0213749999999990 	 -0.0192949384937407 
	 8.0307700000000004 	 -0.0183100615837282 
	 8.0401650000000000 	 -0.0173338016914183 
	 8.0495599999999996 	 -0.0163661356387867 
	 8.0589549999999992 	 -0.0154069675247781 
	 8.0683500000000006 	 -0.0144561564503051 
	 8.0777450000000002 	 -0.0135138032849119 
	 8.0871399999999998 	 -0.0125798685618690 
	 8.0965349999999994 	 -0.0116542768921897 
	 8.1059300000000007 	 -0.0107371123546549 
	 8.1153250000000003 	 -0.0098281289605258 
	 8.1247199999999999 	 -0.0089274673745975 
	 8.1341149999999995 	 -0.0080358375899013 
	 8.1435099999999991 	 -0.0071530614014107 
	 8.1529050000000005 	 -0.0062779061381890 
	 8.1623000000000001 	 -0.0054099395248526 
	 8.1716949999999997 	 -0.0045504562535748 
	 8.1810899999999993 	 -0.0036982907866766 
	 8.1904849999999989 	 -0.0028506586737273 
	 8.1998800000000003 	 -0.0020155061068661 
	 8.2092749999999999 	 -0.0011883295553948 
	 8.2186699999999995 	 -0.0003685848083654 
	 8.2280649999999991 	 0.0004414970640496 
	 8.2374600000000004 	 0.0012515244498351 
	 8.2468550000000000 	 0.0020048817944713 
	 8.2562499999999996 	 0.0027729329866079 
	 8.2656449999999992 	 0.0035574187879318 
	 8.2750399999999988 	 0.0043272320631327 
	 8.2844350000000002 	 0.0050916703180704 
	 8.2938299999999998 	 0.0058479347096103 
	 8.3032249999999994 	 0.0065968451119427 
	 8.3126200000000008 	 0.0073380955133664 
	 8.3220150000000004 	 0.0080717333061226 
	 8.3314100000000000 	 0.0087983186202052 
	 8.3408049999999996 	 0.0095176679631717 
	 8.3501999999999992 	 0.0102296277556887 
	 8.3595950000000006 	 0.0109343784525695 
	 8.3689900000000002 	 0.0116319127517648 
	 8.3783849999999997 	 0.0123224137740388 
	 8.3877800000000011 	 0.0130056771871520 
	 8.3971750000000007 	 0.0136818356089398 
	 8.4065700000000003 	 0.0143510350080334 
	 8.4159649999999999 	 0.0150132637728072 
	 8.4253599999999995 	 0.0156685398979019 
	 8.4347550000000009 	 0.0163169260907378 
	 8.4441500000000005 	 0.0169584841613278 
	 8.4535450000000001 	 0.0175932224952596 
	 8.4629399999999997 	 0.0182212138343517 
	 8.4723350000000011 	 0.0188425389048325 
	 8.4817300000000007 	 0.0194571553523306 
	 8.4911250000000003 	 0.0200651445339761 
	 8.5005199999999999 	 0.0206664897928067 
	 8.5099149999999995 	 0.0212614500813907 
	 8.5193100000000008 	 0.0218498266209819 
	 8.5287050000000004 	 0.0224317396487490 
	 8.5381000000000000 	 0.0230072828238254 
	 8.5474949999999996 	 0.0235765022868997 
	 8.5568900000000010 	 0.0241394365986148 
	 8.5662850000000006 	 0.0246960645662276 
	 8.5756800000000002 	 0.0252464412964488 
	 8.5850749999999998 	 0.0257906879569963 
	 8.5944700000000012 	 0.0263288049495087 
	 8.6038650000000008 	 0.0268607772791583 
	 8.6132600000000004 	 0.0273866901200270 
	 8.6226550000000000 	 0.0279066328548677 
	 8.6320499999999996 	 0.0284206191744967 
	 8.6414450000000009 	 0.0289286621693233 
	 8.6508400000000005 	 0.0294308771276465 
	 8.6602350000000001 	 0.0299271363646719 
	 8.6696299999999997 	 0.0304176578173645 
	 8.6790249999999993 	 0.0309025024955879 
	 8.6884200000000007 	 0.0313816563648390 
	 8.6978150000000003 	 0.0318550542231298 
	 8.7072099999999999 	 0.0323228578357026 
	 8.7166049999999995 	 0.0327850865663312 
	 8.7259999999999991 	 0.0332417260645057 
	 8.7353950000000005 	 0.0336929283320364 
	 8.7447900000000001 	 0.0341386650553764 
	 8.7541850000000014 	 0.0345789491834296 
	 8.7635800000000010 	 0.0350138979376919 
	 8.7729750000000006 	 0.0354434996354319 
	 8.7823700000000002 	 0.0358678014498640 
	 8.7917649999999998 	 0.0362868495707644 
	 8.8011599999999994 	 0.0367006665714883 
	 8.8105549999999990 	 0.0371092854667083 
	 8.8199500000000022 	 0.0375127736177300 
	 8.8293450000000018 	 0.0379111969561823 
	 8.8387400000000014 	 0.0383045981285543 
	 8.8481349999999992 	 0.0386929362262295 
	 8.8575299999999988 	 0.0390762735017521 
	 8.8669249999999984 	 0.0394546926073623 
	 8.8763199999999998 	 0.0398282422546227 
	 8.8857149999999994 	 0.0401969118431459 
	 8.8951099999999990 	 0.0405607342324106 
	 8.9045050000000003 	 0.0409197783540050 
	 8.9138999999999999 	 0.0412740918477004 
	 8.9232949999999995 	 0.0416236775001786 
	 8.9326899999999991 	 0.0419685794264426 
	 8.9420850000000005 	 0.0423088774917677 
	 8.9514800000000001 	 0.0426445291437368 
	 8.9608749999999997 	 0.0429756377020356 
	 8.9702699999999993 	 0.0433022495653266 
	 8.9796649999999989 	 0.0436243478959965 
	 8.9890599999999985 	 0.0439421895561784 
	 8.9984549999999999 	 0.0442544555394564 
	 9.0078499999999995 	 0.0445682319480802 
	 9.0172449999999991 	 0.0448516633646615 
	 9.0266400000000004 	 0.0452854602780051 
	 9.0360350000000000 	 0.0456479479136771 
	 9.0454299999999996 	 0.0459159126091159 
	 9.0548249999999992 	 0.0462229649209738 
	 9.0642199999999988 	 0.0465174359918280 
	 9.0736149999999984 	 0.0467318352061237 
	 9.0830099999999980 	 0.0468781140798430 
	 9.0924050000000012 	 0.0470754714364720 
	 9.1018000000000008 	 0.0473529536926652 
	 9.1111950000000004 	 0.0476153010687729 
	 9.1205900000000000 	 0.0478761867241655 
	 9.1299849999999996 	 0.0481330987289227 
	 9.1393799999999992 	 0.0483855230540682 
	 9.1487749999999988 	 0.0486344401176760 
	 9.1581699999999984 	 0.0488795578997637 
	 9.1675649999999997 	 0.0491208809220557 
	 9.1769600000000011 	 0.0493586168723589 
	 9.1863550000000007 	 0.0495925334847848 
	 9.1957500000000003 	 0.0498232785635481 
	 9.2051449999999999 	 0.0500507619069593 
	 9.2145399999999995 	 0.0502737569963207 
	 9.2239349999999991 	 0.0504912889221162 
	 9.2333299999999987 	 0.0507112845270515 
	 9.2427250000000001 	 0.0509123797878519 
	 9.2521200000000015 	 0.0511562138078134 
	 9.2615150000000011 	 0.0514930909673619 
	 9.2709100000000007 	 0.0516804622037358 
	 9.2803050000000002 	 0.0518793853392046 
	 9.2896999999999998 	 0.0520727565565948 
	 9.2990949999999994 	 0.0522628866102332 
	 9.3084899999999990 	 0.0524499388884920 
	 9.3178849999999986 	 0.0526339979968411 
	 9.3272800000000000 	 0.0528146114133840 
	 9.3366749999999996 	 0.0529942828653992 
	 9.3460700000000010 	 0.0531609226666911 
	 9.3554650000000006 	 0.0533583102099208 
	 9.3648600000000002 	 0.0534096264876753 
	 9.3742549999999998 	 0.0534498890752787 
	 9.3836499999999994 	 0.0536492291094963 
	 9.3930450000000008 	 0.0538098491435453 
	 9.4024400000000004 	 0.0539592351975186 
	 9.4118350000000000 	 0.0541186954856758 
	 9.4212299999999995 	 0.0542742276458999 
	 9.4306249999999991 	 0.0544279970245606 
	 9.4400200000000005 	 0.0545796042901555 
	 9.4494150000000001 	 0.0547289117455293 
	 9.4588099999999997 	 0.0548757826739657 
	 9.4682049999999993 	 0.0550198861157683 
	 9.4776000000000007 	 0.0551610439600431 
	 9.4869950000000003 	 0.0552987642521879 
	 9.4963899999999999 	 0.0554327834513793 
	 9.5057849999999995 	 0.0555631216281661 
	 9.5151799999999991 	 0.0556896082808094 
	 9.5245749999999987 	 0.0558122809292227 
	 9.5339700000000001 	 0.0559314355310346 
	 9.5433650000000014 	 0.0560473161407171 
	 9.5527600000000010 	 0.0561600824771997 
	 9.5621550000000006 	 0.0562697576780090 
	 9.5715500000000002 	 0.0563763914207818 
	 9.5809449999999998 	 0.0564799744673346 
	 9.5903399999999994 	 0.0565805149720517 
	 9.5997349999999990 	 0.0566780968193416 
	 9.6091299999999986 	 0.0567728178699333 
	 9.6185250000000000 	 0.0568647630926689 
	 9.6279200000000014 	 0.0569539492817079 
	 9.6373150000000010 	 0.0570404011352710 
	 9.6467100000000006 	 0.0571243484685714 
	 9.6561050000000002 	 0.0572057938057940 
	 9.6654999999999998 	 0.0572846262612308 
	 9.6748949999999994 	 0.0573610596620633 
	 9.6842899999999990 	 0.0574351953697819 
	 9.6936850000000003 	 0.0575069767984857 
	 9.7030800000000017 	 0.0575765294983364 
	 9.7124750000000013 	 0.0576438625093514 
	 9.7218700000000009 	 0.0577089476729963 
	 9.7312650000000005 	 0.0577719293830107 
	 9.7406600000000001 	 0.0578328114567984 
	 9.7500549999999997 	 0.0578916507955829 
	 9.7594499999999993 	 0.0579483695484256 
	 9.7688449999999989 	 0.0580033374364737 
	 9.7782400000000003 	 0.0580555804419695 
	 9.7876350000000016 	 0.0581130108090679 
	 9.7970300000000012 	 0.0581701167280735 
	 9.8064250000000008 	 0.0582136317994649 
	 9.8158200000000004 	 0.0582334601570879 
	 9.8252150000000000 	 0.0582605563270797 
	 9.8346099999999996 	 0.0582994235227117 
	 9.8440050000000010 	 0.0583327985927251 
	 9.8534000000000006 	 0.0583652282242217 
	 9.8627950000000002 	 0.0583955908993138 
	 9.8721899999999998 	 0.0584240572454524 
	 9.8815850000000012 	 0.0584505878680643 
	 9.8909800000000008 	 0.0584753408904841 
	 9.9003750000000004 	 0.0584982892860439 
	 9.9097700000000000 	 0.0585193540374517 
	 9.9191649999999996 	 0.0585386977212889 
	 9.9285600000000009 	 0.0585562108696941 
	 9.9379550000000005 	 0.0585720153185078 
	 9.9473500000000001 	 0.0585860029101080 
	 9.9567449999999997 	 0.0585983383077094 
	 9.9661400000000011 	 0.0586089243973984 
	 9.9755350000000007 	 0.0586178099148597 
	 9.9849300000000003 	 0.0586250901144112 
	 9.9943250000000017 	 0.0586306700846883 
	 10.0037200000000013 	 0.0586346729002395 
	 10.0131150000000009 	 0.0586370984151857 
	 10.0225099999999987 	 0.0586377990054339 
	 10.0319049999999983 	 0.0586369873250094 
	 10.0412999999999979 	 0.0586346490553759 
	 10.0506950000000010 	 0.0586307579625731 
	 10.0600900000000006 	 0.0586253185778446 
	 10.0694850000000002 	 0.0586183680590260 
	 10.0788799999999998 	 0.0586100024570457 
	 10.0882749999999994 	 0.0586001371131766 
	 10.0976699999999990 	 0.0585887819443892 
	 10.1070649999999986 	 0.0585761219203314 
	 10.1164600000000000 	 0.0585619340957010 
	 10.1258549999999996 	 0.0585463792667067 
	 10.1352499999999992 	 0.0585294757158032 
	 10.1446450000000006 	 0.0585111696543996 
	 10.1540400000000002 	 0.0584915580070363 
	 10.1634349999999998 	 0.0584706611714807 
	 10.1728299999999994 	 0.0584484474465345 
	 10.1822249999999990 	 0.0584248829290787 
	 10.1916199999999986 	 0.0584001002905245 
	 10.2010149999999999 	 0.0583740661574119 
	 10.2104099999999995 	 0.0583468252538451 
	 10.2198049999999991 	 0.0583184380807766 
	 10.2291999999999987 	 0.0582889651391587 
	 10.2385950000000001 	 0.0582584669299438 
	 10.2479899999999997 	 0.0582270039540845 
	 10.2573849999999993 	 0.0581946367125330 
	 10.2667800000000007 	 0.0581614257062418 
	 10.2761750000000003 	 0.0581274314361634 
	 10.2855699999999999 	 0.0580927144032500 
	 10.2949649999999995 	 0.0580573351084543 
	 10.3043599999999991 	 0.0580213477711465 
	 10.3137550000000005 	 0.0579846344986803 
	 10.3231500000000000 	 0.0579468883707078 
	 10.3325449999999996 	 0.0579077927928387 
	 10.3419399999999992 	 0.0578670311706826 
	 10.3513350000000006 	 0.0578242869098490 
	 10.3607300000000002 	 0.0577792434159478 
	 10.3701249999999998 	 0.0577315840945885 
	 10.3795199999999994 	 0.0576809923513808 
	 10.3889149999999990 	 0.0576271515919342 
	 10.3983099999999986 	 0.0575697452218585 
	 10.4077050000000000 	 0.0575085003339132 
	 10.4171000000000014 	 0.0574434468280475 
	 10.4264950000000010 	 0.0573747428499211 
	 10.4358900000000006 	 0.0573025470061883 
	 10.4452850000000002 	 0.0572270179035035 
	 10.4546799999999998 	 0.0571483141485210 
	 10.4640749999999993 	 0.0570665943478950 
	 10.4734699999999989 	 0.0569820171082799 
	 10.4828649999999985 	 0.0568947410363300 
	 10.4922599999999981 	 0.0568049247386997 
	 10.5016550000000013 	 0.0567127269549673 
	 10.5110500000000009 	 0.0566183454566831 
	 10.5204450000000005 	 0.0565220711524966 
	 10.5298400000000001 	 0.0564242085477284 
	 10.5392349999999997 	 0.0563250621476990 
	 10.5486299999999993 	 0.0562249364577293 
	 10.5580249999999989 	 0.0561241359831397 
	 10.5674200000000003 	 0.0560229652292511 
	 10.5768149999999999 	 0.0559217287013840 
	 10.5862100000000012 	 0.0558207309048591 
	 10.5956050000000008 	 0.0557202763449971 
	 10.6050000000000004 	 0.0556206616265582 
	 10.6143949999999982 	 0.0555220264254912 
	 10.6237899999999996 	 0.0554243661353579 
	 10.6331849999999992 	 0.0553276707840432 
	 10.6425799999999988 	 0.0552319303994321 
	 10.6519749999999984 	 0.0551371350094094 
	 10.6613699999999998 	 0.0550432746418600 
	 10.6707649999999994 	 0.0549503393246689 
	 10.6801600000000008 	 0.0548583190857207 
	 10.6895550000000004 	 0.0547672039529006 
	 10.6989500000000000 	 0.0546769839540934 
	 10.7083449999999996 	 0.0545876509186204 
	 10.7177400000000009 	 0.0544992067762192 
	 10.7271349999999988 	 0.0544116569746360 
	 10.7365300000000001 	 0.0543250069652053 
	 10.7459249999999980 	 0.0542392621992620 
	 10.7553199999999993 	 0.0541544281281405 
	 10.7647149999999989 	 0.0540705102031756 
	 10.7741100000000003 	 0.0539875138757018 
	 10.7835049999999999 	 0.0539054445970539 
	 10.7928999999999995 	 0.0538243078185663 
	 10.8022949999999991 	 0.0537441084200870 
	 10.8116900000000005 	 0.0536647780405102 
	 10.8210849999999983 	 0.0535861038186434 
	 10.8304799999999997 	 0.0535078559720158 
	 10.8398749999999993 	 0.0534298047181563 
	 10.8492700000000006 	 0.0533517202745940 
	 10.8586650000000002 	 0.0532733728588579 
	 10.8680600000000016 	 0.0531945326884771 
	 10.8774549999999994 	 0.0531149699809806 
	 10.8868500000000008 	 0.0530344549538973 
	 10.8962449999999986 	 0.0529527578247565 
	 10.9056400000000000 	 0.0528696556229113 
	 10.9150349999999978 	 0.0527850271740046 
	 10.9244299999999992 	 0.0526988296008494 
	 10.9338249999999988 	 0.0526110220365356 
	 10.9432200000000002 	 0.0525215636141533 
	 10.9526149999999998 	 0.0524304134667926 
	 10.9620100000000011 	 0.0523375307275436 
	 10.9714049999999990 	 0.0522428745294963 
	 10.9808000000000003 	 0.0521464040057409 
	 10.9901949999999999 	 0.0520480782893673 
	 10.9995899999999995 	 0.0519478565134657 
	 11.0089849999999991 	 0.0518457304581443 
	 11.0183800000000005 	 0.0517418407793921 
	 11.0277750000000001 	 0.0516363705467885 
	 11.0371700000000015 	 0.0515295028330146 
	 11.0465649999999993 	 0.0514214207107520 
	 11.0559600000000007 	 0.0513123072526819 
	 11.0653549999999985 	 0.0512023455314858 
	 11.0747499999999999 	 0.0510917186198448 
	 11.0841449999999995 	 0.0509806095904404 
	 11.0935399999999991 	 0.0508692015159540 
	 11.1029349999999987 	 0.0507576763362086 
	 11.1123300000000000 	 0.0506461365299686 
	 11.1217249999999996 	 0.0505345543069253 
	 11.1311200000000010 	 0.0504228897972746 
	 11.1405150000000006 	 0.0503111031312125 
	 11.1499100000000002 	 0.0501991544389349 
	 11.1593049999999998 	 0.0500870038506377 
	 11.1687000000000012 	 0.0499746114965169 
	 11.1780949999999990 	 0.0498619375067685 
	 11.1874900000000004 	 0.0497489420115884 
	 11.1968849999999982 	 0.0496355851411725 
	 11.2062799999999996 	 0.0495218296607760 
	 11.2156749999999992 	 0.0494076687718445 
	 11.2250700000000005 	 0.0492931152192306 
	 11.2344650000000001 	 0.0491781820693647 
	 11.2438599999999997 	 0.0490628823886770 
	 11.2532549999999993 	 0.0489472292435976 
	 11.2626500000000007 	 0.0488312357005568 
	 11.2720449999999985 	 0.0487149148259848 
	 11.2814399999999999 	 0.0485982796863117 
	 11.2908350000000013 	 0.0484813433479679 
	 11.3002300000000009 	 0.0483641188774192 
	 11.3096250000000005 	 0.0482466219575934 
	 11.3190200000000019 	 0.0481288779966604 
	 11.3284149999999997 	 0.0480109146618790 
	 11.3378100000000011 	 0.0478927596205079 
	 11.3472049999999989 	 0.0477744405398058 
	 11.3566000000000003 	 0.0476559850870314 
	 11.3659949999999981 	 0.0475374209294437 
	 11.3753899999999994 	 0.0474187757343011 
	 11.3847850000000008 	 0.0473000771688625 
	 11.3941800000000004 	 0.0471813529003866 
	 11.4035750000000000 	 0.0470626295154866 
	 11.4129700000000014 	 0.0469438863203399 
	 11.4223649999999992 	 0.0468250379663556 
	 11.4317600000000006 	 0.0467059944423858 
	 11.4411550000000002 	 0.0465866657372829 
	 11.4505499999999998 	 0.0464669618398990 
	 11.4599449999999994 	 0.0463467927390864 
	 11.4693400000000025 	 0.0462260684236974 
	 11.4787350000000004 	 0.0461046988825841 
	 11.4881300000000017 	 0.0459825941045989 
	 11.4975249999999996 	 0.0458596640785940 
	 11.5069200000000009 	 0.0457358490003792 
	 11.5163149999999987 	 0.0456113641055139 
	 11.5257100000000001 	 0.0454865715561922 
	 11.5351049999999997 	 0.0453618348966281 
	 11.5444999999999993 	 0.0452375176710357 
	 11.5538950000000007 	 0.0451139834236289 
	 11.5632900000000021 	 0.0449915956986218 
	 11.5726849999999999 	 0.0448707180402283 
	 11.5820800000000013 	 0.0447517139926624 
	 11.5914750000000009 	 0.0446349471001381 
	 11.6008700000000005 	 0.0445207806817777 
	 11.6102650000000001 	 0.0444092092320167 
	 11.6196600000000014 	 0.0442991073128738 
	 11.6290549999999993 	 0.0441891377062510 
	 11.6384500000000006 	 0.0440779631940504 
	 11.6478450000000002 	 0.0439642465581742 
	 11.6572400000000016 	 0.0438466505805245 
	 11.6666349999999994 	 0.0437238380430034 
	 11.6760300000000008 	 0.0435944717275130 
	 11.6854250000000004 	 0.0434572144159555 
	 11.6948200000000000 	 0.0433107288902329 
	 11.7042149999999996 	 0.0431537290752804 
	 11.7136100000000010 	 0.0429864460660815 
	 11.7230049999999988 	 0.0428108458126891 
	 11.7324000000000002 	 0.0426289891906843 
	 11.7417950000000015 	 0.0424429370756481 
	 11.7511900000000011 	 0.0422547503431618 
	 11.7605850000000007 	 0.0420664898688064 
	 11.7699800000000021 	 0.0418802165281630 
	 11.7793749999999999 	 0.0416979911968129 
	 11.7887699999999978 	 0.0415218747503370 
	 11.7981649999999991 	 0.0413539280643165 
	 11.8075599999999987 	 0.0411959356690877 
	 11.8169549999999983 	 0.0410476701659738 
	 11.8263499999999997 	 0.0409080141769204 
	 11.8357450000000011 	 0.0407758463720749 
	 11.8451399999999989 	 0.0406500454215845 
	 11.8545350000000003 	 0.0405294899955963 
	 11.8639299999999999 	 0.0404130587642575 
	 11.8733249999999995 	 0.0402996303977153 
	 11.8827199999999991 	 0.0401880835661168 
	 11.8921150000000004 	 0.0400772969396092 
	 11.9015099999999983 	 0.0399661496960123 
	 11.9109049999999996 	 0.0398537102008935 
	 11.9202999999999992 	 0.0397395184969777 
	 11.9296950000000006 	 0.0396231869135980 
	 11.9390899999999984 	 0.0395043277800878 
	 11.9484849999999998 	 0.0393825534257802 
	 11.9578799999999994 	 0.0392574761800086 
	 11.9672749999999990 	 0.0391287083721061 
	 11.9766699999999986 	 0.0389958623314060 
	 11.9860650000000000 	 0.0388585503872416 
	 11.9954599999999978 	 0.0387163848689460 
	 12.0048550000000009 	 0.0385690488276615 
	 12.0142500000000005 	 0.0384177306856019 
	 12.0236450000000001 	 0.0382650598156556 
	 12.0330399999999997 	 0.0381137234207144 
	 12.0424350000000011 	 0.0379664087036702 
	 12.0518299999999989 	 0.0378258028674149 
	 12.0612250000000003 	 0.0376945931148400 
	 12.0706199999999981 	 0.0375754666488375 
	 12.0800149999999995 	 0.0374711106722991 
	 12.0894099999999991 	 0.0373842123881168 
	 12.0988050000000005 	 0.0373174589991822 
	 12.1082000000000001 	 0.0372727639705434 
	 12.1175949999999997 	 0.0372474917288882 
	 12.1269899999999993 	 0.0372373496461012 
	 12.1363850000000006 	 0.0372380426993400 
	 12.1457799999999985 	 0.0372452758657623 
	 12.1551749999999998 	 0.0372547541225259 
	 12.1645699999999994 	 0.0372621824467883 
	 12.1739649999999990 	 0.0372632658157073 
	 12.1833600000000004 	 0.0372537092064405 
	 12.1927550000000018 	 0.0372292175961457 
	 12.2021499999999996 	 0.0371855099668176 
	 12.2115450000000010 	 0.0371204177065487 
	 12.2209399999999988 	 0.0370361212923987 
	 12.2303350000000002 	 0.0369353370941417 
	 12.2397299999999980 	 0.0368207814815519 
	 12.2491249999999994 	 0.0366951708244034 
	 12.2585199999999990 	 0.0365612214924702 
	 12.2679150000000003 	 0.0364216498555265 
	 12.2773099999999999 	 0.0362791722833465 
	 12.2867050000000013 	 0.0361365051457041 
	 12.2960999999999991 	 0.0359963648123737 
	 12.3054950000000005 	 0.0358613501395819 
	 12.3148900000000001 	 0.0357321919062119 
	 12.3242849999999997 	 0.0356081245712335 
	 12.3336799999999993 	 0.0354883405811030 
	 12.3430750000000007 	 0.0353720323822764 
	 12.3524700000000003 	 0.0352583924212101 
	 12.3618650000000017 	 0.0351466131443602 
	 12.3712599999999995 	 0.0350358869981830 
	 12.3806550000000009 	 0.0349254064291346 
	 12.3900499999999987 	 0.0348143638836712 
	 12.3994450000000001 	 0.0347019518082489 
	 12.4088399999999996 	 0.0345875470429796 
	 12.4182349999999992 	 0.0344714073301664 
	 12.4276299999999988 	 0.0343540531706523 
	 12.4370250000000002 	 0.0342360051109119 
	 12.4464199999999998 	 0.0341177836974201 
	 12.4558150000000012 	 0.0339999094766518 
	 12.4652100000000008 	 0.0338829029950816 
	 12.4746050000000004 	 0.0337672847991845 
	 12.4840000000000000 	 0.0336535754354352 
	 12.4933950000000014 	 0.0335422954503085 
	 12.5027899999999992 	 0.0334339560467721 
	 12.5121850000000006 	 0.0333283274536405 
	 12.5215799999999984 	 0.0332239135704096 
	 12.5309750000000015 	 0.0331190943268094 
	 12.5403699999999994 	 0.0330122496525700 
	 12.5497650000000007 	 0.0329017594774214 
	 12.5591600000000003 	 0.0327860037310938 
	 12.5685549999999999 	 0.0326633623433170 
	 12.5779499999999995 	 0.0325322152438212 
	 12.5873450000000009 	 0.0323909423623365 
	 12.5967399999999987 	 0.0322379236285928 
	 12.6061350000000001 	 0.0320716757224696 
	 12.6155299999999997 	 0.0318923865118810 
	 12.6249250000000011 	 0.0317013620391848 
	 12.6343200000000007 	 0.0314999288648277 
	 12.6437150000000020 	 0.0312894135492564 
	 12.6531099999999999 	 0.0310711426529179 
	 12.6625050000000012 	 0.0308464427362586 
	 12.6718999999999991 	 0.0306166403597254 
	 12.6812950000000004 	 0.0303830620837650 
	 12.6906899999999982 	 0.0301470344688242 
	 12.7000849999999996 	 0.0299098840753496 
	 12.7094800000000010 	 0.0296729374637880 
	 12.7188750000000006 	 0.0294375211945862 
	 12.7282700000000002 	 0.0292049618281909 
	 12.7376650000000016 	 0.0289765859250487 
	 12.7470599999999994 	 0.0287537200456066 
	 12.7564550000000008 	 0.0285376907503111 
	 12.7658500000000004 	 0.0283298245996091 
	 12.7752450000000000 	 0.0281314481539473 
	 12.7846399999999996 	 0.0279438879737723 
	 12.7940350000000009 	 0.0277684706195310 
	 12.8034300000000005 	 0.0276064939201066 
	 12.8128250000000019 	 0.0274578687029610 
	 12.8222199999999997 	 0.0273205300732698 
	 12.8316150000000011 	 0.0271922620209765 
	 12.8410099999999989 	 0.0270708485360246 
	 12.8504050000000003 	 0.0269540736083575 
	 12.8597999999999999 	 0.0268397212279190 
	 12.8691949999999995 	 0.0267255753846523 
	 12.8785899999999991 	 0.0266094200685011 
	 12.8879850000000022 	 0.0264890392694089 
	 12.8973800000000001 	 0.0263622169773192 
	 12.9067750000000014 	 0.0262271672426953 
	 12.9161700000000010 	 0.0260862308556494 
	 12.9255650000000006 	 0.0259440478032771 
	 12.9349600000000002 	 0.0258052829443786 
	 12.9443550000000016 	 0.0256746011377538 
	 12.9537499999999994 	 0.0255566672422032 
	 12.9631449999999973 	 0.0254561461165268 
	 12.9725400000000004 	 0.0253777026195247 
	 12.9819350000000000 	 0.0253260016099972 
	 12.9913299999999996 	 0.0253057079467443 
	 13.0007249999999992 	 0.0253214855744139 
	 13.0101200000000006 	 0.0253755158367524 
	 13.0195149999999984 	 0.0254620913101544 
	 13.0289099999999998 	 0.0255739412006937 
	 13.0383049999999994 	 0.0257037947144440 
	 13.0476999999999990 	 0.0258443810574791 
	 13.0570950000000003 	 0.0259884294358727 
	 13.0664900000000017 	 0.0261286690556986 
	 13.0758849999999995 	 0.0262578291230305 
	 13.0852800000000009 	 0.0263686388439421 
	 13.0946749999999987 	 0.0264538274245073 
	 13.1040700000000001 	 0.0265062823088511 
	 13.1134649999999979 	 0.0265239878853196 
	 13.1228599999999993 	 0.0265109969881969 
	 13.1322549999999989 	 0.0264717168459093 
	 13.1416499999999985 	 0.0264105546868831 
	 13.1510449999999999 	 0.0263319177395446 
	 13.1604400000000012 	 0.0262402132323200 
	 13.1698349999999991 	 0.0261398483936359 
	 13.1792300000000004 	 0.0260352304519183 
	 13.1886250000000000 	 0.0259307666355936 
	 13.1980199999999996 	 0.0258308641730882 
	 13.2074149999999992 	 0.0257394650118910 
	 13.2168100000000006 	 0.0256569511542542 
	 13.2262049999999984 	 0.0255820603212490 
	 13.2356000000000016 	 0.0255135213750963 
	 13.2449949999999994 	 0.0254500631780170 
	 13.2543900000000008 	 0.0253904145922320 
	 13.2637849999999986 	 0.0253333044799621 
	 13.2731800000000000 	 0.0252774617034282 
	 13.2825749999999996 	 0.0252216151248512 
	 13.2919699999999992 	 0.0251644936064520 
	 13.3013649999999988 	 0.0251048268289487 
	 13.3107600000000001 	 0.0250417421175213 
	 13.3201549999999980 	 0.0249754029557615 
	 13.3295500000000011 	 0.0249061394621224 
	 13.3389450000000007 	 0.0248342817550575 
	 13.3483400000000003 	 0.0247601599530200 
	 13.3577349999999999 	 0.0246841041744632 
	 13.3671300000000013 	 0.0246064445378403 
	 13.3765249999999991 	 0.0245275111616046 
	 13.3859200000000005 	 0.0244476341642095 
	 13.3953149999999983 	 0.0243671436641081 
	 13.4047099999999997 	 0.0242863628006215 
	 13.4141049999999993 	 0.0242054551914536 
	 13.4235000000000007 	 0.0241244254854081 
	 13.4328950000000003 	 0.0240432714627006 
	 13.4422899999999998 	 0.0239619909035465 
	 13.4516849999999994 	 0.0238805815881610 
	 13.4610800000000008 	 0.0237990412967598 
	 13.4704749999999986 	 0.0237173678095581 
	 13.4798700000000000 	 0.0236355589067715 
	 13.4892649999999996 	 0.0235536123686153 
	 13.4986599999999992 	 0.0234715259753050 
	 13.5080550000000006 	 0.0233892975070559 
	 13.5174500000000020 	 0.0233069247440835 
	 13.5268449999999998 	 0.0232244054666032 
	 13.5362400000000012 	 0.0231417374548305 
	 13.5456349999999990 	 0.0230589184889807 
	 13.5550300000000004 	 0.0229759463492693 
	 13.5644249999999982 	 0.0228928188159117 
	 13.5738199999999996 	 0.0228095336691233 
	 13.5832149999999992 	 0.0227260886891195 
	 13.5926100000000005 	 0.0226424816561158 
	 13.6020050000000001 	 0.0225587104050758 
	 13.6114000000000015 	 0.0224747826153027 
	 13.6207949999999993 	 0.0223907271219646 
	 13.6301900000000007 	 0.0223065755015548 
	 13.6395850000000003 	 0.0222223593305668 
	 13.6489799999999999 	 0.0221381101854940 
	 13.6583749999999995 	 0.0220538596428298 
	 13.6677700000000009 	 0.0219696392790677 
	 13.6771649999999987 	 0.0218854806707011 
	 13.6865600000000018 	 0.0218014153942233 
	 13.6959549999999997 	 0.0217174750261279 
	 13.7053500000000010 	 0.0216336902279494 
	 13.7147449999999989 	 0.0215500761663957 
	 13.7241400000000002 	 0.0214666350843136 
	 13.7335349999999998 	 0.0213833688290964 
	 13.7429299999999994 	 0.0213002792481373 
	 13.7523249999999990 	 0.0212173681888294 
	 13.7617200000000004 	 0.0211346374985661 
	 13.7711150000000000 	 0.0210520890247405 
	 13.7805100000000014 	 0.0209697246147458 
	 13.7899050000000010 	 0.0208875461159752 
	 13.7993000000000006 	 0.0208055553758220 
	 13.8086950000000002 	 0.0207237544239057 
	 13.8180900000000015 	 0.0206421462019772 
	 13.8274849999999994 	 0.0205607339365886 
	 13.8368800000000007 	 0.0204795208543869 
	 13.8462749999999986 	 0.0203985101820195 
	 13.8556699999999999 	 0.0203177051461333 
	 13.8650649999999995 	 0.0202371089733757 
	 13.8744600000000009 	 0.0201567248903938 
	 13.8838550000000005 	 0.0200765561238348 
	 13.8932500000000001 	 0.0199966059003459 
	 13.9026449999999997 	 0.0199168775137678 
	 13.9120400000000011 	 0.0198373803268491 
	 13.9214349999999989 	 0.0197581345167435 
	 13.9308300000000003 	 0.0196791613773712 
	 13.9402249999999999 	 0.0196004822026522 
	 13.9496200000000012 	 0.0195221182865065 
	 13.9590150000000008 	 0.0194440909228543 
	 13.9684100000000022 	 0.0193664214056156 
	 13.9778050000000000 	 0.0192891310287106 
	 13.9872000000000014 	 0.0192122410860592 
	 13.9965949999999992 	 0.0191357728715816 
	 14.0059900000000006 	 0.0190597457526316 
	 14.0153849999999984 	 0.0189841541593829 
	 14.0247799999999998 	 0.0189089751385839 
	 14.0341750000000012 	 0.0188341853831042 
	 14.0435700000000008 	 0.0187597615858131 
	 14.0529650000000004 	 0.0186856804395801 
	 14.0623600000000017 	 0.0186119186372745 
	 14.0717549999999996 	 0.0185384528717660 
	 14.0811500000000009 	 0.0184652598359237 
	 14.0905450000000005 	 0.0183923162226173 
	 14.0999400000000001 	 0.0183195987247161 
	 14.1093349999999997 	 0.0182470881632342 
	 14.1187300000000011 	 0.0181747821911890 
	 14.1281250000000007 	 0.0181026827509932 
	 14.1375199999999985 	 0.0180307917850608 
	 14.1469149999999999 	 0.0179591112358057 
	 14.1563099999999995 	 0.0178876430456420 
	 14.1657049999999991 	 0.0178163891569834 
	 14.1750999999999987 	 0.0177453515122441 
	 14.1844950000000001 	 0.0176745320538379 
	 14.1938899999999979 	 0.0176039327241787 
	 14.2032849999999993 	 0.0175335554656805 
	 14.2126800000000006 	 0.0174634022207573 
	 14.2220750000000002 	 0.0173934749318230 
	 14.2314699999999998 	 0.0173237755412915 
	 14.2408650000000012 	 0.0172543059915767 
	 14.2502599999999990 	 0.0171850682250928 
	 14.2596550000000004 	 0.0171160641842534 
	 14.2690499999999982 	 0.0170472958114727 
	 14.2784449999999996 	 0.0169787650491645 
	 14.2878399999999974 	 0.0169104738397429 
	 14.2972350000000006 	 0.0168424241256216 
	 14.3066300000000002 	 0.0167746175956734 
	 14.3160249999999998 	 0.0167070533727774 
	 14.3254199999999994 	 0.0166397290891149 
	 14.3348150000000008 	 0.0165726423584767 
	 14.3442099999999986 	 0.0165057907946536 
	 14.3536049999999999 	 0.0164391720114363 
	 14.3629999999999995 	 0.0163727836226156 
	 14.3723949999999991 	 0.0163066232419824 
	 14.3817899999999987 	 0.0162406884833275 
	 14.3911850000000019 	 0.0161749769604416 
	 14.4005799999999997 	 0.0161094862872421 
	 14.4099750000000011 	 0.0160442147210374 
	 14.4193699999999989 	 0.0159791626591444 
	 14.4287650000000003 	 0.0159143309432499 
	 14.4381599999999981 	 0.0158497204150408 
	 14.4475549999999995 	 0.0157853319162041 
	 14.4569499999999991 	 0.0157211662884267 
	 14.4663449999999987 	 0.0156572243733955 
	 14.4757400000000001 	 0.0155935070127974 
	 14.4851350000000014 	 0.0155300150483194 
	 14.4945299999999992 	 0.0154667493216484 
	 14.5039250000000006 	 0.0154037106454268 
	 14.5133200000000002 	 0.0153408988133117 
	 14.5227149999999998 	 0.0152783123556637 
	 14.5321099999999994 	 0.0152159497242281 
	 14.5415050000000008 	 0.0151538093707500 
	 14.5508999999999986 	 0.0150918897469747 
	 14.5602950000000000 	 0.0150301893046473 
	 14.5696899999999996 	 0.0149687064955130 
	 14.5790850000000010 	 0.0149074397713170 
	 14.5884799999999988 	 0.0148463875838047 
	 14.5978750000000002 	 0.0147855483847210 
	 14.6072699999999998 	 0.0147249206258112 
	 14.6166649999999994 	 0.0146645027588206 
	 14.6260599999999990 	 0.0146042932354944 
	 14.6354550000000003 	 0.0145442905075776 
	 14.6448499999999981 	 0.0144844930268156 
	 14.6542450000000013 	 0.0144248992449535 
	 14.6636400000000009 	 0.0143655076137365 
	 14.6730350000000005 	 0.0143063165849098 
	 14.6824300000000001 	 0.0142473246102187 
	 14.6918250000000015 	 0.0141885301414082 
	 14.7012199999999993 	 0.0141299316344614 
	 14.7106150000000007 	 0.0140715303197368 
	 14.7200099999999985 	 0.0140133349855730 
	 14.7294049999999999 	 0.0139553556953199 
	 14.7387999999999995 	 0.0138976025123272 
	 14.7481950000000008 	 0.0138400854999446 
	 14.7575900000000004 	 0.0137828147215218 
	 14.7669850000000000 	 0.0137258002404086 
	 14.7763799999999996 	 0.0136690521199547 
	 14.7857750000000010 	 0.0136125804235097 
	 14.7951699999999988 	 0.0135563952144235 
	 14.8045650000000002 	 0.0135005055551228 
	 14.8139599999999998 	 0.0134448958874457 
	 14.8233549999999994 	 0.0133895251099002 
	 14.8327500000000008 	 0.0133343509354452 
	 14.8421450000000021 	 0.0132793310770393 
	 14.8515400000000000 	 0.0132244232476410 
	 14.8609350000000013 	 0.0131695851602091 
	 14.8703299999999992 	 0.0131147745277022 
	 14.8797250000000005 	 0.0130599490630789 
	 14.8891199999999984 	 0.0130050664792979 
	 14.8985149999999997 	 0.0129500844893178 
	 14.9079099999999993 	 0.0128949668674222 
	 14.9173049999999989 	 0.0128397166103201 
	 14.9267000000000003 	 0.0127843523276748 
	 14.9360950000000017 	 0.0127288926692564 
	 14.9454899999999995 	 0.0126733562848350 
	 14.9548850000000009 	 0.0126177618241807 
	 14.9642800000000005 	 0.0125621279370637 
	 14.9736750000000001 	 0.0125064732732541 
	 14.9830699999999997 	 0.0124508164825219 
	 14.9924650000000010 	 0.0123951762146373 
	 15.0018600000000006 	 0.0123395711193705 
	 15.0112550000000020 	 0.0122840198464915 
	 15.0206499999999998 	 0.0122285410457704 
	 15.0300450000000012 	 0.0121731533669774 
	 15.0394399999999990 	 0.0121178754598825 
	 15.0488350000000004 	 0.0120627259742560 
	 15.0582300000000000 	 0.0120077235598678 
	 15.0676249999999996 	 0.0119528868664882 
	 15.0770199999999992 	 0.0118982345438873 
	 15.0864150000000006 	 0.0118437852418350 
	 15.0958100000000002 	 0.0117895576101017 
	 15.1052050000000015 	 0.0117355702984573 
	 15.1146000000000011 	 0.0116818419566721 
	 15.1239950000000007 	 0.0116283912345160 
	 15.1333900000000003 	 0.0115752367817593 
	 15.1427850000000017 	 0.0115223972481721 
	 15.1521799999999995 	 0.0114698912835244 
	 15.1615750000000009 	 0.0114177375375864 
	 15.1709699999999987 	 0.0113659546601282 
	 15.1803650000000001 	 0.0113145613009199 
	 15.1897599999999997 	 0.0112635761097316 
	 15.1991550000000011 	 0.0112130177363335 
	 15.2085500000000007 	 0.0111628987094013 
	 15.2179450000000003 	 0.0111131994491963 
	 15.2273399999999999 	 0.0110638898840990 
	 15.2367350000000012 	 0.0110149399365808 
	 15.2461299999999991 	 0.0109663195291133 
	 15.2555250000000004 	 0.0109179985841680 
	 15.2649200000000000 	 0.0108699470242165 
	 15.2743150000000014 	 0.0108221347717303 
	 15.2837100000000010 	 0.0107745317491809 
	 15.2931050000000024 	 0.0107271078790398 
	 15.3025000000000002 	 0.0106798331821715 
	 15.3118949999999980 	 0.0106326878841841 
	 15.3212899999999994 	 0.0105856711751572 
	 15.3306849999999990 	 0.0105387843093443 
	 15.3400799999999986 	 0.0104920285409989 
	 15.3494749999999982 	 0.0104454051243745 
	 15.3588699999999996 	 0.0103989153137246 
	 15.3682649999999992 	 0.0103525603633029 
	 15.3776600000000006 	 0.0103063415273628 
	 15.3870550000000001 	 0.0102602600601578 
	 15.3964499999999997 	 0.0102143172159416 
	 15.4058449999999993 	 0.0101685142489675 
	 15.4152400000000007 	 0.0101228524134891 
	 15.4246349999999985 	 0.0100773329637600 
	 15.4340299999999999 	 0.0100319571540337 
	 15.4434249999999977 	 0.0099867262385637 
	 15.4528200000000009 	 0.0099416414716035 
	 15.4622149999999987 	 0.0098967041074066 
	 15.4716100000000001 	 0.0098519154002267 
	 15.4810049999999997 	 0.0098072766043172 
	 15.4903999999999993 	 0.0097627889739316 
	 15.4997949999999989 	 0.0097184537633235 
	 15.5091900000000003 	 0.0096742722267463 
	 15.5185849999999981 	 0.0096302456184537 
	 15.5279799999999994 	 0.0095863751926992 
	 15.5373750000000008 	 0.0095426622037362 
	 15.5467700000000004 	 0.0094991079058183 
	 15.5561650000000000 	 0.0094557135531991 
	 15.5655600000000014 	 0.0094124804001320 
	 15.5749549999999992 	 0.0093694097008706 
	 15.5843500000000006 	 0.0093265027096684 
	 15.5937449999999984 	 0.0092837606807789 
	 15.6031399999999998 	 0.0092411848459220 
	 15.6125349999999976 	 0.0091987750933892 
	 15.6219299999999990 	 0.0091565292340851 
	 15.6313250000000004 	 0.0091144449007889 
	 15.6407200000000000 	 0.0090725197262800 
	 15.6501149999999996 	 0.0090307513433376 
	 15.6595100000000009 	 0.0089891373847410 
	 15.6689049999999988 	 0.0089476754832693 
	 15.6783000000000001 	 0.0089063632717019 
	 15.6876949999999997 	 0.0088651983828180 
	 15.6970899999999993 	 0.0088241784493969 
	 15.7064849999999989 	 0.0087833012372260 
	 15.7158800000000021 	 0.0087425659330490 
	 15.7252749999999999 	 0.0087019725841811 
	 15.7346700000000013 	 0.0086615212499552 
	 15.7440649999999991 	 0.0086212119897043 
	 15.7534600000000005 	 0.0085810448627612 
	 15.7628549999999983 	 0.0085410199284590 
	 15.7722499999999997 	 0.0085011372461306 
	 15.7816449999999993 	 0.0084613968751089 
	 15.7910399999999989 	 0.0084217988747269 
	 15.8004350000000002 	 0.0083823433043086 
	 15.8098300000000016 	 0.0083430301207669 
	 15.8192249999999994 	 0.0083038589243816 
	 15.8286200000000008 	 0.0082648292378505 
	 15.8380150000000004 	 0.0082259405838711 
	 15.8474100000000000 	 0.0081871924851413 
	 15.8568049999999996 	 0.0081485844643588 
	 15.8662000000000010 	 0.0081101160442212 
	 15.8755949999999988 	 0.0080717867474262 
	 15.8849900000000002 	 0.0080335960966716 
	 15.8943849999999998 	 0.0079955436146551 
	 15.9037800000000011 	 0.0079576288192525 
	 15.9131749999999990 	 0.0079198510434558 
	 15.9225700000000003 	 0.0078822093815617 
	 15.9319649999999999 	 0.0078447029120616 
	 15.9413599999999995 	 0.0078073307134473 
	 15.9507549999999991 	 0.0077700918642104 
	 15.9601500000000005 	 0.0077329854428424 
	 15.9695449999999983 	 0.0076960105278351 
	 15.9789400000000015 	 0.0076591661976801 
	 15.9883350000000011 	 0.0076224515308689 
	 15.9977300000000007 	 0.0075858656058932 
	 16.0071249999999985 	 0.0075494076951059 
	 16.0165199999999999 	 0.0075130787118024 
	 16.0259150000000012 	 0.0074768803949291 
	 16.0353100000000026 	 0.0074408144897017 
	 16.0447050000000004 	 0.0074048827413359 
	 16.0541000000000018 	 0.0073690868950472 
	 16.0634949999999996 	 0.0073334286960515 
	 16.0728900000000010 	 0.0072979098895642 
	 16.0822849999999988 	 0.0072625322208012 
	 16.0916800000000002 	 0.0072272974349780 
	 16.1010749999999980 	 0.0071922072744659 
	 16.1104699999999994 	 0.0071572608651893 
	 16.1198650000000008 	 0.0071224498790581 
	 16.1292600000000022 	 0.0070877646693424 
	 16.1386550000000000 	 0.0070531955893123 
	 16.1480500000000013 	 0.0070187329922375 
	 16.1574449999999992 	 0.0069843672313882 
	 16.1668400000000005 	 0.0069500886600343 
	 16.1762349999999984 	 0.0069158876314459 
	 16.1856299999999997 	 0.0068817544988928 
	 16.1950249999999976 	 0.0068476796156451 
	 16.2044200000000025 	 0.0068136541084492 
	 16.2138150000000003 	 0.0067796896275923 
	 16.2232100000000017 	 0.0067458199912549 
	 16.2326049999999995 	 0.0067120801205770 
	 16.2420000000000009 	 0.0066785049366982 
	 16.2513949999999987 	 0.0066451293607584 
	 16.2607900000000001 	 0.0066119883138976 
	 16.2701850000000015 	 0.0065791167172556 
	 16.2795799999999993 	 0.0065465494919722 
	 16.2889750000000006 	 0.0065143215591872 
	 16.2983700000000020 	 0.0064824678400406 
	 16.3077649999999998 	 0.0064510075235277 
	 16.3171600000000012 	 0.0064198529359361 
	 16.3265549999999990 	 0.0063888719559087 
	 16.3359500000000004 	 0.0063579323165671 
	 16.3453449999999982 	 0.0063269017510329 
	 16.3547399999999996 	 0.0062956479924276 
	 16.3641349999999974 	 0.0062640387738728 
	 16.3735299999999988 	 0.0062319418284903 
	 16.3829250000000002 	 0.0061992248894014 
	 16.3923200000000016 	 0.0061657556897279 
	 16.4017150000000029 	 0.0061314025948625 
	 16.4111100000000008 	 0.0060962033321222 
	 16.4205050000000021 	 0.0060605925214714 
	 16.4299000000000035 	 0.0060250615627769 
	 16.4392950000000013 	 0.0059901018559058 
	 16.4486900000000027 	 0.0059562048007250 
	 16.4580850000000005 	 0.0059238617971014 
	 16.4674800000000019 	 0.0058935642449021 
	 16.4768749999999997 	 0.0058658035439939 
	 16.4862699999999975 	 0.0058410710942438 
	 16.4956649999999989 	 0.0058198582955188 
	 16.5050599999999967 	 0.0058026317028885 
	 16.5144549999999981 	 0.0057893780377511 
	 16.5238499999999959 	 0.0057796501530380 
	 16.5332449999999973 	 0.0057729852791562 
	 16.5426399999999987 	 0.0057689206465127 
	 16.5520349999999965 	 0.0057669934855145 
	 16.5614300000000014 	 0.0057667410265684 
	 16.5708250000000028 	 0.0057677005000816 
	 16.5802200000000006 	 0.0057694091364609 
	 16.5896150000000020 	 0.0057714041661133 
	 16.5990099999999998 	 0.0057732228194458 
	 16.6084050000000012 	 0.0057744023268653 
	 16.6177999999999990 	 0.0057744799187789 
	 16.6271950000000004 	 0.0057729928255934 
	 16.6365899999999982 	 0.0057694782777160 
	 16.6459849999999996 	 0.0057634735055534 
	 16.6553799999999974 	 0.0057545157395128 
	 16.6647749999999988 	 0.0057421422100010 
	 16.6741700000000002 	 0.0057258901474250 
	 16.6835649999999980 	 0.0057052967821919 
	 16.6929599999999994 	 0.0056798993447085 
	 16.7023550000000007 	 0.0056492350653818 
	 16.7117499999999986 	 0.0056128411746189 
	 16.7211449999999999 	 0.0055702549028266 
	 16.7305400000000013 	 0.0055210134804120 
	 16.7399350000000027 	 0.0054646541377820 
	 16.7493300000000005 	 0.0054007141053436 
	 16.7587250000000019 	 0.0053287306135037 
	 16.7681199999999997 	 0.0052482408926694 
	 16.7775150000000011 	 0.0051587821732475 
	 16.7869099999999989 	 0.0050598916856451 
	 16.7963050000000003 	 0.0049511066602691 
	 16.8056999999999981 	 0.0048320796060978 
	 16.8150949999999995 	 0.0047041429508686 
	 16.8244899999999973 	 0.0045698996963840 
	 16.8338849999999987 	 0.0044319842471720 
	 16.8432800000000000 	 0.0042930310077605 
	 16.8526749999999979 	 0.0041556743826776 
	 16.8620699999999992 	 0.0040225487764512 
	 16.8714650000000006 	 0.0038962885936095 
	 16.8808599999999984 	 0.0037795282386804 
	 16.8902549999999998 	 0.0036749021161919 
	 16.8996499999999976 	 0.0035850446306721 
	 16.9090450000000025 	 0.0035118900513517 
	 16.9184400000000004 	 0.0034542406714017 
	 16.9278350000000017 	 0.0034100233542460 
	 16.9372299999999996 	 0.0033771649227431 
	 16.9466250000000009 	 0.0033535921997511 
	 16.9560199999999988 	 0.0033372320081285 
	 16.9654150000000001 	 0.0033260111707335 
	 16.9748100000000015 	 0.0033178565104244 
	 16.9842049999999993 	 0.0033106948500597 
	 16.9936000000000007 	 0.0033024530124975 
	 17.0029950000000021 	 0.0032910720115323 
	 17.0123899999999999 	 0.0032754407927746 
	 17.0217850000000013 	 0.0032559759302896 
	 17.0311799999999991 	 0.0032332324696709 
	 17.0405750000000005 	 0.0032077654565119 
	 17.0499699999999983 	 0.0031801299364062 
	 17.0593649999999997 	 0.0031508809549475 
	 17.0687599999999975 	 0.0031205735577293 
	 17.0781549999999989 	 0.0030897627903452 
	 17.0875500000000002 	 0.0030590036983886 
	 17.0969450000000016 	 0.0030288513274533 
	 17.1063399999999994 	 0.0029998246686149 
	 17.1157350000000008 	 0.0029720357526574 
	 17.1251299999999986 	 0.0029453397225167 
	 17.1345250000000000 	 0.0029195876872246 
	 17.1439200000000014 	 0.0028946307558127 
	 17.1533149999999992 	 0.0028703200373130 
	 17.1627100000000006 	 0.0028465066407570 
	 17.1721050000000020 	 0.0028230416751767 
	 17.1814999999999998 	 0.0027997762496036 
	 17.1908950000000011 	 0.0027765614730697 
	 17.2002899999999990 	 0.0027532484555298 
	 17.2096850000000003 	 0.0027297226878695 
	 17.2190799999999982 	 0.0027059950340256 
	 17.2284749999999995 	 0.0026821049276065 
	 17.2378699999999974 	 0.0026580918022202 
	 17.2472649999999987 	 0.0026339950914751 
	 17.2566599999999966 	 0.0026098542289794 
	 17.2660550000000015 	 0.0025857086483412 
	 17.2754500000000029 	 0.0025615977831689 
	 17.2848450000000007 	 0.0025375610670706 
	 17.2942400000000021 	 0.0025136379336546 
	 17.3036350000000034 	 0.0024898673269178 
	 17.3130300000000013 	 0.0024662675980070 
	 17.3224250000000026 	 0.0024428294085348 
	 17.3318200000000004 	 0.0024195414720385 
	 17.3412150000000018 	 0.0023963925020556 
	 17.3506099999999996 	 0.0023733712121235 
	 17.3600050000000010 	 0.0023504663157796 
	 17.3693999999999988 	 0.0023276665265613 
	 17.3787950000000002 	 0.0023049605580060 
	 17.3881899999999980 	 0.0022823371236512 
	 17.3975849999999994 	 0.0022597849370342 
	 17.4069799999999972 	 0.0022372937963214 
	 17.4163749999999986 	 0.0022148631653801 
	 17.4257699999999964 	 0.0021924975820786 
	 17.4351649999999978 	 0.0021702016292078 
	 17.4445600000000027 	 0.0021479798895588 
	 17.4539550000000006 	 0.0021258369459223 
	 17.4633500000000019 	 0.0021037773810895 
	 17.4727450000000033 	 0.0020818057778512 
	 17.4821400000000011 	 0.0020599267189985 
	 17.4915350000000025 	 0.0020381447873221 
	 17.5009300000000003 	 0.0020164645643698 
	 17.5103250000000017 	 0.0019948889350602 
	 17.5197199999999995 	 0.0019734157280675 
	 17.5291150000000009 	 0.0019520418343551 
	 17.5385099999999987 	 0.0019307641448863 
	 17.5479050000000001 	 0.0019095795506247 
	 17.5572999999999979 	 0.0018884849425337 
	 17.5666949999999993 	 0.0018674772115768 
	 17.5760900000000007 	 0.0018465532487172 
	 17.5854849999999985 	 0.0018257099449185 
	 17.5948799999999999 	 0.0018049441911442 
	 17.6042750000000012 	 0.0017842529350682 
	 17.6136700000000026 	 0.0017636347517434 
	 17.6230650000000040 	 0.0017430900462923 
	 17.6324600000000018 	 0.0017226193212616 
	 17.6418550000000032 	 0.0017022230791977 
	 17.6512500000000010 	 0.0016819018226472 
	 17.6606449999999988 	 0.0016616560541566 
	 17.6700400000000002 	 0.0016414862762726 
	 17.6794349999999980 	 0.0016213929915415 
	 17.6888299999999994 	 0.0016013767025100 
	 17.6982249999999972 	 0.0015814379117247 
	 17.7076199999999986 	 0.0015615771217320 
	 17.7170150000000000 	 0.0015417948350785 
	 17.7264099999999978 	 0.0015220915543108 
	 17.7358049999999992 	 0.0015024677819753 
	 17.7452000000000005 	 0.0014829240206187 
	 17.7545949999999984 	 0.0014634607727876 
	 17.7639899999999997 	 0.0014440785410283 
	 17.7733849999999975 	 0.0014247778278875 
	 17.7827799999999989 	 0.0014055591359118 
	 17.7921750000000003 	 0.0013864229676476 
	 17.8015700000000017 	 0.0013673698248050 
	 17.8109649999999995 	 0.0013483999274531 
	 17.8203600000000009 	 0.0013295128061375 
	 17.8297549999999987 	 0.0013107078878294 
	 17.8391500000000001 	 0.0012919845994998 
	 17.8485450000000014 	 0.0012733423681202 
	 17.8579399999999993 	 0.0012547806206615 
	 17.8673350000000006 	 0.0012362987840951 
	 17.8767300000000020 	 0.0012178962853920 
	 17.8861249999999998 	 0.0011995725515235 
	 17.8955200000000012 	 0.0011813270094608 
	 17.9049149999999990 	 0.0011631590980750 
	 17.9143100000000004 	 0.0011450685023324 
	 17.9237049999999982 	 0.0011270551388690 
	 17.9330999999999996 	 0.0011091189333331 
	 17.9424949999999974 	 0.0010912598113727 
	 17.9518899999999988 	 0.0010734776986358 
	 17.9612849999999966 	 0.0010557725207706 
	 17.9706800000000015 	 0.0010381442034251 
	 17.9800749999999994 	 0.0010205926722475 
	 17.9894700000000007 	 0.0010031178528858 
	 17.9988649999999986 	 0.0009857196709880 
	 18.0082599999999999 	 0.0009683980171973 
	 18.0176550000000013 	 0.0009511525803605 
	 18.0270499999999991 	 0.0009339829771648 
	 18.0364450000000005 	 0.0009168888242067 
	 18.0458400000000019 	 0.0008998697380825 
	 18.0552349999999997 	 0.0008829253353886 
	 18.0646300000000011 	 0.0008660552327216 
	 18.0740249999999989 	 0.0008492590466779 
	 18.0834200000000003 	 0.0008325363938537 
	 18.0928149999999981 	 0.0008158868908457 
	 18.1022099999999995 	 0.0007993101551054 
	 18.1116049999999973 	 0.0007828059244943 
	 18.1209999999999987 	 0.0007663741804371 
	 18.1303949999999965 	 0.0007500149337465 
	 18.1397899999999979 	 0.0007337281952354 
	 18.1491850000000028 	 0.0007175139757165 
	 18.1585800000000006 	 0.0007013722860027 
	 18.1679750000000020 	 0.0006853031369067 
	 18.1773700000000034 	 0.0006693065392413 
	 18.1867650000000012 	 0.0006533825038195 
	 18.1961600000000026 	 0.0006375310414538 
	 18.2055550000000004 	 0.0006217521629901 
	 18.2149500000000018 	 0.0006060458797824 
	 18.2243449999999996 	 0.0005904122035857 
	 18.2337400000000009 	 0.0005748511461657 
	 18.2431349999999988 	 0.0005593627192879 
	 18.2525300000000001 	 0.0005439469347182 
	 18.2619249999999980 	 0.0005286038042222 
	 18.2713199999999993 	 0.0005133333395656 
	 18.2807149999999972 	 0.0004981355525141 
	 18.2901099999999985 	 0.0004830104548333 
	 18.2995049999999964 	 0.0004679580582890 
	 18.3088999999999977 	 0.0004529783181454 
	 18.3182949999999991 	 0.0004380709248934 
	 18.3276900000000005 	 0.0004232354915309 
	 18.3370850000000019 	 0.0004084716310466 
	 18.3464800000000032 	 0.0003937789564287 
	 18.3558750000000011 	 0.0003791570806658 
	 18.3652700000000024 	 0.0003646056167463 
	 18.3746650000000002 	 0.0003501241776586 
	 18.3840600000000016 	 0.0003357123763911 
	 18.3934549999999994 	 0.0003213698259324 
	 18.4028500000000008 	 0.0003070961392707 
	 18.4122449999999986 	 0.0002928909293947 
	 18.4216400000000000 	 0.0002787538092927 
	 18.4310349999999978 	 0.0002646843919531 
	 18.4404299999999992 	 0.0002506822903644 
	 18.4498250000000006 	 0.0002367471175150 
	 18.4592199999999984 	 0.0002228784863934 
	 18.4686149999999998 	 0.0002090760099880 
	 18.4780100000000012 	 0.0001953393012873 
	 18.4874049999999990 	 0.0001816679732796 
	 18.4968000000000004 	 0.0001680616389534 
	 18.5061950000000017 	 0.0001545199588342 
	 18.5155900000000031 	 0.0001410431609099 
	 18.5249850000000009 	 0.0001276318464481 
	 18.5343800000000023 	 0.0001142866232682 
	 18.5437750000000001 	 0.0001010080991894 
	 18.5531700000000015 	 0.0000877968820310 
	 18.5625649999999993 	 0.0000746535796123 
	 18.5719600000000007 	 0.0000615787997527 
	 18.5813549999999985 	 0.0000485731502714 
	 18.5907499999999999 	 0.0000356372389878 
	 18.6001449999999977 	 0.0000227716737202 
	 18.6095399999999991 	 0.0000099767731875 
	 18.6189350000000005 	 -0.0000027482479811 
	 18.6283299999999983 	 -0.0000154044386883 
	 18.6377249999999997 	 -0.0000279928478369 
	 18.6471200000000010 	 -0.0000405145243295 
	 18.6565149999999988 	 -0.0000529705170689 
	 18.6659100000000002 	 -0.0000653618749578 
	 18.6753050000000016 	 -0.0000776896468990 
	 18.6847000000000030 	 -0.0000899548817952 
	 18.6940950000000008 	 -0.0001021586285492 
	 18.7034900000000022 	 -0.0001143019231837 
	 18.7128850000000000 	 -0.0001263852050720 
	 18.7222800000000014 	 -0.0001384080779366 
	 18.7316749999999992 	 -0.0001503700831129 
	 18.7410700000000006 	 -0.0001622707619364 
	 18.7504650000000019 	 -0.0001741096557426 
	 18.7598599999999998 	 -0.0001858863058668 
	 18.7692550000000011 	 -0.0001976002536444 
	 18.7786500000000025 	 -0.0002092510404111 
	 18.7880450000000003 	 -0.0002208382075021 
	 18.7974400000000017 	 -0.0002323612962529 
	 18.8068349999999995 	 -0.0002438198987105 
	 18.8162300000000009 	 -0.0002552140830411 
	 18.8256249999999987 	 -0.0002665441781094 
	 18.8350199999999965 	 -0.0002778105154449 
	 18.8444149999999979 	 -0.0002890134265771 
	 18.8538099999999993 	 -0.0003001532430352 
	 18.8632050000000007 	 -0.0003112302963488 
	 18.8725999999999985 	 -0.0003222449180473 
	 18.8819949999999999 	 -0.0003331974396600 
	 18.8913900000000012 	 -0.0003440881927164 
	 18.9007849999999991 	 -0.0003549175087459 
	 18.9101800000000004 	 -0.0003656857192779 
	 18.9195750000000018 	 -0.0003763931558419 
	 18.9289699999999996 	 -0.0003870401499671 
	 18.9383650000000010 	 -0.0003976270331831 
	 18.9477599999999988 	 -0.0004081541370193 
	 18.9571550000000002 	 -0.0004186217930050 
	 18.9665499999999980 	 -0.0004290303326698 
	 18.9759449999999994 	 -0.0004393800875429 
	 18.9853399999999972 	 -0.0004496713891539 
	 18.9947349999999986 	 -0.0004599045690321 
	 19.0041299999999964 	 -0.0004700799596393 
	 19.0135249999999978 	 -0.0004801979224536 
	 19.0229199999999992 	 -0.0004902588529273 
	 19.0323150000000005 	 -0.0005002631484442 
	 19.0417100000000019 	 -0.0005102112063884 
	 19.0511050000000033 	 -0.0005201034241438 
	 19.0605000000000011 	 -0.0005299401990942 
	 19.0698950000000025 	 -0.0005397219286237 
	 19.0792900000000003 	 -0.0005494490101161 
	 19.0886850000000017 	 -0.0005591218409555 
	 19.0980799999999995 	 -0.0005687408185256 
	 19.1074750000000009 	 -0.0005783060649758 
	 19.1168699999999987 	 -0.0005878156395503 
	 19.1262650000000001 	 -0.0005972666655237 
	 19.1356599999999979 	 -0.0006066562615066 
	 19.1450549999999993 	 -0.0006159815461092 
	 19.1544499999999971 	 -0.0006252396379420 
	 19.1638449999999985 	 -0.0006344276556155 
	 19.1732399999999963 	 -0.0006435427177400 
	 19.1826349999999977 	 -0.0006525819429259 
	 19.1920299999999990 	 -0.0006615424497837 
	 19.2014249999999969 	 -0.0006704213667265 
	 19.2108200000000018 	 -0.0006792200742077 
	 19.2202150000000032 	 -0.0006879508313683 
	 19.2296100000000010 	 -0.0006966276124006 
	 19.2390050000000024 	 -0.0007052643914970 
	 19.2484000000000002 	 -0.0007138751428499 
	 19.2577950000000016 	 -0.0007224738406515 
	 19.2671899999999994 	 -0.0007310744590942 
	 19.2765850000000007 	 -0.0007396909723704 
	 19.2859799999999986 	 -0.0007483373546723 
	 19.2953749999999999 	 -0.0007570275801923 
	 19.3047699999999978 	 -0.0007657738407414 
	 19.3141649999999991 	 -0.0007745487814812 
	 19.3235600000000005 	 -0.0007832862890907 
	 19.3329549999999983 	 -0.0007919186255203 
	 19.3423499999999997 	 -0.0008003780527206 
	 19.3517450000000011 	 -0.0008085968326422 
	 19.3611399999999989 	 -0.0008165072272355 
	 19.3705350000000003 	 -0.0008240414984511 
	 19.3799300000000017 	 -0.0008311319082397 
	 19.3893250000000030 	 -0.0008377107185516 
	 19.3987200000000009 	 -0.0008437101913374 
	 19.4081150000000022 	 -0.0008490774257422 
	 19.4175100000000000 	 -0.0008538492264836 
	 19.4269050000000014 	 -0.0008580959399486 
	 19.4362999999999992 	 -0.0008618879707502 
	 19.4456950000000006 	 -0.0008652957235016 
	 19.4550899999999984 	 -0.0008683896028156 
	 19.4644849999999998 	 -0.0008712400133054 
	 19.4738799999999976 	 -0.0008739173595839 
	 19.4832749999999990 	 -0.0008764920462643 
	 19.4926700000000004 	 -0.0008790344779594 
	 19.5020649999999982 	 -0.0008816149019669 
	 19.5114599999999996 	 -0.0008842773064453 
	 19.5208550000000010 	 -0.0008870102419997 
	 19.5302499999999988 	 -0.0008897952232806 
	 19.5396450000000002 	 -0.0008926137649383 
	 19.5490399999999980 	 -0.0008954473816230 
	 19.5584349999999993 	 -0.0008982775879852 
	 19.5678300000000007 	 -0.0009010858986752 
	 19.5772250000000021 	 -0.0009038538283434 
	 19.5866199999999999 	 -0.0009065628916400 
	 19.5960150000000013 	 -0.0009091946032154 
	 19.6054099999999991 	 -0.0009117312437814 
	 19.6148050000000005 	 -0.0009141677297071 
	 19.6242000000000019 	 -0.0009165093415413 
	 19.6335949999999997 	 -0.0009187616659987 
	 19.6429900000000011 	 -0.0009209302897939 
	 19.6523850000000024 	 -0.0009230207996415 
	 19.6617800000000003 	 -0.0009250387822560 
	 19.6711750000000016 	 -0.0009269898243521 
	 19.6805699999999995 	 -0.0009288795126444 
	 19.6899650000000008 	 -0.0009307134338475 
	 19.6993599999999986 	 -0.0009324971746760 
	 19.7087550000000000 	 -0.0009342353387737 
	 19.7181499999999978 	 -0.0009359277032349 
	 19.7275449999999992 	 -0.0009375725663261 
	 19.7369400000000006 	 -0.0009391682259296 
	 19.7463350000000020 	 -0.0009407129799281 
	 19.7557299999999998 	 -0.0009422051262038 
	 19.7651250000000012 	 -0.0009436429626394 
	 19.7745199999999990 	 -0.0009450247871173 
	 19.7839150000000004 	 -0.0009463488975200 
	 19.7933100000000017 	 -0.0009476135917298 
	 19.8027049999999996 	 -0.0009488171782906 
	 19.8121000000000009 	 -0.0009499588773480 
	 19.8214950000000023 	 -0.0009510395055744 
	 19.8308900000000001 	 -0.0009520600409232 
	 19.8402850000000015 	 -0.0009530214613476 
	 19.8496799999999993 	 -0.0009539247448009 
	 19.8590750000000007 	 -0.0009547708692365 
	 19.8684699999999985 	 -0.0009555608126076 
	 19.8778649999999999 	 -0.0009562955528676 
	 19.8872599999999977 	 -0.0009569760679697 
	 19.8966549999999991 	 -0.0009576033358672 
	 19.9060499999999969 	 -0.0009581783000428 
	 19.9154450000000018 	 -0.0009587014683450 
	 19.9248400000000032 	 -0.0009591730500487 
	 19.9342350000000010 	 -0.0009595932486027 
	 19.9436300000000024 	 -0.0009599622674559 
	 19.9530250000000038 	 -0.0009602803100574 
	 19.9624200000000016 	 -0.0009605475798560 
	 19.9718150000000030 	 -0.0009607642803007 
	 19.9812100000000008 	 -0.0009609306148403 
	 19.9906050000000022 	 -0.0009610467869237 
	 20.0000000000000000 	 -0.0009611130000000 
