	 1.2100000000000000 	 3.8435488519999996 
	 1.2193950000000000 	 3.8809368509607709 
	 1.2287900000000000 	 3.9144624128140872 
	 1.2381850000000001 	 3.9443496137263203 
	 1.2475799999999999 	 3.9708300638474388 
	 1.2569750000000002 	 3.9941351701332071 
	 1.2663700000000000 	 4.0144722365874461 
	 1.2757650000000000 	 4.0320582544003809 
	 1.2851600000000001 	 4.0470948491589294 
	 1.2945550000000001 	 4.0597849239441137 
	 1.3039499999999999 	 4.0703516810818821 
	 1.3133450000000000 	 4.0789688517320322 
	 1.3227400000000000 	 4.0857711928902756 
	 1.3321350000000001 	 4.0909238085045381 
	 1.3415300000000001 	 4.0945944545925332 
	 1.3509249999999999 	 4.0969317500959006 
	 1.3603200000000000 	 4.0980546776378697 
	 1.3697150000000000 	 4.0981146286575800 
	 1.3791099999999998 	 4.0972239163536202 
	 1.3885049999999999 	 4.0954826781873175 
	 1.3978999999999999 	 4.0929850593336727 
	 1.4072950000000000 	 4.0898232191784452 
	 1.4166900000000000 	 4.0860880874678234 
	 1.4260850000000000 	 4.0818582867474484 
	 1.4354799999999999 	 4.0772036554718980 
	 1.4448749999999999 	 4.0721925643992956 
	 1.4542700000000000 	 4.0668904712756806 
	 1.4636650000000000 	 4.0613595523218544 
	 1.4730600000000000 	 4.0556401997838289 
	 1.4824550000000001 	 4.0497587305877083 
	 1.4918499999999999 	 4.0437633749580311 
	 1.5012450000000002 	 4.0377019174766300 
	 1.5106400000000000 	 4.0316163712908377 
	 1.5200350000000000 	 4.0255428442467194 
	 1.5294300000000001 	 4.0195007441471651 
	 1.5388250000000001 	 4.0135060773330791 
	 1.5482200000000002 	 4.0075765249038708 
	 1.5576150000000002 	 4.0017395499675352 
	 1.5670099999999998 	 3.9960261569814644 
	 1.5764049999999998 	 3.9904661753083097 
	 1.5857999999999999 	 3.9850764413085566 
	 1.5951949999999999 	 3.9798655801771825 
	 1.6045900000000000 	 3.9748391894586073 
	 1.6139850000000000 	 3.9700003887275490 
	 1.6233799999999998 	 3.9653540478790967 
	 1.6327749999999999 	 3.9609072739375635 
	 1.6421699999999999 	 3.9566673095575728 
	 1.6515649999999999 	 3.9526414034212252 
	 1.6609600000000000 	 3.9488388471248430 
	 1.6703550000000000 	 3.9452699055953313 
	 1.6797499999999999 	 3.9419347220442762 
	 1.6891450000000001 	 3.9388350419975882 
	 1.6985399999999999 	 3.9359735088380163 
	 1.7079350000000000 	 3.9333530336140696 
	 1.7173300000000000 	 3.9309766151117467 
	 1.7267250000000001 	 3.9288464039273840 
	 1.7361199999999999 	 3.9269562610780140 
	 1.7455150000000001 	 3.9252963965515408 
	 1.7549100000000000 	 3.9238732744120379 
	 1.7643049999999998 	 3.9227055786146878 
	 1.7736999999999998 	 3.9217909902631707 
	 1.7830949999999999 	 3.9211171156502895 
	 1.7924899999999999 	 3.9206856162989934 
	 1.8018850000000000 	 3.9204946588547802 
	 1.8112800000000000 	 3.9205430316175227 
	 1.8206750000000000 	 3.9208295381310627 
	 1.8300700000000001 	 3.9213527043387684 
	 1.8394650000000001 	 3.9221109865054968 
	 1.8488600000000002 	 3.9231027479421869 
	 1.8582550000000002 	 3.9243263292349866 
	 1.8676499999999998 	 3.9257800665990290 
	 1.8770449999999999 	 3.9274622423643795 
	 1.8864399999999999 	 3.9293709510874946 
	 1.8958349999999999 	 3.9315044661569187 
	 1.9052300000000000 	 3.9338612331870957 
	 1.9146250000000000 	 3.9364396682166496 
	 1.9240199999999998 	 3.9392374219039965 
	 1.9334150000000001 	 3.9422514166889453 
	 1.9428099999999999 	 3.9454811118183146 
	 1.9522050000000000 	 3.9489295956103287 
	 1.9616000000000000 	 3.9525931356466208 
	 1.9709950000000001 	 3.9564536259003447 
	 1.9803900000000001 	 3.9605105837617858 
	 1.9897850000000001 	 3.9647987484467864 
	 1.9991800000000000 	 3.9692955404977996 
	 2.0085750000000000 	 3.9739950146000598 
	 2.0179700000000000 	 3.9788996351468398 
	 2.0273649999999996 	 3.9840087144324614 
	 2.0367600000000001 	 3.9893203326839153 
	 2.0461549999999997 	 3.9948326258229807 
	 2.0555499999999998 	 4.0005444395266805 
	 2.0649449999999998 	 4.0064550801160177 
	 2.0743399999999999 	 4.0125636314046327 
	 2.0837349999999999 	 4.0188690864746945 
	 2.0931299999999999 	 4.0253705746086323 
	 2.1025250000000000 	 4.0320673376419132 
	 2.1119199999999996 	 4.0389584969140007 
	 2.1213150000000001 	 4.0460431930847749 
	 2.1307099999999997 	 4.0533217019057108 
	 2.1401050000000001 	 4.0607941283226507 
	 2.1494999999999997 	 4.0684595237557710 
	 2.1588950000000002 	 4.0763167298283998 
	 2.1682899999999998 	 4.0843645881638579 
	 2.1776850000000003 	 4.0926019403854719 
	 2.1870799999999999 	 4.1010277676681826 
	 2.1964750000000000 	 4.1096422243018047 
	 2.2058700000000000 	 4.1184457709198394 
	 2.2152650000000000 	 4.1274384870704983 
	 2.2246600000000001 	 4.1366202985671467 
	 2.2340550000000001 	 4.1459910972514731 
	 2.2434500000000002 	 4.1555498048884481 
	 2.2528449999999998 	 4.1652953441482889 
	 2.2622400000000003 	 4.1752279765389382 
	 2.2716349999999998 	 4.1853476165676886 
	 2.2810300000000003 	 4.1956543974558791 
	 2.2904249999999999 	 4.2061486923117215 
	 2.2998200000000000 	 4.2168298244111497 
	 2.3092150000000000 	 4.2276969117941947 
	 2.3186100000000001 	 4.2387490725008865 
	 2.3280050000000001 	 4.2499877598871061 
	 2.3373999999999997 	 4.2614263239457877 
	 2.3467950000000002 	 4.2730626623484191 
	 2.3561899999999998 	 4.2848848889936537 
	 2.3655850000000003 	 4.2968818321463953 
	 2.3749799999999999 	 4.3090540698203315 
	 2.3843749999999999 	 4.3214111387822163 
	 2.3937700000000000 	 4.3339568713014653 
	 2.4031650000000000 	 4.3466886240418390 
	 2.4125600000000000 	 4.3596051837055523 
	 2.4219550000000001 	 4.3727074593120552 
	 2.4313500000000001 	 4.3859954435307058 
	 2.4407449999999997 	 4.3994688629263381 
	 2.4501400000000002 	 4.4131274241114751 
	 2.4595349999999998 	 4.4269712118320337 
	 2.4689300000000003 	 4.4410010864121059 
	 2.4783249999999999 	 4.4552151404000631 
	 2.4877199999999999 	 4.4696133691833015 
	 2.4971150000000000 	 4.4842120813906412 
	 2.5065100000000005 	 4.4990099699226214 
	 2.5159050000000001 	 4.5139927504599129 
	 2.5253000000000001 	 4.5291468813955404 
	 2.5346950000000001 	 4.5444734097590267 
	 2.5440899999999997 	 4.5599853831140820 
	 2.5534850000000002 	 4.5756856119939355 
	 2.5628799999999998 	 4.5915708630539216 
	 2.5722749999999999 	 4.6076435347822713 
	 2.5816699999999999 	 4.6239025011728438 
	 2.5910650000000000 	 4.6403480111181876 
	 2.6004600000000000 	 4.6569803386638604 
	 2.6098550000000000 	 4.6737992012762861 
	 2.6192500000000001 	 4.6908042176392000 
	 2.6286449999999997 	 4.7079952265453464 
	 2.6380400000000002 	 4.7253731864547657 
	 2.6474349999999998 	 4.7429394109649952 
	 2.6568300000000002 	 4.7606950058842488 
	 2.6662249999999998 	 4.7786391212487755 
	 2.6756200000000003 	 4.7967700367874677 
	 2.6850149999999999 	 4.8150889834591899 
	 2.6944100000000004 	 4.8335978671272519 
	 2.7038050000000000 	 4.8522964779304170 
	 2.7132000000000001 	 4.8711837416737573 
	 2.7225950000000001 	 4.8902533185039392 
	 2.7319900000000001 	 4.9094984088204052 
	 2.7413850000000002 	 4.9289252923615869 
	 2.7507800000000002 	 4.9485402968447563 
	 2.7601750000000003 	 4.9683446377728391 
	 2.7695699999999999 	 4.9883421213015229 
	 2.7789650000000004 	 5.0085562972665620 
	 2.7883599999999999 	 5.0289754450513762 
	 2.7977550000000004 	 5.0495757057791471 
	 2.8071500000000000 	 5.0703386249549602 
	 2.8165450000000001 	 5.0912873445877471 
	 2.8259399999999997 	 5.1124284208148048 
	 2.8353349999999997 	 5.1337461850362587 
	 2.8447299999999998 	 5.1552411421803459 
	 2.8541249999999998 	 5.1769276034391041 
	 2.8635199999999998 	 5.1988200749008149 
	 2.8729149999999999 	 5.2209225655950640 
	 2.8823099999999995 	 5.2432245063163636 
	 2.8917050000000000 	 5.2657142726585686 
	 2.9010999999999996 	 5.2883856760156585 
	 2.9104950000000001 	 5.3112453044818428 
	 2.9198899999999997 	 5.3342997000176915 
	 2.9292850000000001 	 5.3575489803786329 
	 2.9386799999999997 	 5.3809918924275717 
	 2.9480750000000002 	 5.4046275494142728 
	 2.9574699999999998 	 5.4284570688587035 
	 2.9668650000000003 	 5.4524806848414906 
	 2.9762599999999999 	 5.4766984753625447 
	 2.9856549999999999 	 5.5011108579776824 
	 2.9950500000000000 	 5.5257180194555326 
	 3.0044450000000000 	 5.5505199670642495 
	 3.0138400000000001 	 5.5755167035067164 
	 3.0232350000000001 	 5.6007082421404544 
	 3.0326300000000002 	 5.6260951877580183 
	 3.0420250000000002 	 5.6516790231270733 
	 3.0514200000000002 	 5.6774591566087089 
	 3.0608149999999998 	 5.7034304148229040 
	 3.0702099999999999 	 5.7296008284173503 
	 3.0796049999999999 	 5.7560015961981392 
	 3.0890000000000000 	 5.7825993774827777 
	 3.0983950000000000 	 5.8093574099529253 
	 3.1077900000000001 	 5.8363062656156579 
	 3.1171850000000001 	 5.8634523273048922 
	 3.1265800000000001 	 5.8907916646568195 
	 3.1359749999999997 	 5.9183254931425493 
	 3.1453699999999998 	 5.9460534869930468 
	 3.1547649999999998 	 5.9739748720593306 
	 3.1641599999999999 	 6.0020892431691291 
	 3.1735549999999995 	 6.0303960324110619 
	 3.1829499999999999 	 6.0588946638806149 
	 3.1923449999999995 	 6.0875845324392737 
	 3.2017400000000000 	 6.1164649850240203 
	 3.2111349999999996 	 6.1455353117296125 
	 3.2205300000000001 	 6.1747946806745251 
	 3.2299249999999997 	 6.2042422426740789 
	 3.2393200000000002 	 6.2338771485436020 
	 3.2487149999999998 	 6.2636985244414660 
	 3.2581100000000003 	 6.2937053738991322 
	 3.2675049999999999 	 6.3238966623995214 
	 3.2769000000000004 	 6.3542713446759205 
	 3.2862950000000000 	 6.3848282749304230 
	 3.2956900000000005 	 6.4155662308576664 
	 3.3050850000000001 	 6.4464839745589355 
	 3.3144800000000001 	 6.4775802659124464 
	 3.3238750000000001 	 6.5088538109092360 
	 3.3332700000000002 	 6.5403031514216057 
	 3.3426650000000002 	 6.5719266970375232 
	 3.3520600000000003 	 6.6037236188533948 
	 3.3614549999999999 	 6.6356933958261850 
	 3.3708500000000003 	 6.6678333895952644 
	 3.3802449999999999 	 6.7001406746703749 
	 3.3896400000000000 	 6.7326119217422393 
	 3.3990350000000000 	 6.7652460409417223 
	 3.4084300000000001 	 6.7980546065166250 
	 3.4178249999999997 	 6.8310334694596326 
	 3.4272200000000002 	 6.8641715535885570 
	 3.4366149999999998 	 6.8974577771045151 
	 3.4460099999999998 	 6.9308810582086444 
	 3.4554049999999998 	 6.9644316756555256 
	 3.4647999999999999 	 6.9981223987338481 
	 3.4741949999999999 	 7.0319836320962725 
	 3.4835900000000000 	 7.0660211929027241 
	 3.4929850000000000 	 7.1002119966882926 
	 3.5023799999999996 	 7.1345313631555962 
	 3.5117750000000001 	 7.1689546120072478 
	 3.5211699999999997 	 7.2034571363993809 
	 3.5305649999999997 	 7.2380681055607683 
	 3.5399599999999998 	 7.2728918467753800 
	 3.5493550000000003 	 7.3078420019442252 
	 3.5587499999999999 	 7.3429021133585985 
	 3.5681449999999999 	 7.3780832083131678 
	 3.5775399999999999 	 7.4133783862154177 
	 3.5869350000000004 	 7.4487828671746268 
	 3.5963300000000000 	 7.4842914294452534 
	 3.6057249999999996 	 7.5199008276871639 
	 3.6151200000000001 	 7.5556107887318174 
	 3.6245150000000002 	 7.5914208863921173 
	 3.6339100000000002 	 7.6273256342924043 
	 3.6433049999999998 	 7.6633142228082987 
	 3.6527000000000003 	 7.6993756686848434 
	 3.6620950000000003 	 7.7355057835515852 
	 3.6714900000000004 	 7.7717070801805042 
	 3.6808850000000000 	 7.8079734074712386 
	 3.6902800000000000 	 7.8442998526527585 
	 3.6996750000000000 	 7.8806810485282650 
	 3.7090700000000001 	 7.9171114515440610 
	 3.7184650000000001 	 7.9535854379208999 
	 3.7278600000000002 	 7.9900971066616906 
	 3.7372550000000002 	 8.0266405514307131 
	 3.7466499999999998 	 8.0632095555692587 
	 3.7560450000000003 	 8.0997977254170372 
	 3.7654399999999999 	 8.1363986661528731 
	 3.7748350000000004 	 8.1730059829556101 
	 3.7842300000000000 	 8.2096131717534870 
	 3.7936250000000000 	 8.2462106225959921 
	 3.8030200000000001 	 8.2827896430357288 
	 3.8124150000000006 	 8.3193474916308752 
	 3.8218100000000002 	 8.3558793565895506 
	 3.8312049999999997 	 8.3923756515971775 
	 3.8406000000000002 	 8.4288262545699482 
	 3.8499950000000003 	 8.4652210434240445 
	 3.8593899999999999 	 8.5015509127803792 
	 3.8687849999999999 	 8.5378108305770120 
	 3.8781799999999995 	 8.5739958855986647 
	 3.8875749999999996 	 8.6100958456575949 
	 3.8969699999999996 	 8.6460989688315841 
	 3.9063649999999996 	 8.6819969792573666 
	 3.9157599999999997 	 8.7177793090400399 
	 3.9251549999999997 	 8.7534436433974712 
	 3.9345499999999998 	 8.7889761290485104 
	 3.9439449999999998 	 8.8243583295235730 
	 3.9533399999999999 	 8.8595858181306344 
	 3.9627349999999995 	 8.8946518922598354 
	 3.9721299999999999 	 8.9295455187583350 
	 3.9815249999999995 	 8.9642553220936314 
	 3.9909200000000000 	 8.9987702772829223 
	 4.0003149999999996 	 9.0330802293472630 
	 4.0097100000000001 	 9.0671749452919137 
	 4.0191049999999997 	 9.1010434299367944 
	 4.0285000000000002 	 9.1346745028608929 
	 4.0378949999999998 	 9.1680570075648244 
	 4.0472900000000003 	 9.2011801918163680 
	 4.0566849999999999 	 9.2340321305583011 
	 4.0660799999999995 	 9.2666003846399487 
	 4.0754750000000000 	 9.2988745488627629 
	 4.0848700000000004 	 9.3308456031730174 
	 4.0942650000000000 	 9.3625044484867193 
	 4.1036599999999996 	 9.3938389420445212 
	 4.1130550000000001 	 9.4248335087859871 
	 4.1224499999999997 	 9.4554724151378018 
	 4.1318450000000002 	 9.4857426579217989 
	 4.1412399999999998 	 9.5156363797596448 
	 4.1506349999999994 	 9.5451446076867619 
	 4.1600299999999999 	 9.5742544070689810 
	 4.1694250000000004 	 9.6029540523725885 
	 4.1788200000000000 	 9.6312322030104518 
	 4.1882149999999996 	 9.6590774327248319 
	 4.1976100000000001 	 9.6864782098019795 
	 4.2070049999999997 	 9.7134225906613363 
	 4.2164000000000001 	 9.7398997864183592 
	 4.2257949999999997 	 9.7658997385308677 
	 4.2351900000000002 	 9.7914123380383469 
	 4.2445849999999998 	 9.8164264439047990 
	 4.2539800000000003 	 9.8409300150293930 
	 4.2633749999999999 	 9.8649109801394470 
	 4.2727700000000004 	 9.8883572679623057 
	 4.2821650000000000 	 9.9112568227288165 
	 4.2915600000000005 	 9.9335998867553776 
	 4.3009550000000001 	 9.9553814128609819 
	 4.3103499999999997 	 9.9765969311821241 
	 4.3197450000000002 	 9.9972403360154978 
	 4.3291400000000007 	 10.0172996692052365 
	 4.3385350000000003 	 10.0367612184955792 
	 4.3479299999999999 	 10.0556118234115228 
	 4.3573250000000003 	 10.0738562041953781 
	 4.3667199999999999 	 10.0915010900139261 
	 4.3761150000000004 	 10.1085058733658073 
	 4.3855100000000000 	 10.1248629785131055 
	 4.3949049999999996 	 10.1405833268512797 
	 4.4043000000000001 	 10.1556591352385119 
	 4.4136950000000006 	 10.1700821253763483 
	 4.4230900000000002 	 10.1838459486967388 
	 4.4324849999999998 	 10.1969468063865154 
	 4.4418799999999994 	 10.2093808976013634 
	 4.4512749999999999 	 10.2211440910809781 
	 4.4606700000000004 	 10.2322323194008717 
	 4.4700650000000000 	 10.2426421502291856 
	 4.4794599999999996 	 10.2523713836958041 
	 4.4888550000000000 	 10.2614180738544132 
	 4.4982499999999996 	 10.2697803425200576 
	 4.5076450000000001 	 10.2774564578104179 
	 4.5170399999999997 	 10.2844455803964667 
	 4.5264349999999993 	 10.2907472991891709 
	 4.5358299999999998 	 10.2963616819207786 
	 4.5452250000000003 	 10.3012891871993766 
	 4.5546199999999999 	 10.3055308006649486 
	 4.5640149999999995 	 10.3090879271373961 
	 4.5734100000000000 	 10.3119624350895531 
	 4.5828049999999996 	 10.3141567394956795 
	 4.5922000000000001 	 10.3156734479436878 
	 4.6015949999999997 	 10.3165157805957346 
	 4.6109900000000001 	 10.3166876823541536 
	 4.6203849999999997 	 10.3161931827283055 
	 4.6297799999999993 	 10.3150365498571688 
	 4.6391749999999998 	 10.3132228961689645 
	 4.6485700000000003 	 10.3107575887487020 
	 4.6579649999999999 	 10.3076463492007697 
	 4.6673599999999995 	 10.3038952052565485 
	 4.6767550000000000 	 10.2995114513252943 
	 4.6861499999999996 	 10.2945009275026873 
	 4.6955450000000001 	 10.2888686859454985 
	 4.7049399999999997 	 10.2826262199088596 
	 4.7143350000000002 	 10.2757898240723993 
	 4.7237299999999998 	 10.2683676902450660 
	 4.7331250000000002 	 10.2603588953630371 
	 4.7425199999999998 	 10.2517621381871802 
	 4.7519150000000003 	 10.2425856283252106 
	 4.7613099999999999 	 10.2328499250774367 
	 4.7707049999999995 	 10.2225658569615216 
	 4.7801000000000000 	 10.2117426974894947 
	 4.7894950000000005 	 10.2003897201733764 
	 4.7988900000000001 	 10.1885165673784197 
	 4.8082849999999997 	 10.1761344547584098 
	 4.8176800000000002 	 10.1632542311890113 
	 4.8270749999999998 	 10.1498867223824476 
	 4.8364700000000003 	 10.1360429003557115 
	 4.8458649999999999 	 10.1217339250377112 
	 4.8552599999999995 	 10.1069710742131171 
	 4.8646550000000000 	 10.0917656388297150 
	 4.8740500000000004 	 10.0761291129060790 
	 4.8834450000000000 	 10.0600731958767877 
	 4.8928399999999996 	 10.0436095962984329 
	 4.9022350000000001 	 10.0267500227276045 
	 4.9116300000000006 	 10.0095061835428893 
	 4.9210250000000002 	 9.9918897327519591 
	 4.9304199999999998 	 9.9739121936419082 
	 4.9398150000000003 	 9.9555850702553528 
	 4.9492100000000008 	 9.9369202190886732 
	 4.9586050000000004 	 9.9179309922656103 
	 4.9680000000000000 	 9.8986287203136527 
	 4.9773949999999996 	 9.8790126764242121 
	 4.9867900000000001 	 9.8591003642922015 
	 4.9961850000000005 	 9.8389191421935660 
	 5.0055800000000001 	 9.8184804186627570 
	 5.0149750000000006 	 9.7977850397692308 
	 5.0243700000000002 	 9.7768354363884153 
	 5.0337649999999989 	 9.7556801178430401 
	 5.0431600000000003 	 9.7343360031849304 
	 5.0525549999999999 	 9.7127560512566848 
	 5.0619499999999995 	 9.6909532452049536 
	 5.0713449999999991 	 9.6689463016247768 
	 5.0807400000000005 	 9.6467539371111890 
	 5.0901350000000001 	 9.6243948682592446 
	 5.0995299999999997 	 9.6018878116639748 
	 5.1089249999999993 	 9.5792373568973428 
	 5.1183200000000006 	 9.5564136957051069 
	 5.1277150000000002 	 9.5335123917091842 
	 5.1371099999999998 	 9.5104856532589377 
	 5.1465049999999994 	 9.4873393770886647 
	 5.1558999999999999 	 9.4640979282626922 
	 5.1652949999999995 	 9.4407660431379945 
	 5.1746900000000000 	 9.4173551447102071 
	 5.1840849999999996 	 9.3938732148910180 
	 5.1934800000000001 	 9.3703289282966846 
	 5.2028749999999997 	 9.3467313551231879 
	 5.2122700000000002 	 9.3230888079767098 
	 5.2216649999999998 	 9.2994095381335828 
	 5.2310600000000003 	 9.2757017101374526 
	 5.2404549999999999 	 9.2519733247555287 
	 5.2498499999999995 	 9.2282324748368616 
	 5.2592449999999999 	 9.2044869037490677 
	 5.2686400000000004 	 9.1807427972387696 
	 5.2780350000000000 	 9.1570063055191113 
	 5.2874299999999996 	 9.1332858941544135 
	 5.2968249999999992 	 9.1095909159105055 
	 5.3062200000000006 	 9.0859307253617843 
	 5.3156150000000002 	 9.0623143573745946 
	 5.3250099999999998 	 9.0387460183879558 
	 5.3344049999999994 	 9.0152261749399365 
	 5.3437999999999999 	 8.9917553280799147 
	 5.3531950000000004 	 8.9683389792891273 
	 5.3625900000000000 	 8.9449890120398585 
	 5.3719849999999996 	 8.9217141417697245 
	 5.3813800000000001 	 8.8985176992862591 
	 5.3907749999999997 	 8.8754047622359433 
	 5.4001700000000001 	 8.8523807256696614 
	 5.4095649999999997 	 8.8294508562331320 
	 5.4189600000000002 	 8.8066199340794196 
	 5.4283549999999998 	 8.7838925892103958 
	 5.4377500000000003 	 8.7612732562754250 
	 5.4471449999999999 	 8.7387663208176711 
	 5.4565400000000004 	 8.7163762786834660 
	 5.4659350000000000 	 8.6941072124264984 
	 5.4753299999999996 	 8.6719629277799442 
	 5.4847250000000001 	 8.6499474757333967 
	 5.4941200000000006 	 8.6280646226623574 
	 5.5035150000000002 	 8.6063177475567549 
	 5.5129099999999998 	 8.5847103460842114 
	 5.5223049999999994 	 8.5632459202995772 
	 5.5317000000000007 	 8.5419277780412166 
	 5.5410950000000003 	 8.5207588452639840 
	 5.5504899999999999 	 8.4997421550343670 
	 5.5598849999999995 	 8.4788808973084713 
	 5.5692800000000009 	 8.4581775192049928 
	 5.5786750000000005 	 8.4376347451001532 
	 5.5880700000000001 	 8.4172553194398194 
	 5.5974649999999997 	 8.3970414132902729 
	 5.6068600000000011 	 8.3769954242585793 
	 5.6162549999999998 	 8.3571199294582641 
	 5.6256499999999994 	 8.3374171249296314 
	 5.6350449999999999 	 8.3178889598609160 
	 5.6444399999999995 	 8.2985373847282204 
	 5.6538349999999999 	 8.2793643519551718 
	 5.6632300000000004 	 8.2603717035074418 
	 5.6726250000000000 	 8.2415611398026059 
	 5.6820199999999996 	 8.2229342706521447 
	 5.6914149999999992 	 8.2044926397460625 
	 5.7008099999999997 	 8.1862379482605139 
	 5.7102050000000002 	 8.1681717859914578 
	 5.7195999999999998 	 8.1502953291886762 
	 5.7289949999999994 	 8.1326096756950648 
	 5.7383899999999999 	 8.1151159293938395 
	 5.7477850000000004 	 8.0978153039946577 
	 5.7571800000000000 	 8.0807095394770450 
	 5.7665749999999996 	 8.0637989905871716 
	 5.7759699999999992 	 8.0470837380874336 
	 5.7853649999999996 	 8.0305705265849543 
	 5.7947600000000001 	 8.0142604649243054 
	 5.8041549999999997 	 7.9981460269584206 
	 5.8135500000000002 	 7.9822254393532672 
	 5.8229449999999998 	 7.9665038992101538 
	 5.8323400000000003 	 7.9509846463302782 
	 5.8417349999999999 	 7.9356670791813846 
	 5.8511299999999995 	 7.9205507792492282 
	 5.8605250000000000 	 7.9056369661111106 
	 5.8699199999999996 	 7.8909257893784890 
	 5.8793150000000001 	 7.8764120162116145 
	 5.8887100000000006 	 7.8620982425219310 
	 5.8981050000000002 	 7.8479894994098274 
	 5.9074999999999998 	 7.8340900525775776 
	 5.9168950000000002 	 7.8203984799107715 
	 5.9262899999999998 	 7.8069110336698451 
	 5.9356850000000003 	 7.7936266676615231 
	 5.9450799999999999 	 7.7805460733618794 
	 5.9544749999999995 	 7.7676699506984823 
	 5.9638700000000000 	 7.7549984861354178 
	 5.9732650000000005 	 7.7425313218560738 
	 5.9826600000000001 	 7.7302681773369812 
	 5.9920549999999997 	 7.7182089269230971 
	 6.0014499999999993 	 7.7063534576071167 
	 6.0108449999999998 	 7.6947016563106354 
	 6.0202400000000003 	 7.6832532837260716 
	 6.0296349999999999 	 7.6720080275317182 
	 6.0390300000000003 	 7.6609663885212438 
	 6.0484249999999999 	 7.6501279044145329 
	 6.0578200000000004 	 7.6394917669640554 
	 6.0672150000000000 	 7.6290572307819255 
	 6.0766099999999996 	 7.6188240702026624 
	 6.0860050000000001 	 7.6087922667269998 
	 6.0953999999999997 	 7.5989607101838299 
	 6.1047950000000002 	 7.5893276609905840 
	 6.1141900000000007 	 7.5798945644694928 
	 6.1235850000000003 	 7.5706659727453749 
	 6.1329799999999999 	 7.5616461016047278 
	 6.1423750000000004 	 7.5528314404198129 
	 6.1517700000000000 	 7.5442067609016670 
	 6.1611650000000004 	 7.5357635969563397 
	 6.1705600000000000 	 7.5275115307552376 
	 6.1799549999999996 	 7.5194587374762749 
	 6.1893500000000010 	 7.5116001993363302 
	 6.1987450000000006 	 7.5039292189625408 
	 6.2081400000000002 	 7.4964444065816558 
	 6.2175349999999998 	 7.4891467729912797 
	 6.2269299999999994 	 7.4820429776723660 
	 6.2363250000000008 	 7.4751405567489710 
	 6.2457200000000004 	 7.4684296127565259 
	 6.2551150000000000 	 7.4619052324685118 
	 6.2645100000000005 	 7.4555703286218264 
	 6.2739050000000010 	 7.4494238461436471 
	 6.2833000000000006 	 7.4434645174914689 
	 6.2926950000000001 	 7.4376877462987068 
	 6.3020899999999997 	 7.4320841019267228 
	 6.3114850000000002 	 7.4266574689461109 
	 6.3208800000000007 	 7.4214285199345040 
	 6.3302750000000003 	 7.4163913781550717 
	 6.3396700000000008 	 7.4115355040534192 
	 6.3490650000000004 	 7.4068503580751610 
	 6.3584600000000000 	 7.4023289591797363 
	 6.3678550000000005 	 7.3979811167709197 
	 6.3772500000000001 	 7.3938075607085061 
	 6.3866450000000006 	 7.3898062505453002 
	 6.3960400000000002 	 7.3859760912637222 
	 6.4054350000000007 	 7.3823157778736057 
	 6.4148300000000011 	 7.3788241657219222 
	 6.4242250000000007 	 7.3754992849159740 
	 6.4336200000000003 	 7.3723383229657298 
	 6.4430149999999999 	 7.3693418759654348 
	 6.4524100000000004 	 7.3665114057917398 
	 6.4618050000000009 	 7.3638422157834293 
	 6.4712000000000005 	 7.3613290238397466 
	 6.4805950000000001 	 7.3589665485425764 
	 6.4899900000000006 	 7.3567527367722549 
	 6.4993849999999993 	 7.3546962224438621 
	 6.5087799999999998 	 7.3528048400093722 
	 6.5181749999999994 	 7.3510717742755025 
	 6.5275699999999990 	 7.3494871693477393 
	 6.5369650000000004 	 7.3480508565200662 
	 6.5463600000000000 	 7.3467621575579836 
	 6.5557549999999996 	 7.3456179685328760 
	 6.5651499999999992 	 7.3446181034341818 
	 6.5745449999999988 	 7.3437644146087084 
	 6.5839400000000001 	 7.3430550161890640 
	 6.5933349999999997 	 7.3424840678689778 
	 6.6027299999999993 	 7.3420455965876350 
	 6.6121249999999998 	 7.3417380037054736 
	 6.6215199999999994 	 7.3415640177624724 
	 6.6309149999999999 	 7.3415210309868542 
	 6.6403099999999995 	 7.3416073299061422 
	 6.6497049999999991 	 7.3418209695354122 
	 6.6590999999999996 	 7.3421600617803549 
	 6.6684950000000001 	 7.3426226935272343 
	 6.6778899999999997 	 7.3432067002334529 
	 6.6872850000000001 	 7.3439103290118481 
	 6.6966799999999997 	 7.3447319329981253 
	 6.7060749999999993 	 7.3456688434667639 
	 6.7154699999999998 	 7.3467182434464773 
	 6.7248649999999994 	 7.3478837729301709 
	 6.7342599999999999 	 7.3491628315557431 
	 6.7436549999999995 	 7.3505416140968638 
	 6.7530500000000000 	 7.3520062112951017 
	 6.7624450000000005 	 7.3535651499084880 
	 6.7718400000000001 	 7.3552702361051221 
	 6.7812349999999997 	 7.3571455336251530 
	 6.7906299999999993 	 7.3591129291578437 
	 6.8000249999999998 	 7.3611080488511123 
	 6.8094200000000003 	 7.3631581308590794 
	 6.8188149999999998 	 7.3653040023892800 
	 6.8282099999999994 	 7.3675617825114603 
	 6.8376049999999999 	 7.3699346185112065 
	 6.8469999999999995 	 7.3723859112549821 
	 6.8563950000000000 	 7.3748617155726786 
	 6.8657899999999996 	 7.3773310423832443 
	 6.8751849999999992 	 7.3800524161043866 
	 6.8845799999999997 	 7.3829233447731006 
	 6.8939750000000002 	 7.3857116025502831 
	 6.9033699999999998 	 7.3885785788553040 
	 6.9127650000000003 	 7.3914940821246446 
	 6.9221599999999999 	 7.3944037121026724 
	 6.9315549999999995 	 7.3975014932036682 
	 6.9409500000000000 	 7.4006501149733506 
	 6.9503449999999996 	 7.4038456666863928 
	 6.9597400000000000 	 7.4071062203278277 
	 6.9691349999999996 	 7.4104260744516095 
	 6.9785299999999992 	 7.4137974004110259 
	 6.9879250000000006 	 7.4172266561075704 
	 6.9973200000000002 	 7.4207091988641576 
	 7.0067149999999998 	 7.4242337923936317 
	 7.0161099999999994 	 7.4277891839071151 
	 7.0255049999999990 	 7.4313654149149215 
	 7.0349000000000004 	 7.4349730135632894 
	 7.0442950000000000 	 7.4386380691256662 
	 7.0536899999999996 	 7.4423643423095367 
	 7.0630850000000001 	 7.4461302710539670 
	 7.0724800000000005 	 7.4499227932297547 
	 7.0818750000000001 	 7.4537442990947929 
	 7.0912699999999997 	 7.4575964670469377 
	 7.1006649999999993 	 7.4614763604658911 
	 7.1100599999999998 	 7.4653808579205849 
	 7.1194550000000003 	 7.4693082643997899 
	 7.1288499999999999 	 7.4732571132154382 
	 7.1382450000000004 	 7.4772256525301524 
	 7.1476400000000000 	 7.4812120457197029 
	 7.1570350000000005 	 7.4852144561458731 
	 7.1664300000000001 	 7.4892310471704491 
	 7.1758249999999997 	 7.4932599907668438 
	 7.1852200000000002 	 7.4972995780797413 
	 7.1946149999999998 	 7.5013481872784213 
	 7.2040100000000002 	 7.5054041984653530 
	 7.2134050000000007 	 7.5094659900995397 
	 7.2228000000000003 	 7.5135319395803402 
	 7.2321949999999999 	 7.5176004973082442 
	 7.2415900000000004 	 7.5216702380838187 
	 7.2509850000000000 	 7.5257396822187257 
	 7.2603800000000005 	 7.5298071878683999 
	 7.2697750000000001 	 7.5338713486316191 
	 7.2791699999999997 	 7.5379309951453299 
	 7.2885650000000002 	 7.5419833269690573 
	 7.2979600000000007 	 7.5460305024463583 
	 7.3073550000000003 	 7.5500718634447530 
	 7.3167499999999999 	 7.5540782958382771 
	 7.3261449999999995 	 7.5580777233758960 
	 7.3355399999999999 	 7.5620859915315073 
	 7.3449350000000004 	 7.5660825076326885 
	 7.3543300000000000 	 7.5700581470838797 
	 7.3637250000000005 	 7.5740151515744314 
	 7.3731200000000001 	 7.5779558187811569 
	 7.3825150000000006 	 7.5818819456668658 
	 7.3919100000000002 	 7.5857951975305706 
	 7.4013049999999998 	 7.5896774221357122 
	 7.4107000000000003 	 7.5934975904195658 
	 7.4200949999999999 	 7.5973012185624267 
	 7.4294900000000004 	 7.6011246262603276 
	 7.4388850000000009 	 7.6049273336480736 
	 7.4482800000000005 	 7.6087009581706617 
	 7.4576750000000001 	 7.6124528434058458 
	 7.4670700000000005 	 7.6161894234253031 
	 7.4764650000000001 	 7.6199092641012518 
	 7.4858600000000006 	 7.6236069080642430 
	 7.4952550000000002 	 7.6272768655227674 
	 7.5046499999999998 	 7.6309136466853094 
	 7.5140450000000012 	 7.6345119416453180 
	 7.5234400000000008 	 7.6380723193323554 
	 7.5328350000000004 	 7.6416023167680507 
	 7.5422300000000000 	 7.6451038224141472 
	 7.5516249999999996 	 7.6485760038547141 
	 7.5610200000000010 	 7.6520223221208559 
	 7.5704150000000006 	 7.6554238315688270 
	 7.5798100000000002 	 7.6587655195982025 
	 7.5892050000000006 	 7.6620586880648043 
	 7.5986000000000002 	 7.6653204000896746 
	 7.6079950000000007 	 7.6685677187938674 
	 7.6173900000000003 	 7.6718138812347423 
	 7.6267849999999999 	 7.6750425972608998 
	 7.6361800000000004 	 7.6782238369911946 
	 7.6455750000000009 	 7.6813311967554325 
	 7.6549700000000005 	 7.6843951493712703 
	 7.6643650000000010 	 7.6874907177716025 
	 7.6737599999999988 	 7.6906912541359418 
	 7.6831549999999993 	 7.6939589941151301 
	 7.6925499999999998 	 7.6971129860094925 
	 7.7019449999999994 	 7.7000689516615344 
	 7.7113399999999999 	 7.7029372460674246 
	 7.7207349999999995 	 7.7058080031126774 
	 7.7301299999999991 	 7.7086636085889353 
	 7.7395249999999995 	 7.7114766443111060 
	 7.7489199999999991 	 7.7142491170297465 
	 7.7583149999999996 	 7.7169888759552059 
	 7.7677099999999992 	 7.7196968930403482 
	 7.7771049999999997 	 7.7223717224991164 
	 7.7865000000000002 	 7.7250120749443081 
	 7.7958949999999998 	 7.7276182972899523 
	 7.8052899999999994 	 7.7301910369088302 
	 7.8146849999999990 	 7.7327304407749056 
	 7.8240799999999995 	 7.7352366446809278 
	 7.8334750000000000 	 7.7377097844196463 
	 7.8428699999999996 	 7.7401499957838098 
	 7.8522649999999992 	 7.7425574147475427 
	 7.8616600000000005 	 7.7449322013035564 
	 7.8710550000000001 	 7.7472745632514277 
	 7.8804499999999997 	 7.7495847149971429 
	 7.8898449999999993 	 7.7518628736661377 
	 7.8992399999999989 	 7.7541093441136679 
	 7.9086350000000003 	 7.7563246481276567 
	 7.9180299999999999 	 7.7585086395454583 
	 7.9274249999999995 	 7.7606609290295729 
	 7.9368200000000000 	 7.7627812470766919 
	 7.9462149999999996 	 7.7648704563764310 
	 7.9556100000000001 	 7.7669299513082830 
	 7.9650049999999997 	 7.7689597997255593 
	 7.9743999999999993 	 7.7709598548545058 
	 7.9837949999999998 	 7.7729305371657986 
	 7.9931900000000002 	 7.7748720853614115 
	 8.0025849999999998 	 7.7767847462685964 
	 8.0119799999999994 	 7.7786687953561717 
	 8.0213749999999990 	 7.7805245231099507 
	 8.0307700000000004 	 7.7823522473256403 
	 8.0401650000000000 	 7.7841522893683273 
	 8.0495599999999996 	 7.7859249706030997 
	 8.0589549999999992 	 7.7876705982586261 
	 8.0683500000000006 	 7.7893894144764291 
	 8.0777450000000002 	 7.7910816809223169 
	 8.0871399999999998 	 7.7927479207942492 
	 8.0965349999999994 	 7.7943886715902222 
	 8.1059300000000007 	 7.7960034736741388 
	 8.1153250000000003 	 7.7975914722751209 
	 8.1247199999999999 	 7.7991552359948022 
	 8.1341149999999995 	 7.8007000544096199 
	 8.1435099999999991 	 7.8022262516606586 
	 8.1529050000000005 	 7.8037282084889270 
	 8.1623000000000001 	 7.8052000355590856 
	 8.1716949999999997 	 7.8066447516330451 
	 8.1810899999999993 	 7.8080744072856429 
	 8.1904849999999989 	 7.8094828864680679 
	 8.1998800000000003 	 7.8108629131454519 
	 8.2092749999999999 	 7.8122132201990873 
	 8.2186699999999995 	 7.8135367037303176 
	 8.2280649999999991 	 7.8148507763141364 
	 8.2374600000000004 	 7.8161557948770337 
	 8.2468550000000000 	 7.8173308575507479 
	 8.2562499999999996 	 7.8185373657265913 
	 8.2656449999999992 	 7.8197871731133217 
	 8.2750399999999988 	 7.8209957867931301 
	 8.2844350000000002 	 7.8221824801339750 
	 8.2938299999999998 	 7.8233536813632130 
	 8.3032249999999994 	 7.8245045513798539 
	 8.3126200000000008 	 7.8256366589000805 
	 8.3220150000000004 	 7.8267512337511915 
	 8.3314100000000000 	 7.8278480534320565 
	 8.3408049999999996 	 7.8289267440898271 
	 8.3501999999999992 	 7.8299869318734912 
	 8.3595950000000006 	 7.8310284453042529 
	 8.3689900000000002 	 7.8320518723370203 
	 8.3783849999999997 	 7.8330579790361190 
	 8.3877800000000011 	 7.8340474581739965 
	 8.3971750000000007 	 7.8350205071804506 
	 8.4065700000000003 	 7.8359771425678471 
	 8.4159649999999999 	 7.8369176227534334 
	 8.4253599999999995 	 7.8378422537090655 
	 8.4347550000000009 	 7.8387512728832434 
	 8.4441500000000005 	 7.8396449162903199 
	 8.4535450000000001 	 7.8405234207174432 
	 8.4629399999999997 	 7.8413870238677994 
	 8.4723350000000011 	 7.8422359646257416 
	 8.4817300000000007 	 7.8430704836389182 
	 8.4911250000000003 	 7.8438908215246288 
	 8.5005199999999999 	 7.8446971952523041 
	 8.5099149999999995 	 7.8454897791106273 
	 8.5193100000000008 	 7.8462688158836906 
	 8.5287050000000004 	 7.8470345566524591 
	 8.5381000000000000 	 7.8477872093641112 
	 8.5474949999999996 	 7.8485269685401633 
	 8.5568900000000010 	 7.8492540316388295 
	 8.5662850000000006 	 7.8499686209763517 
	 8.5756800000000002 	 7.8506709479658054 
	 8.5850749999999998 	 7.8513612078173569 
	 8.5944700000000012 	 7.8520395953384483 
	 8.6038650000000008 	 7.8527063018522991 
	 8.6132600000000004 	 7.8533615149706808 
	 8.6226550000000000 	 7.8540054221552520 
	 8.6320499999999996 	 7.8546382135278714 
	 8.6414450000000009 	 7.8552600766033125 
	 8.6508400000000005 	 7.8558711983601501 
	 8.6602350000000001 	 7.8564717737776526 
	 8.6696299999999997 	 7.8570619354430429 
	 8.6790249999999993 	 7.8576418599223237 
	 8.6884200000000007 	 7.8582117344011158 
	 8.6978150000000003 	 7.8587717278948546 
	 8.7072099999999999 	 7.8593220028458797 
	 8.7166049999999995 	 7.8598627184869780 
	 8.7259999999999991 	 7.8603940332021338 
	 8.7353950000000005 	 7.8609161146951276 
	 8.7447900000000001 	 7.8614291351659453 
	 8.7541850000000014 	 7.8619332244778759 
	 8.7635800000000010 	 7.8624285075436244 
	 8.7729750000000006 	 7.8629151507841621 
	 8.7823700000000002 	 7.8633933131828142 
	 8.7917649999999998 	 7.8638631360862998 
	 8.8011599999999994 	 7.8643247561013343 
	 8.8105549999999990 	 7.8647783094599690 
	 8.8199500000000022 	 7.8652239316731523 
	 8.8293450000000018 	 7.8656617558343482 
	 8.8387400000000014 	 7.8660919145309638 
	 8.8481349999999992 	 7.8665145413199333 
	 8.8575299999999988 	 7.8669297719312743 
	 8.8669249999999984 	 7.8673377170971355 
	 8.8763199999999998 	 7.8677384780984676 
	 8.8857149999999994 	 7.8681322105976097 
	 8.8951099999999990 	 7.8685190342098625 
	 8.9045050000000003 	 7.8688990461135981 
	 8.9138999999999999 	 7.8692723726805758 
	 8.9232949999999995 	 7.8696391275668010 
	 8.9326899999999991 	 7.8699994073166266 
	 8.9420850000000005 	 7.8703533260015313 
	 8.9514800000000001 	 7.8707009839503508 
	 8.9608749999999997 	 7.8710424594905346 
	 8.9702699999999993 	 7.8713780049455853 
	 8.9796649999999989 	 7.8717075296016583 
	 8.9890599999999985 	 7.8720303246080592 
	 8.9984549999999999 	 7.8723486925755477 
	 9.0078499999999995 	 7.8726626954338688 
	 9.0172449999999991 	 7.8729628289248028 
	 9.0266400000000004 	 7.8733065820852275 
	 9.0360350000000000 	 7.8736386352799457 
	 9.0454299999999996 	 7.8739209682441116 
	 9.0548249999999992 	 7.8741915306151906 
	 9.0642199999999988 	 7.8744706332173200 
	 9.0736149999999984 	 7.8747598872668272 
	 9.0830099999999980 	 7.8750521016301107 
	 9.0924050000000012 	 7.8753293312644637 
	 9.1018000000000008 	 7.8755874724620671 
	 9.1111950000000004 	 7.8758421798302152 
	 9.1205900000000000 	 7.8760934656145425 
	 9.1299849999999996 	 7.8763394171700085 
	 9.1393799999999992 	 7.8765804012579963 
	 9.1487749999999988 	 7.8768170880340866 
	 9.1581699999999984 	 7.8770493826052155 
	 9.1675649999999997 	 7.8772772751223146 
	 9.1769600000000011 	 7.8775008662636266 
	 9.1863550000000007 	 7.8777201434982196 
	 9.1957500000000003 	 7.8779350488461350 
	 9.2051449999999999 	 7.8781457297122666 
	 9.2145399999999995 	 7.8783524870801509 
	 9.2239349999999991 	 7.8785555627594590 
	 9.2333299999999987 	 7.8787531945399056 
	 9.2427250000000001 	 7.8789504884105677 
	 9.2521200000000015 	 7.8791541655263551 
	 9.2615150000000011 	 7.8793503939777638 
	 9.2709100000000007 	 7.8795318973124342 
	 9.2803050000000002 	 7.8797091015652025 
	 9.2896999999999998 	 7.8798836345829564 
	 9.2990949999999994 	 7.8800548608612102 
	 9.3084899999999990 	 7.8802221448954848 
	 9.3178849999999986 	 7.8803851188353038 
	 9.3272800000000000 	 7.8805451612986639 
	 9.3366749999999996 	 7.8807027746545222 
	 9.3460700000000010 	 7.8808454381044992 
	 9.3554650000000006 	 7.8809851029585225 
	 9.3648600000000002 	 7.8811535957161833 
	 9.3742549999999998 	 7.8813247163136593 
	 9.3836499999999994 	 7.8814620708353482 
	 9.3930450000000008 	 7.8815803957557611 
	 9.4024400000000004 	 7.8816971927579376 
	 9.4118350000000000 	 7.8818183900701841 
	 9.4212299999999995 	 7.8819346277986275 
	 9.4306249999999991 	 7.8820476800996753 
	 9.4400200000000005 	 7.8821576905736697 
	 9.4494150000000001 	 7.8822651359289626 
	 9.4588099999999997 	 7.8823706988563735 
	 9.4682049999999993 	 7.8824750500018474 
	 9.4776000000000007 	 7.8825788050452408 
	 9.4869950000000003 	 7.8826826406670278 
	 9.4963899999999999 	 7.8827870499263257 
	 9.5057849999999995 	 7.8828924027334510 
	 9.5151799999999991 	 7.8829990326603285 
	 9.5245749999999987 	 7.8831070208835525 
	 9.5339700000000001 	 7.8832162398234180 
	 9.5433650000000014 	 7.8833264841892596 
	 9.5527600000000010 	 7.8834374965148886 
	 9.5621550000000006 	 7.8835490750007775 
	 9.5715500000000002 	 7.8836610039067656 
	 9.5809449999999998 	 7.8837729961649465 
	 9.5903399999999994 	 7.8838847399051417 
	 9.5997349999999990 	 7.8839958763427669 
	 9.6091299999999986 	 7.8841060380349628 
	 9.6185250000000000 	 7.8842148807952936 
	 9.6279200000000014 	 7.8843221834216104 
	 9.6373150000000010 	 7.8844277652138759 
	 9.6467100000000006 	 7.8845314539498679 
	 9.6561050000000002 	 7.8846331604723368 
	 9.6654999999999998 	 7.8847328407305222 
	 9.6748949999999994 	 7.8848304215949048 
	 9.6842899999999990 	 7.8849258644313700 
	 9.6936850000000003 	 7.8850191869881616 
	 9.7030800000000017 	 7.8851104090722606 
	 9.7124750000000013 	 7.8851995504402259 
	 9.7218700000000009 	 7.8852866266426487 
	 9.7312650000000005 	 7.8853716602160091 
	 9.7406600000000001 	 7.8854547063433502 
	 9.7500549999999997 	 7.8855357928667811 
	 9.7594499999999993 	 7.8856149090410632 
	 9.7688449999999989 	 7.8856922780652869 
	 9.7782400000000003 	 7.8857678990342954 
	 9.7876350000000016 	 7.8858405083793848 
	 9.7970300000000012 	 7.8859110902687695 
	 9.8064250000000008 	 7.8859818591969937 
	 9.8158200000000004 	 7.8860547500154823 
	 9.8252150000000000 	 7.8861277516976518 
	 9.8346099999999996 	 7.8861961342149716 
	 9.8440050000000010 	 7.8862591044183858 
	 9.8534000000000006 	 7.8863199359075198 
	 9.8627950000000002 	 7.8863803864040056 
	 9.8721899999999998 	 7.8864397708752527 
	 9.8815850000000012 	 7.8864975619821456 
	 9.8909800000000008 	 7.8865539383350569 
	 9.9003750000000004 	 7.8866091036466823 
	 9.9097700000000000 	 7.8866630835778677 
	 9.9191649999999996 	 7.8867158713009662 
	 9.9285600000000009 	 7.8867674714446476 
	 9.9379550000000005 	 7.8868179396611504 
	 9.9473500000000001 	 7.8868672945279750 
	 9.9567449999999997 	 7.8869155392422279 
	 9.9661400000000011 	 7.8869627375077398 
	 9.9755350000000007 	 7.8870089209802501 
	 9.9849300000000003 	 7.8870540778154945 
	 9.9943250000000017 	 7.8870982424176219 
	 10.0037200000000013 	 7.8871414508361486 
	 10.0131150000000009 	 7.8871837077112819 
	 10.0225099999999987 	 7.8872250362185348 
	 10.0319049999999983 	 7.8872654609447768 
	 10.0412999999999979 	 7.8873050021279560 
	 10.0506950000000010 	 7.8873436740367859 
	 10.0600900000000006 	 7.8873814994113278 
	 10.0694850000000002 	 7.8874184985946858 
	 10.0788799999999998 	 7.8874546789492266 
	 10.0882749999999994 	 7.8874900561870405 
	 10.0976699999999990 	 7.8875246501164673 
	 10.1070649999999986 	 7.8875584826877461 
	 10.1164600000000000 	 7.8875915641475958 
	 10.1258549999999996 	 7.8876238990433070 
	 10.1352499999999992 	 7.8876555059207885 
	 10.1446450000000006 	 7.8876863987331198 
	 10.1540400000000002 	 7.8877165885365228 
	 10.1634349999999998 	 7.8877460965646637 
	 10.1728299999999994 	 7.8877749439168650 
	 10.1822249999999990 	 7.8878031063354301 
	 10.1916199999999986 	 7.8878306519807939 
	 10.2010149999999999 	 7.8878578752538679 
	 10.2104099999999995 	 7.8878848430109114 
	 10.2198049999999991 	 7.8879115823732731 
	 10.2291999999999987 	 7.8879381204622980 
	 10.2385950000000001 	 7.8879644843993342 
	 10.2479899999999997 	 7.8879907013057293 
	 10.2573849999999993 	 7.8880167983028304 
	 10.2667800000000007 	 7.8880428025119826 
	 10.2761750000000003 	 7.8880687410545356 
	 10.2855699999999999 	 7.8880946410518362 
	 10.2949649999999995 	 7.8881205296252288 
	 10.3043599999999991 	 7.8881464338960621 
	 10.3137550000000005 	 7.8881723809856830 
	 10.3231500000000000 	 7.8881983980154411 
	 10.3325449999999996 	 7.8882245121066807 
	 10.3419399999999992 	 7.8882507503807497 
	 10.3513350000000006 	 7.8882771399589950 
	 10.3607300000000002 	 7.8883037079627645 
	 10.3701249999999998 	 7.8883304815134032 
	 10.3795199999999994 	 7.8883574877322591 
	 10.3889149999999990 	 7.8883847537406799 
	 10.3983099999999986 	 7.8884123066600136 
	 10.4077050000000000 	 7.8884401736116052 
	 10.4171000000000014 	 7.8884683817168044 
	 10.4264950000000010 	 7.8884969580969555 
	 10.4358900000000006 	 7.8885259298734054 
	 10.4452850000000002 	 7.8885553241675037 
	 10.4546799999999998 	 7.8885851681005965 
	 10.4640749999999993 	 7.8886154887940307 
	 10.4734699999999989 	 7.8886463133691533 
	 10.4828649999999985 	 7.8886776689473113 
	 10.4922599999999981 	 7.8887095826498523 
	 10.5016550000000013 	 7.8887420813425591 
	 10.5110500000000009 	 7.8887751168468840 
	 10.5204450000000005 	 7.8888084619154277 
	 10.5298400000000001 	 7.8888418631593193 
	 10.5392349999999997 	 7.8888750671896801 
	 10.5486299999999993 	 7.8889078206176384 
	 10.5580249999999989 	 7.8889398700543278 
	 10.5674200000000003 	 7.8889709621108706 
	 10.5768149999999999 	 7.8890008433983940 
	 10.5862100000000012 	 7.8890292605280310 
	 10.5956050000000008 	 7.8890559601109018 
	 10.6050000000000004 	 7.8890806993836797 
	 10.6143949999999982 	 7.8891034466380985 
	 10.6237899999999996 	 7.8891243642126714 
	 10.6331849999999992 	 7.8891436216622548 
	 10.6425799999999988 	 7.8891613885417113 
	 10.6519749999999984 	 7.8891778344059036 
	 10.6613699999999998 	 7.8891931288096844 
	 10.6707649999999994 	 7.8892074413079225 
	 10.6801600000000008 	 7.8892209414554699 
	 10.6895550000000004 	 7.8892337988071910 
	 10.6989500000000000 	 7.8892461829179465 
	 10.7083449999999996 	 7.8892582424750328 
	 10.7177400000000009 	 7.8892700091640657 
	 10.7271349999999988 	 7.8892814739185928 
	 10.7365300000000001 	 7.8892926276305912 
	 10.7459249999999980 	 7.8893034611920374 
	 10.7553199999999993 	 7.8893139654949094 
	 10.7647149999999989 	 7.8893241314311853 
	 10.7741100000000003 	 7.8893339498928405 
	 10.7835049999999999 	 7.8893434117718568 
	 10.7928999999999995 	 7.8893525079602025 
	 10.8022949999999991 	 7.8893612293498663 
	 10.8116900000000005 	 7.8893695668328174 
	 10.8210849999999983 	 7.8893775113010376 
	 10.8304799999999997 	 7.8893850536464996 
	 10.8398749999999993 	 7.8893921847611850 
	 10.8492700000000006 	 7.8893988955370702 
	 10.8586650000000002 	 7.8894051768661315 
	 10.8680600000000016 	 7.8894110196403462 
	 10.8774549999999994 	 7.8894164147516932 
	 10.8868500000000008 	 7.8894213530921480 
	 10.8962449999999986 	 7.8894258255536895 
	 10.9056400000000000 	 7.8894298230282951 
	 10.9150349999999978 	 7.8894333364079401 
	 10.9244299999999992 	 7.8894363565846044 
	 10.9338249999999988 	 7.8894388744502635 
	 10.9432200000000002 	 7.8894408808968954 
	 10.9526149999999998 	 7.8894423668164784 
	 10.9620100000000011 	 7.8894433231009895 
	 10.9714049999999990 	 7.8894437406424025 
	 10.9808000000000003 	 7.8894436103327017 
	 10.9901949999999999 	 7.8894429230638581 
	 10.9995899999999995 	 7.8894416697278533 
	 11.0089849999999991 	 7.8894398493977311 
	 11.0183800000000005 	 7.8894374984535922 
	 11.0277750000000001 	 7.8894346639040256 
	 11.0371700000000015 	 7.8894313927584019 
	 11.0465649999999993 	 7.8894277320260819 
	 11.0559600000000007 	 7.8894237287164390 
	 11.0653549999999985 	 7.8894194298388385 
	 11.0747499999999999 	 7.8894148824026491 
	 11.0841449999999995 	 7.8894101334172353 
	 11.0935399999999991 	 7.8894052298919668 
	 11.1029349999999987 	 7.8894002185940550 
	 11.1123300000000000 	 7.8893951293057221 
	 11.1217249999999996 	 7.8893899639638283 
	 11.1311200000000010 	 7.8893847219232169 
	 11.1405150000000006 	 7.8893794025387418 
	 11.1499100000000002 	 7.8893740051652426 
	 11.1593049999999998 	 7.8893685291575650 
	 11.1687000000000012 	 7.8893629738705551 
	 11.1780949999999990 	 7.8893573386590568 
	 11.1874900000000004 	 7.8893516228779141 
	 11.1968849999999982 	 7.8893458258819749 
	 11.2062799999999996 	 7.8893399470260839 
	 11.2156749999999992 	 7.8893339856650853 
	 11.2250700000000005 	 7.8893279411538257 
	 11.2344650000000001 	 7.8893218128471467 
	 11.2438599999999997 	 7.8893156000998985 
	 11.2532549999999993 	 7.8893093022669216 
	 11.2626500000000007 	 7.8893029187030645 
	 11.2720449999999985 	 7.8892964487631696 
	 11.2814399999999999 	 7.8892898918020835 
	 11.2908350000000013 	 7.8892832471746530 
	 11.3002300000000009 	 7.8892765142357177 
	 11.3096250000000005 	 7.8892696923401324 
	 11.3190200000000019 	 7.8892627808427305 
	 11.3284149999999997 	 7.8892557790983666 
	 11.3378100000000011 	 7.8892486864618805 
	 11.3472049999999989 	 7.8892415022881188 
	 11.3566000000000003 	 7.8892342259319292 
	 11.3659949999999981 	 7.8892268567481532 
	 11.3753899999999994 	 7.8892193940916382 
	 11.3847850000000008 	 7.8892118373172284 
	 11.3941800000000004 	 7.8892041857797661 
	 11.4035750000000000 	 7.8891964388490248 
	 11.4129700000000014 	 7.8891885965475970 
	 11.4223649999999992 	 7.8891806597908145 
	 11.4317600000000006 	 7.8891726295583853 
	 11.4411550000000002 	 7.8891645068300189 
	 11.4505499999999998 	 7.8891562925854233 
	 11.4599449999999994 	 7.8891479878043098 
	 11.4693400000000025 	 7.8891395934663837 
	 11.4787350000000004 	 7.8891311105513573 
	 11.4881300000000017 	 7.8891225400389366 
	 11.4975249999999996 	 7.8891138829088323 
	 11.5069200000000009 	 7.8891051409880770 
	 11.5163149999999987 	 7.8890963238187988 
	 11.5257100000000001 	 7.8890874450645185 
	 11.5351049999999997 	 7.8890785184275263 
	 11.5444999999999993 	 7.8890695576101271 
	 11.5538950000000007 	 7.8890605763146056 
	 11.5632900000000021 	 7.8890515882432597 
	 11.5726849999999999 	 7.8890426070983803 
	 11.5820800000000013 	 7.8890336465822646 
	 11.5914750000000009 	 7.8890247203972015 
	 11.6008700000000005 	 7.8890158422372894 
	 11.6102650000000001 	 7.8890070123572196 
	 11.6196600000000014 	 7.8889981902031137 
	 11.6290549999999993 	 7.8889893275041514 
	 11.6384500000000006 	 7.8889803759895125 
	 11.6478450000000002 	 7.8889712873883795 
	 11.6572400000000016 	 7.8889620134299312 
	 11.6666349999999994 	 7.8889525058433527 
	 11.6760300000000008 	 7.8889427163578230 
	 11.6854250000000004 	 7.8889325967025208 
	 11.6948200000000000 	 7.8889220986066313 
	 11.7042149999999996 	 7.8889111751209535 
	 11.7136100000000010 	 7.8888998185023693 
	 11.7230049999999988 	 7.8888880658391880 
	 11.7324000000000002 	 7.8888759566727380 
	 11.7417950000000015 	 7.8888635305443477 
	 11.7511900000000011 	 7.8888508269953466 
	 11.7605850000000007 	 7.8888378855670700 
	 11.7699800000000021 	 7.8888247458008456 
	 11.7793749999999999 	 7.8888114472380035 
	 11.7887699999999978 	 7.8887980294198732 
	 11.7981649999999991 	 7.8887845318877883 
	 11.8075599999999987 	 7.8887709941830746 
	 11.8169549999999983 	 7.8887574558470659 
	 11.8263499999999997 	 7.8887439564210924 
	 11.8357450000000011 	 7.8887305354464816 
	 11.8451399999999989 	 7.8887172324645674 
	 11.8545350000000003 	 7.8887040870166780 
	 11.8639299999999999 	 7.8886911386441456 
	 11.8733249999999995 	 7.8886784268882950 
	 11.8827199999999991 	 7.8886659912904626 
	 11.8921150000000004 	 7.8886538713919796 
	 11.9015099999999983 	 7.8886421066821395 
	 11.9109049999999996 	 7.8886307172597343 
	 11.9202999999999992 	 7.8886196748797381 
	 11.9296950000000006 	 7.8886089438882143 
	 11.9390899999999984 	 7.8885984886312315 
	 11.9484849999999998 	 7.8885882734548600 
	 11.9578799999999994 	 7.8885782627051668 
	 11.9672749999999990 	 7.8885684207282143 
	 11.9766699999999986 	 7.8885587118700746 
	 11.9860650000000000 	 7.8885491004768129 
	 11.9954599999999978 	 7.8885395508944987 
	 12.0048550000000009 	 7.8885300274691987 
	 12.0142500000000005 	 7.8885204945469773 
	 12.0236450000000001 	 7.8885109164739058 
	 12.0330399999999997 	 7.8885012575960509 
	 12.0424350000000011 	 7.8884914822594769 
	 12.0518299999999989 	 7.8884815548102551 
	 12.0612250000000003 	 7.8884714395944489 
	 12.0706199999999981 	 7.8884611009581302 
	 12.0800149999999995 	 7.8884505032473653 
	 12.0894099999999991 	 7.8884396108082173 
	 12.0988050000000005 	 7.8884283879867567 
	 12.1082000000000001 	 7.8884168097838119 
	 12.1175949999999997 	 7.8884049138427459 
	 12.1269899999999993 	 7.8883927606254076 
	 12.1363850000000006 	 7.8883804106266142 
	 12.1457799999999985 	 7.8883679243411899 
	 12.1551749999999998 	 7.8883553622639528 
	 12.1645699999999994 	 7.8883427848897272 
	 12.1739649999999990 	 7.8883302527133319 
	 12.1833600000000004 	 7.8883178262295903 
	 12.1927550000000018 	 7.8883055659333223 
	 12.2021499999999996 	 7.8882935321606942 
	 12.2115450000000010 	 7.8882817613174190 
	 12.2209399999999988 	 7.8882702405404581 
	 12.2303350000000002 	 7.8882589508958745 
	 12.2397299999999980 	 7.8882478734497496 
	 12.2491249999999994 	 7.8882369892681545 
	 12.2585199999999990 	 7.8882262794171618 
	 12.2679150000000003 	 7.8882157249628486 
	 12.2773099999999999 	 7.8882053069712885 
	 12.2867050000000013 	 7.8881950065085515 
	 12.2960999999999991 	 7.8881848046407201 
	 12.3054950000000005 	 7.8881746824338590 
	 12.3148900000000001 	 7.8881646209540479 
	 12.3242849999999997 	 7.8881546012673613 
	 12.3336799999999993 	 7.8881446044398711 
	 12.3430750000000007 	 7.8881346115376507 
	 12.3524700000000003 	 7.8881246036267774 
	 12.3618650000000017 	 7.8881145617733219 
	 12.3712599999999995 	 7.8881044670433607 
	 12.3806550000000009 	 7.8880943005029689 
	 12.3900499999999987 	 7.8880840432182175 
	 12.3994450000000001 	 7.8880736762551820 
	 12.4088399999999996 	 7.8880631884562655 
	 12.4182349999999992 	 7.8880526058136651 
	 12.4276299999999988 	 7.8880419654007392 
	 12.4370250000000002 	 7.8880313042927757 
	 12.4464199999999998 	 7.8880206595650542 
	 12.4558150000000012 	 7.8880100682928678 
	 12.4652100000000008 	 7.8879995675514998 
	 12.4746050000000004 	 7.8879891944162388 
	 12.4840000000000000 	 7.8879789859623664 
	 12.4933950000000014 	 7.8879689792651702 
	 12.5027899999999992 	 7.8879592109663568 
	 12.5121850000000006 	 7.8879496833232414 
	 12.5215799999999984 	 7.8879403398299965 
	 12.5309750000000015 	 7.8879311182280745 
	 12.5403699999999994 	 7.8879219562589151 
	 12.5497650000000007 	 7.8879127916639664 
	 12.5591600000000003 	 7.8879035621846727 
	 12.5685549999999999 	 7.8878942055624819 
	 12.5779499999999995 	 7.8878846595388383 
	 12.5873450000000009 	 7.8878748618551864 
	 12.5967399999999987 	 7.8878647502529748 
	 12.6061350000000001 	 7.8878542624736454 
	 12.6155299999999997 	 7.8878433362586469 
	 12.6249250000000011 	 7.8878319093494236 
	 12.6343200000000007 	 7.8878199194874199 
	 12.6437150000000020 	 7.8878073044140811 
	 12.6531099999999999 	 7.8877940018708577 
	 12.6625050000000012 	 7.8877799495991905 
	 12.6718999999999991 	 7.8877650853405257 
	 12.6812950000000004 	 7.8877493468363093 
	 12.6906899999999982 	 7.8877326718279885 
	 12.7000849999999996 	 7.8877149980570085 
	 12.7094800000000010 	 7.8876962632648127 
	 12.7188750000000006 	 7.8876764051928463 
	 12.7282700000000002 	 7.8876553615825582 
	 12.7376650000000016 	 7.8876330701753927 
	 12.7470599999999994 	 7.8876094687127960 
	 12.7564550000000008 	 7.8875844949362133 
	 12.7658500000000004 	 7.8875580865870880 
	 12.7752450000000000 	 7.8875301814068699 
	 12.7846399999999996 	 7.8875007171369980 
	 12.7940350000000009 	 7.8874696315189254 
	 12.8034300000000005 	 7.8874368637298957 
	 12.8128250000000019 	 7.8874024222598997 
	 12.8222199999999997 	 7.8873664143318374 
	 12.8316150000000011 	 7.8873289547203163 
	 12.8410099999999989 	 7.8872901581999395 
	 12.8504050000000003 	 7.8872501395453041 
	 12.8597999999999999 	 7.8872090135310184 
	 12.8691949999999995 	 7.8871668949316840 
	 12.8785899999999991 	 7.8871238985218994 
	 12.8879850000000022 	 7.8870801390762724 
	 12.8973800000000001 	 7.8870357313694015 
	 12.9067750000000014 	 7.8869907901758909 
	 12.9161700000000010 	 7.8869454302703437 
	 12.9255650000000006 	 7.8868997664273586 
	 12.9349600000000002 	 7.8868539134215432 
	 12.9443550000000016 	 7.8868079860274944 
	 12.9537499999999994 	 7.8867620990198208 
	 12.9631449999999973 	 7.8867163671731220 
	 12.9725400000000004 	 7.8866709052620010 
	 12.9819350000000000 	 7.8866258280610575 
	 12.9913299999999996 	 7.8865812503448973 
	 13.0007249999999992 	 7.8865372868809454 
	 13.0101200000000006 	 7.8864940329427338 
	 13.0195149999999984 	 7.8864515218595930 
	 13.0289099999999998 	 7.8864097746849486 
	 13.0383049999999994 	 7.8863688124722211 
	 13.0476999999999990 	 7.8863286562748440 
	 13.0570950000000003 	 7.8862893271462351 
	 13.0664900000000017 	 7.8862508461398226 
	 13.0758849999999995 	 7.8862132343090305 
	 13.0852800000000009 	 7.8861765127072854 
	 13.0946749999999987 	 7.8861407023880128 
	 13.1040700000000001 	 7.8861058244046340 
	 13.1134649999999979 	 7.8860718998105774 
	 13.1228599999999993 	 7.8860389496592695 
	 13.1322549999999989 	 7.8860069950041325 
	 13.1416499999999985 	 7.8859760568985919 
	 13.1510449999999999 	 7.8859461563960735 
	 13.1604400000000012 	 7.8859173145500039 
	 13.1698349999999991 	 7.8858895524138051 
	 13.1792300000000004 	 7.8858628910409037 
	 13.1886250000000000 	 7.8858373514847253 
	 13.1980199999999996 	 7.8858129547986966 
	 13.2074149999999992 	 7.8857897220362378 
	 13.2168100000000006 	 7.8857676742507792 
	 13.2262049999999984 	 7.8857468324957436 
	 13.2356000000000016 	 7.8857272178245550 
	 13.2449949999999994 	 7.8857088512906408 
	 13.2543900000000008 	 7.8856917539474276 
	 13.2637849999999986 	 7.8856759468483357 
	 13.2731800000000000 	 7.8856614510467935 
	 13.2825749999999996 	 7.8856482875962257 
	 13.2919699999999992 	 7.8856364775500545 
	 13.3013649999999988 	 7.8856260418894166 
	 13.3107600000000001 	 7.8856169664732523 
	 13.3201549999999980 	 7.8856091456411965 
	 13.3295500000000011 	 7.8856024590147600 
	 13.3389450000000007 	 7.8855967862154497 
	 13.3483400000000003 	 7.8855920068647753 
	 13.3577349999999999 	 7.8855880005842440 
	 13.3671300000000013 	 7.8855846469953699 
	 13.3765249999999991 	 7.8855818257196599 
	 13.3859200000000005 	 7.8855794163786195 
	 13.3953149999999983 	 7.8855772985937627 
	 13.4047099999999997 	 7.8855753543846134 
	 13.4141049999999993 	 7.8855735205820272 
	 13.4235000000000007 	 7.8855717886382832 
	 13.4328950000000003 	 7.8855701523656956 
	 13.4422899999999998 	 7.8855686055765704 
	 13.4516849999999994 	 7.8855671420832243 
	 13.4610800000000008 	 7.8855657556979626 
	 13.4704749999999986 	 7.8855644402331047 
	 13.4798700000000000 	 7.8855631895009521 
	 13.4892649999999996 	 7.8855619973138227 
	 13.4986599999999992 	 7.8855608574840277 
	 13.5080550000000006 	 7.8855597638238724 
	 13.5174500000000020 	 7.8855587101456779 
	 13.5268449999999998 	 7.8855576902617459 
	 13.5362400000000012 	 7.8855566979843950 
	 13.5456349999999990 	 7.8855557271259311 
	 13.5550300000000004 	 7.8855547714986685 
	 13.5644249999999982 	 7.8855538249149193 
	 13.5738199999999996 	 7.8855528811869906 
	 13.5832149999999992 	 7.8855519341271982 
	 13.5926100000000005 	 7.8855509775478518 
	 13.6020050000000001 	 7.8855500052612619 
	 13.6114000000000015 	 7.8855490110797408 
	 13.6207949999999993 	 7.8855479888155990 
	 13.6301900000000007 	 7.8855469322811489 
	 13.6395850000000003 	 7.8855458352887027 
	 13.6489799999999999 	 7.8855446916505674 
	 13.6583749999999995 	 7.8855434951790571 
	 13.6677700000000009 	 7.8855422396864849 
	 13.6771649999999987 	 7.8855409189851597 
	 13.6865600000000018 	 7.8855395268873938 
	 13.6959549999999997 	 7.8855380572054976 
	 13.7053500000000010 	 7.8855365041069012 
	 13.7147449999999989 	 7.8855348677729244 
	 13.7241400000000002 	 7.8855331534009352 
	 13.7335349999999998 	 7.8855313663417936 
	 13.7429299999999994 	 7.8855295119463493 
	 13.7523249999999990 	 7.8855275955654545 
	 13.7617200000000004 	 7.8855256225499621 
	 13.7711150000000000 	 7.8855235982507299 
	 13.7805100000000014 	 7.8855215280186091 
	 13.7899050000000010 	 7.8855194172044492 
	 13.7993000000000006 	 7.8855172711591086 
	 13.8086950000000002 	 7.8855150935423364 
	 13.8180900000000015 	 7.8855128795490890 
	 13.8274849999999994 	 7.8855106217312949 
	 13.8368800000000007 	 7.8855083126400052 
	 13.8462749999999986 	 7.8855059448262761 
	 13.8556699999999999 	 7.8855035108411471 
	 13.8650649999999995 	 7.8855010032356789 
	 13.8744600000000009 	 7.8854984145609155 
	 13.8838550000000005 	 7.8854957373679069 
	 13.8932500000000001 	 7.8854929642077076 
	 13.9026449999999997 	 7.8854900876313634 
	 13.9120400000000011 	 7.8854871001899269 
	 13.9214349999999989 	 7.8854839944344475 
	 13.9308300000000003 	 7.8854807629159751 
	 13.9402249999999999 	 7.8854773981855573 
	 13.9496200000000012 	 7.8854738927942503 
	 13.9590150000000008 	 7.8854702392931006 
	 13.9684100000000022 	 7.8854664302331559 
	 13.9778050000000000 	 7.8854624581654713 
	 13.9872000000000014 	 7.8854583156410945 
	 13.9965949999999992 	 7.8854539952110727 
	 14.0059900000000006 	 7.8854494901343681 
	 14.0153849999999984 	 7.8854448028329553 
	 14.0247799999999998 	 7.8854399421162533 
	 14.0341750000000012 	 7.8854349169237148 
	 14.0435700000000008 	 7.8854297361947827 
	 14.0529650000000004 	 7.8854244088689160 
	 14.0623600000000017 	 7.8854189438855578 
	 14.0717549999999996 	 7.8854133501841579 
	 14.0811500000000009 	 7.8854076367041683 
	 14.0905450000000005 	 7.8854018123850365 
	 14.0999400000000001 	 7.8853958861662141 
	 14.1093349999999997 	 7.8853898669871487 
	 14.1187300000000011 	 7.8853837637872921 
	 14.1281250000000007 	 7.8853775855060908 
	 14.1375199999999985 	 7.8853713410829975 
	 14.1469149999999999 	 7.8853650394574615 
	 14.1563099999999995 	 7.8853586895689283 
	 14.1657049999999991 	 7.8853523003568533 
	 14.1750999999999987 	 7.8853458807606831 
	 14.1844950000000001 	 7.8853394397198660 
	 14.1938899999999979 	 7.8853329861738528 
	 14.2032849999999993 	 7.8853265290620955 
	 14.2126800000000006 	 7.8853200773240415 
	 14.2220750000000002 	 7.8853136398991381 
	 14.2314699999999998 	 7.8853072257268391 
	 14.2408650000000012 	 7.8853008437465899 
	 14.2502599999999990 	 7.8852945028978461 
	 14.2596550000000004 	 7.8852882121200505 
	 14.2690499999999982 	 7.8852819803526586 
	 14.2784449999999996 	 7.8852758165351151 
	 14.2878399999999974 	 7.8852697296068710 
	 14.2972350000000006 	 7.8852637285073772 
	 14.3066300000000002 	 7.8852578211003808 
	 14.3160249999999998 	 7.8852520043628749 
	 14.3254199999999994 	 7.8852462689472498 
	 14.3348150000000008 	 7.8852406054278763 
	 14.3442099999999986 	 7.8852350043791271 
	 14.3536049999999999 	 7.8852294563753738 
	 14.3629999999999995 	 7.8852239519909828 
	 14.3723949999999991 	 7.8852184818003259 
	 14.3817899999999987 	 7.8852130363777748 
	 14.3911850000000019 	 7.8852076062976959 
	 14.4005799999999997 	 7.8852021821349219 
	 14.4099750000000011 	 7.8851967567944676 
	 14.4193699999999989 	 7.8851913309318755 
	 14.4287650000000003 	 7.8851859068120795 
	 14.4381599999999981 	 7.8851804867000110 
	 14.4475549999999995 	 7.8851750728606014 
	 14.4569499999999991 	 7.8851696675587855 
	 14.4663449999999987 	 7.8851642730594911 
	 14.4757400000000001 	 7.8851588916276540 
	 14.4851350000000014 	 7.8851535255282030 
	 14.4945299999999992 	 7.8851481770260738 
	 14.5039250000000006 	 7.8851428483567982 
	 14.5133200000000002 	 7.8851375407245738 
	 14.5227149999999998 	 7.8851322540549775 
	 14.5321099999999994 	 7.8851269881940240 
	 14.5415050000000008 	 7.8851217429877218 
	 14.5508999999999986 	 7.8851165182820839 
	 14.5602950000000000 	 7.8851113139231188 
	 14.5696899999999996 	 7.8851061297568430 
	 14.5790850000000010 	 7.8851009656292623 
	 14.5884799999999988 	 7.8850958213863933 
	 14.5978750000000002 	 7.8850906968742418 
	 14.6072699999999998 	 7.8850855919388234 
	 14.6166649999999994 	 7.8850805064261458 
	 14.6260599999999990 	 7.8850754401822236 
	 14.6354550000000003 	 7.8850703930530690 
	 14.6448499999999981 	 7.8850653648846887 
	 14.6542450000000013 	 7.8850603555230974 
	 14.6636400000000009 	 7.8850553648143062 
	 14.6730350000000005 	 7.8850503926043238 
	 14.6824300000000001 	 7.8850454387391657 
	 14.6918250000000015 	 7.8850405030648396 
	 14.7012199999999993 	 7.8850355854270635 
	 14.7106150000000007 	 7.8850306854768490 
	 14.7200099999999985 	 7.8850258023348321 
	 14.7294049999999999 	 7.8850209350321609 
	 14.7387999999999995 	 7.8850160825999884 
	 14.7481950000000008 	 7.8850112440694691 
	 14.7575900000000004 	 7.8850064184717512 
	 14.7669850000000000 	 7.8850016048379912 
	 14.7763799999999996 	 7.8849968021993391 
	 14.7857750000000010 	 7.8849920095869503 
	 14.7951699999999988 	 7.8849872260319751 
	 14.8045650000000002 	 7.8849824506692654 
	 14.8139599999999998 	 7.8849776851843991 
	 14.8233549999999994 	 7.8849729339092844 
	 14.8327500000000008 	 7.8849682012986557 
	 14.8421450000000021 	 7.8849634918072491 
	 14.8515400000000000 	 7.8849588098897918 
	 14.8609350000000013 	 7.8849541600010218 
	 14.8703299999999992 	 7.8849495465956743 
	 14.8797250000000005 	 7.8849449741284774 
	 14.8891199999999984 	 7.8849404470541655 
	 14.8985149999999997 	 7.8849359698274757 
	 14.9079099999999993 	 7.8849315462161362 
	 14.9173049999999989 	 7.8849271755423747 
	 14.9267000000000003 	 7.8849228553588091 
	 14.9360950000000017 	 7.8849185832135253 
	 14.9454899999999995 	 7.8849143566545994 
	 14.9548850000000009 	 7.8849101732301152 
	 14.9642800000000005 	 7.8849060304881533 
	 14.9736750000000001 	 7.8849019259767914 
	 14.9830699999999997 	 7.8848978572441162 
	 14.9924650000000010 	 7.8848938218382001 
	 15.0018600000000006 	 7.8848898173071298 
	 15.0112550000000020 	 7.8848858411989831 
	 15.0206499999999998 	 7.8848818910618403 
	 15.0300450000000012 	 7.8848779644437847 
	 15.0394399999999990 	 7.8848740588928949 
	 15.0488350000000004 	 7.8848701719572514 
	 15.0582300000000000 	 7.8848663011849363 
	 15.0676249999999996 	 7.8848624441240291 
	 15.0770199999999992 	 7.8848585983226114 
	 15.0864150000000006 	 7.8848547613287625 
	 15.0958100000000002 	 7.8848509306905630 
	 15.1052050000000015 	 7.8848471039560923 
	 15.1146000000000011 	 7.8848432786734346 
	 15.1239950000000007 	 7.8848394523906684 
	 15.1333900000000003 	 7.8848356226558751 
	 15.1427850000000017 	 7.8848317870171325 
	 15.1521799999999995 	 7.8848279430225263 
	 15.1615750000000009 	 7.8848240882201326 
	 15.1709699999999987 	 7.8848202201580335 
	 15.1803650000000001 	 7.8848163363843096 
	 15.1897599999999997 	 7.8848124344470438 
	 15.1991550000000011 	 7.8848085118943132 
	 15.2085500000000007 	 7.8848045670749070 
	 15.2179450000000003 	 7.8848006025377497 
	 15.2273399999999999 	 7.8847966222042265 
	 15.2367350000000012 	 7.8847926299964932 
	 15.2461299999999991 	 7.8847886298367014 
	 15.2555250000000004 	 7.8847846256470016 
	 15.2649200000000000 	 7.8847806213495542 
	 15.2743150000000014 	 7.8847766208665169 
	 15.2837100000000010 	 7.8847726281200350 
	 15.2931050000000024 	 7.8847686470322689 
	 15.3025000000000002 	 7.8847646815120909 
	 15.3118949999999980 	 7.8847607340911141 
	 15.3212899999999994 	 7.8847568047414454 
	 15.3306849999999990 	 7.8847528931566018 
	 15.3400799999999986 	 7.8847489990301050 
	 15.3494749999999982 	 7.8847451220554667 
	 15.3588699999999996 	 7.8847412619262167 
	 15.3682649999999992 	 7.8847374183358658 
	 15.3776600000000006 	 7.8847335909779357 
	 15.3870550000000001 	 7.8847297795459461 
	 15.3964499999999997 	 7.8847259837334160 
	 15.4058449999999993 	 7.8847222032338617 
	 15.4152400000000007 	 7.8847184377408022 
	 15.4246349999999985 	 7.8847146869477642 
	 15.4340299999999999 	 7.8847109505482553 
	 15.4434249999999977 	 7.8847072282358006 
	 15.4528200000000009 	 7.8847035197039208 
	 15.4622149999999987 	 7.8846998246461277 
	 15.4716100000000001 	 7.8846961427559501 
	 15.4810049999999997 	 7.8846924737268989 
	 15.4903999999999993 	 7.8846888172524974 
	 15.4997949999999989 	 7.8846851730262602 
	 15.5091900000000003 	 7.8846815407417115 
	 15.5185849999999981 	 7.8846779200923667 
	 15.5279799999999994 	 7.8846743107717465 
	 15.5373750000000008 	 7.8846707124733699 
	 15.5467700000000004 	 7.8846671248907541 
	 15.5561650000000000 	 7.8846635477174214 
	 15.5655600000000014 	 7.8846599806468864 
	 15.5749549999999992 	 7.8846564233726699 
	 15.5843500000000006 	 7.8846528755882925 
	 15.5937449999999984 	 7.8846493369872714 
	 15.6031399999999998 	 7.8846458072656542 
	 15.6125349999999976 	 7.8846422862701768 
	 15.6219299999999990 	 7.8846387740805932 
	 15.6313250000000004 	 7.8846352707966343 
	 15.6407200000000000 	 7.8846317765180327 
	 15.6501149999999996 	 7.8846282913445265 
	 15.6595100000000009 	 7.8846248153758411 
	 15.6689049999999988 	 7.8846213487117183 
	 15.6783000000000001 	 7.8846178914518870 
	 15.6876949999999997 	 7.8846144436960754 
	 15.6970899999999993 	 7.8846110055440271 
	 15.7064849999999989 	 7.8846075770954656 
	 15.7158800000000021 	 7.8846041584501299 
	 15.7252749999999999 	 7.8846007497077517 
	 15.7346700000000013 	 7.8845973509680620 
	 15.7440649999999991 	 7.8845939623307952 
	 15.7534600000000005 	 7.8845905838956867 
	 15.7628549999999983 	 7.8845872157624655 
	 15.7722499999999997 	 7.8845838580308687 
	 15.7816449999999993 	 7.8845805108006246 
	 15.7910399999999989 	 7.8845771741714721 
	 15.8004350000000002 	 7.8845738482431260 
	 15.8098300000000016 	 7.8845705329581257 
	 15.8192249999999994 	 7.8845672277116412 
	 15.8286200000000008 	 7.8845639317797733 
	 15.8380150000000004 	 7.8845606444386132 
	 15.8474100000000000 	 7.8845573649642624 
	 15.8568049999999996 	 7.8845540926328157 
	 15.8662000000000010 	 7.8845508267203739 
	 15.8755949999999988 	 7.8845475665030289 
	 15.8849900000000002 	 7.8845443112568816 
	 15.8943849999999998 	 7.8845410602580301 
	 15.9037800000000011 	 7.8845378128165304 
	 15.9131749999999990 	 7.8845345695446980 
	 15.9225700000000003 	 7.8845313327361195 
	 15.9319649999999999 	 7.8845281047957094 
	 15.9413599999999995 	 7.8845248881283814 
	 15.9507549999999991 	 7.8845216851390507 
	 15.9601500000000005 	 7.8845184982326284 
	 15.9695449999999983 	 7.8845153298140307 
	 15.9789400000000015 	 7.8845121822881685 
	 15.9883350000000011 	 7.8845090580599591 
	 15.9977300000000007 	 7.8845059595343123 
	 16.0071249999999985 	 7.8845028882664119 
	 16.0165199999999999 	 7.8844998386188809 
	 16.0259150000000012 	 7.8844968013353478 
	 16.0353100000000026 	 7.8844937671319713 
	 16.0447050000000004 	 7.8844907267249065 
	 16.0541000000000018 	 7.8844876708303069 
	 16.0634949999999996 	 7.8844845901643286 
	 16.0728900000000010 	 7.8844814754431258 
	 16.0822849999999988 	 7.8844783173828521 
	 16.0916800000000002 	 7.8844751066996670 
	 16.1010749999999980 	 7.8844718341155460 
	 16.1104699999999994 	 7.8844684957118352 
	 16.1198650000000008 	 7.8844651028382051 
	 16.1292600000000022 	 7.8844616695453418 
	 16.1386550000000000 	 7.8844582098839373 
	 16.1480500000000013 	 7.8844547379046714 
	 16.1574449999999992 	 7.8844512676582381 
	 16.1668400000000005 	 7.8844478131953215 
	 16.1762349999999984 	 7.8844443885666102 
	 16.1856299999999997 	 7.8844410078227893 
	 16.1950249999999976 	 7.8844376850145537 
	 16.2044200000000025 	 7.8844344341925821 
	 16.2138150000000003 	 7.8844312694075658 
	 16.2232100000000017 	 7.8844282047101917 
	 16.2326049999999995 	 7.8844252541511484 
	 16.2420000000000009 	 7.8844224317811236 
	 16.2513949999999987 	 7.8844197516508032 
	 16.2607900000000001 	 7.8844172278108759 
	 16.2701850000000015 	 7.8844148743120277 
	 16.2795799999999993 	 7.8844127052049489 
	 16.2889750000000006 	 7.8844107345403245 
	 16.2983700000000020 	 7.8844089763688441 
	 16.3077649999999998 	 7.8844074388425636 
	 16.3171600000000012 	 7.8844060900463004 
	 16.3265549999999990 	 7.8844048813996261 
	 16.3359500000000004 	 7.8844037642675389 
	 16.3453449999999982 	 7.8844026900150466 
	 16.3547399999999996 	 7.8844016100071430 
	 16.3641349999999974 	 7.8844004756088415 
	 16.3735299999999988 	 7.8843992381851367 
	 16.3829250000000002 	 7.8843978491010382 
	 16.3923200000000016 	 7.8843962597215445 
	 16.4017150000000029 	 7.8843944214116588 
	 16.4111100000000008 	 7.8843922855363857 
	 16.4205050000000021 	 7.8843898034607278 
	 16.4299000000000035 	 7.8843869265496886 
	 16.4392950000000013 	 7.8843836061682673 
	 16.4486900000000027 	 7.8843797936814726 
	 16.4580850000000005 	 7.8843754404543036 
	 16.4674800000000019 	 7.8843704978517630 
	 16.4768749999999997 	 7.8843649172388561 
	 16.4862699999999975 	 7.8843586499805838 
	 16.4956649999999989 	 7.8843516474419504 
	 16.5050599999999967 	 7.8843438650030730 
	 16.5144549999999981 	 7.8843353355889318 
	 16.5238499999999959 	 7.8843261622410425 
	 16.5332449999999973 	 7.8843164505256444 
	 16.5426399999999987 	 7.8843063060089769 
	 16.5520349999999965 	 7.8842958342572702 
	 16.5614300000000014 	 7.8842851408367638 
	 16.5708250000000028 	 7.8842743313137014 
	 16.5802200000000006 	 7.8842635112543107 
	 16.5896150000000020 	 7.8842527862248328 
	 16.5990099999999998 	 7.8842422617915036 
	 16.6084050000000012 	 7.8842320435205639 
	 16.6177999999999990 	 7.8842222369782462 
	 16.6271950000000004 	 7.8842129477307905 
	 16.6365899999999982 	 7.8842042813444317 
	 16.6459849999999996 	 7.8841963433854083 
	 16.6553799999999974 	 7.8841892394199569 
	 16.6647749999999988 	 7.8841830750143131 
	 16.6741700000000002 	 7.8841779557347174 
	 16.6835649999999980 	 7.8841739871474044 
	 16.6929599999999994 	 7.8841712748186117 
	 16.7023550000000007 	 7.8841699243145760 
	 16.7117499999999986 	 7.8841700412015356 
	 16.7211449999999999 	 7.8841717310457238 
	 16.7305400000000013 	 7.8841750994133832 
	 16.7399350000000027 	 7.8841802518707471 
	 16.7493300000000005 	 7.8841872939840538 
	 16.7587250000000019 	 7.8841963313195382 
	 16.7681199999999997 	 7.8842074694434405 
	 16.7775150000000011 	 7.8842208139219982 
	 16.7869099999999989 	 7.8842364703214454 
	 16.7963050000000003 	 7.8842545442080230 
	 16.8056999999999981 	 7.8842751133510216 
	 16.8150949999999995 	 7.8842978504436072 
	 16.8244899999999973 	 7.8843221218074264 
	 16.8338849999999987 	 7.8843472861920416 
	 16.8432800000000000 	 7.8843727023470178 
	 16.8526749999999979 	 7.8843977290219165 
	 16.8620699999999992 	 7.8844217249662991 
	 16.8714650000000006 	 7.8844440489297263 
	 16.8808599999999984 	 7.8844640596617621 
	 16.8902549999999998 	 7.8844811159119699 
	 16.8996499999999976 	 7.8844945764299093 
	 16.9090450000000025 	 7.8845039709143814 
	 16.9184400000000004 	 7.8845095937862331 
	 16.9278350000000017 	 7.8845119532165011 
	 16.9372299999999996 	 7.8845115573861184 
	 16.9466250000000009 	 7.8845089144760250 
	 16.9560199999999988 	 7.8845045326671555 
	 16.9654150000000001 	 7.8844989201404445 
	 16.9748100000000015 	 7.8844925850768330 
	 16.9842049999999993 	 7.8844860356572539 
	 16.9936000000000007 	 7.8844797800626472 
	 17.0029950000000021 	 7.8844743229949161 
	 17.0123899999999999 	 7.8844699367623088 
	 17.0217850000000013 	 7.8844665191617942 
	 17.0311799999999991 	 7.8844639340428460 
	 17.0405750000000005 	 7.8844620452549439 
	 17.0499699999999983 	 7.8844607166475615 
	 17.0593649999999997 	 7.8844598120701770 
	 17.0687599999999975 	 7.8844591953722620 
	 17.0781549999999989 	 7.8844587304033000 
	 17.0875500000000002 	 7.8844582810127655 
	 17.0969450000000016 	 7.8844577110501302 
	 17.1063399999999994 	 7.8844568931891974 
	 17.1157350000000008 	 7.8844557997070677 
	 17.1251299999999986 	 7.8844544657539943 
	 17.1345250000000000 	 7.8844529274675299 
	 17.1439200000000014 	 7.8844512209852251 
	 17.1533149999999992 	 7.8844493824446316 
	 17.1627100000000006 	 7.8844474479833000 
	 17.1721050000000020 	 7.8844454537387820 
	 17.1814999999999998 	 7.8844434358486293 
	 17.1908950000000011 	 7.8844414304503960 
	 17.2002899999999990 	 7.8844394736814056 
	 17.2096850000000003 	 7.8844375935227546 
	 17.2190799999999982 	 7.8844357882130698 
	 17.2284749999999995 	 7.8844340492133602 
	 17.2378699999999974 	 7.8844323679846235 
	 17.2472649999999987 	 7.8844307359878654 
	 17.2566599999999966 	 7.8844291446840904 
	 17.2660550000000015 	 7.8844275855342998 
	 17.2754500000000029 	 7.8844260499994947 
	 17.2848450000000007 	 7.8844245295406807 
	 17.2942400000000021 	 7.8844230156188617 
	 17.3036350000000034 	 7.8844214997816922 
	 17.3130300000000013 	 7.8844199772214472 
	 17.3224250000000026 	 7.8844184480310053 
	 17.3318200000000004 	 7.8844169126480415 
	 17.3412150000000018 	 7.8844153715102179 
	 17.3506099999999996 	 7.8844138250552041 
	 17.3600050000000010 	 7.8844122737206677 
	 17.3693999999999988 	 7.8844107179442666 
	 17.3787950000000002 	 7.8844091581636775 
	 17.3881899999999980 	 7.8844075948165608 
	 17.3975849999999994 	 7.8844060283405870 
	 17.4069799999999972 	 7.8844044591734175 
	 17.4163749999999986 	 7.8844028877527226 
	 17.4257699999999964 	 7.8844013145161673 
	 17.4351649999999978 	 7.8843997399014203 
	 17.4445600000000027 	 7.8843981643461483 
	 17.4539550000000006 	 7.8843965882880127 
	 17.4633500000000019 	 7.8843950121646831 
	 17.4727450000000033 	 7.8843934364138297 
	 17.4821400000000011 	 7.8843918614731141 
	 17.4915350000000025 	 7.8843902877802030 
	 17.5009300000000003 	 7.8843887157727668 
	 17.5103250000000017 	 7.8843871458884678 
	 17.5197199999999995 	 7.8843855785649755 
	 17.5291150000000009 	 7.8843840142399548 
	 17.5385099999999987 	 7.8843824533510709 
	 17.5479050000000001 	 7.8843808963359914 
	 17.5572999999999979 	 7.8843793436323857 
	 17.5666949999999993 	 7.8843777956779180 
	 17.5760900000000007 	 7.8843762529102541 
	 17.5854849999999985 	 7.8843747157670609 
	 17.5948799999999999 	 7.8843731846860035 
	 17.6042750000000012 	 7.8843716600939766 
	 17.6136700000000026 	 7.8843701421086365 
	 17.6230650000000040 	 7.8843686304998979 
	 17.6324600000000018 	 7.8843671250191631 
	 17.6418550000000032 	 7.8843656254178338 
	 17.6512500000000010 	 7.8843641314473096 
	 17.6606449999999988 	 7.8843626428589939 
	 17.6700400000000002 	 7.8843611594042882 
	 17.6794349999999980 	 7.8843596808345930 
	 17.6888299999999994 	 7.8843582069013136 
	 17.6982249999999972 	 7.8843567373558470 
	 17.7076199999999986 	 7.8843552719495973 
	 17.7170150000000000 	 7.8843538104339670 
	 17.7264099999999978 	 7.8843523525603540 
	 17.7358049999999992 	 7.8843508980801635 
	 17.7452000000000005 	 7.8843494467447952 
	 17.7545949999999984 	 7.8843479983056541 
	 17.7639899999999997 	 7.8843465525141383 
	 17.7733849999999975 	 7.8843451091216501 
	 17.7827799999999989 	 7.8843436678795928 
	 17.7921750000000003 	 7.8843422285393672 
	 17.8015700000000017 	 7.8843407908526606 
	 17.8109649999999995 	 7.8843393546680254 
	 17.8203600000000009 	 7.8843379200711396 
	 17.8297549999999987 	 7.8843364871833037 
	 17.8391500000000001 	 7.8843350561258267 
	 17.8485450000000014 	 7.8843336270200073 
	 17.8579399999999993 	 7.8843321999871430 
	 17.8673350000000006 	 7.8843307751485430 
	 17.8767300000000020 	 7.8843293526255058 
	 17.8861249999999998 	 7.8843279325393310 
	 17.8955200000000012 	 7.8843265150113240 
	 17.9049149999999990 	 7.8843251001590824 
	 17.9143100000000004 	 7.8843236880235787 
	 17.9237049999999982 	 7.8843222785736620 
	 17.9330999999999996 	 7.8843208717753708 
	 17.9424949999999974 	 7.8843194675947457 
	 17.9518899999999988 	 7.8843180659978263 
	 17.9612849999999966 	 7.8843166669506548 
	 17.9706800000000015 	 7.8843152704192656 
	 17.9800749999999994 	 7.8843138763697054 
	 17.9894700000000007 	 7.8843124847680111 
	 17.9988649999999986 	 7.8843110955802231 
	 18.0082599999999999 	 7.8843097087723821 
	 18.0176550000000013 	 7.8843083243105276 
	 18.0270499999999991 	 7.8843069421607002 
	 18.0364450000000005 	 7.8843055622889393 
	 18.0458400000000019 	 7.8843041846612838 
	 18.0552349999999997 	 7.8843028092437768 
	 18.0646300000000011 	 7.8843014360024561 
	 18.0740249999999989 	 7.8843000649033659 
	 18.0834200000000003 	 7.8842986959125394 
	 18.0928149999999981 	 7.8842973289960225 
	 18.1022099999999995 	 7.8842959641198957 
	 18.1116049999999973 	 7.8842946012565402 
	 18.1209999999999987 	 7.8842932403910702 
	 18.1303949999999965 	 7.8842918815101291 
	 18.1397899999999979 	 7.8842905246003667 
	 18.1491850000000028 	 7.8842891696484312 
	 18.1585800000000006 	 7.8842878166409687 
	 18.1679750000000020 	 7.8842864655646272 
	 18.1773700000000034 	 7.8842851164060539 
	 18.1867650000000012 	 7.8842837691518977 
	 18.1961600000000026 	 7.8842824237888065 
	 18.2055550000000004 	 7.8842810803034249 
	 18.2149500000000018 	 7.8842797386824044 
	 18.2243449999999996 	 7.8842783989123939 
	 18.2337400000000009 	 7.8842770609800343 
	 18.2431349999999988 	 7.8842757248719799 
	 18.2525300000000001 	 7.8842743905748751 
	 18.2619249999999980 	 7.8842730580753670 
	 18.2713199999999993 	 7.8842717273601046 
	 18.2807149999999972 	 7.8842703984157385 
	 18.2901099999999985 	 7.8842690712289132 
	 18.2995049999999964 	 7.8842677457862740 
	 18.3088999999999977 	 7.8842664220744654 
	 18.3182949999999991 	 7.8842651000801123 
	 18.3276900000000005 	 7.8842637797898272 
	 18.3370850000000019 	 7.8842624611902199 
	 18.3464800000000032 	 7.8842611442679065 
	 18.3558750000000011 	 7.8842598290095038 
	 18.3652700000000024 	 7.8842585154016245 
	 18.3746650000000002 	 7.8842572034308818 
	 18.3840600000000016 	 7.8842558930838926 
	 18.3934549999999994 	 7.8842545843472660 
	 18.4028500000000008 	 7.8842532772076241 
	 18.4122449999999986 	 7.8842519716515742 
	 18.4216400000000000 	 7.8842506676657305 
	 18.4310349999999978 	 7.8842493652367125 
	 18.4404299999999992 	 7.8842480643511301 
	 18.4498250000000006 	 7.8842467649956003 
	 18.4592199999999984 	 7.8842454671567346 
	 18.4686149999999998 	 7.8842441708211481 
	 18.4780100000000012 	 7.8842428759754544 
	 18.4874049999999990 	 7.8842415826062693 
	 18.4968000000000004 	 7.8842402907002080 
	 18.5061950000000017 	 7.8842390002444187 
	 18.5155900000000031 	 7.8842377112324709 
	 18.5249850000000009 	 7.8842364236621458 
	 18.5343800000000023 	 7.8842351375313058 
	 18.5437750000000001 	 7.8842338528378102 
	 18.5531700000000015 	 7.8842325695795221 
	 18.5625649999999993 	 7.8842312877542975 
	 18.5719600000000007 	 7.8842300073599967 
	 18.5813549999999985 	 7.8842287283944774 
	 18.5907499999999999 	 7.8842274508556018 
	 18.6001449999999977 	 7.8842261747412321 
	 18.6095399999999991 	 7.8842249000492224 
	 18.6189350000000005 	 7.8842236267774339 
	 18.6283299999999983 	 7.8842223549237289 
	 18.6377249999999997 	 7.8842210844859695 
	 18.6471200000000010 	 7.8842198154620089 
	 18.6565149999999988 	 7.8842185478497067 
	 18.6659100000000002 	 7.8842172816469276 
	 18.6753050000000016 	 7.8842160168515294 
	 18.6847000000000030 	 7.8842147534613733 
	 18.6940950000000008 	 7.8842134914743145 
	 18.7034900000000022 	 7.8842122308873170 
	 18.7128850000000000 	 7.8842109716557083 
	 18.7222800000000014 	 7.8842097136765119 
	 18.7316749999999992 	 7.8842084568423871 
	 18.7410700000000006 	 7.8842072010460029 
	 18.7504650000000019 	 7.8842059461800238 
	 18.7598599999999998 	 7.8842046921371196 
	 18.7692550000000011 	 7.8842034388099522 
	 18.7786500000000025 	 7.8842021860911906 
	 18.7880450000000003 	 7.8842009338734984 
	 18.7974400000000017 	 7.8841996820495419 
	 18.8068349999999995 	 7.8841984305249833 
	 18.8162300000000009 	 7.8841971793275052 
	 18.8256249999999987 	 7.8841959285516010 
	 18.8350199999999965 	 7.8841946782924470 
	 18.8444149999999979 	 7.8841934286452195 
	 18.8538099999999993 	 7.8841921797050967 
	 18.8632050000000007 	 7.8841909315672529 
	 18.8725999999999985 	 7.8841896843268682 
	 18.8819949999999999 	 7.8841884380791161 
	 18.8913900000000012 	 7.8841871929191747 
	 18.9007849999999991 	 7.8841859489422186 
	 18.9101800000000004 	 7.8841847062434258 
	 18.9195750000000018 	 7.8841834649179763 
	 18.9289699999999996 	 7.8841822250610409 
	 18.9383650000000010 	 7.8841809867677979 
	 18.9477599999999988 	 7.8841797501334279 
	 18.9571550000000002 	 7.8841785152531019 
	 18.9665499999999980 	 7.8841772822219989 
	 18.9759449999999994 	 7.8841760511352970 
	 18.9853399999999972 	 7.8841748220881724 
	 18.9947349999999986 	 7.8841735951757981 
	 19.0041299999999964 	 7.8841723704933564 
	 19.0135249999999978 	 7.8841711481360184 
	 19.0229199999999992 	 7.8841699281989648 
	 19.0323150000000005 	 7.8841687107773701 
	 19.0417100000000019 	 7.8841674959664116 
	 19.0511050000000033 	 7.8841662838612674 
	 19.0605000000000011 	 7.8841650745571110 
	 19.0698950000000025 	 7.8841638681491180 
	 19.0792900000000003 	 7.8841626647324716 
	 19.0886850000000017 	 7.8841614644023421 
	 19.0980799999999995 	 7.8841602672539093 
	 19.1074750000000009 	 7.8841590733235103 
	 19.1168699999999987 	 7.8841578822064884 
	 19.1262650000000001 	 7.8841566932980998 
	 19.1356599999999979 	 7.8841555059926041 
	 19.1450549999999993 	 7.8841543196842592 
	 19.1544499999999971 	 7.8841531337673212 
	 19.1638449999999985 	 7.8841519476360542 
	 19.1732399999999963 	 7.8841507606847161 
	 19.1826349999999977 	 7.8841495723075647 
	 19.1920299999999990 	 7.8841483818988616 
	 19.2014249999999969 	 7.8841471888528618 
	 19.2108200000000018 	 7.8841459925638286 
	 19.2202150000000032 	 7.8841447924260173 
	 19.2296100000000010 	 7.8841435878336910 
	 19.2390050000000024 	 7.8841423781811049 
	 19.2484000000000002 	 7.8841411628625204 
	 19.2577950000000016 	 7.8841399412721938 
	 19.2671899999999994 	 7.8841387128043889 
	 19.2765850000000007 	 7.8841374768533603 
	 19.2859799999999986 	 7.8841362328133702 
	 19.2953749999999999 	 7.8841349800786746 
	 19.3047699999999978 	 7.8841337180566260 
	 19.3141649999999991 	 7.8841324464450020 
	 19.3235600000000005 	 7.8841311652262247 
	 19.3329549999999983 	 7.8841298743946497 
	 19.3423499999999997 	 7.8841285739446256 
	 19.3517450000000011 	 7.8841272638705107 
	 19.3611399999999989 	 7.8841259441666587 
	 19.3705350000000003 	 7.8841246148274227 
	 19.3799300000000017 	 7.8841232758471547 
	 19.3893250000000030 	 7.8841219272202121 
	 19.3987200000000009 	 7.8841205689409461 
	 19.4081150000000022 	 7.8841192010037142 
	 19.4175100000000000 	 7.8841178234028639 
	 19.4269050000000014 	 7.8841164361327545 
	 19.4362999999999992 	 7.8841150391877397 
	 19.4456950000000006 	 7.8841136325621690 
	 19.4550899999999984 	 7.8841122162504025 
	 19.4644849999999998 	 7.8841107902467904 
	 19.4738799999999976 	 7.8841093545456857 
	 19.4832749999999990 	 7.8841079091414441 
	 19.4926700000000004 	 7.8841064540284194 
	 19.5020649999999982 	 7.8841049892032631 
	 19.5114599999999996 	 7.8841035150465872 
	 19.5208550000000010 	 7.8841020327495945 
	 19.5302499999999988 	 7.8841005436063609 
	 19.5396450000000002 	 7.8840990489109712 
	 19.5490399999999980 	 7.8840975499575041 
	 19.5584349999999993 	 7.8840960480400373 
	 19.5678300000000007 	 7.8840945444526565 
	 19.5772250000000021 	 7.8840930404894394 
	 19.5866199999999999 	 7.8840915374444682 
	 19.5960150000000013 	 7.8840900366118181 
	 19.6054099999999991 	 7.8840885392400342 
	 19.6148050000000005 	 7.8840870458265107 
	 19.6242000000000019 	 7.8840855562525265 
	 19.6335949999999997 	 7.8840840703811663 
	 19.6429900000000011 	 7.8840825880755014 
	 19.6523850000000024 	 7.8840811091986209 
	 19.6617800000000003 	 7.8840796336135996 
	 19.6711750000000016 	 7.8840781611835222 
	 19.6805699999999995 	 7.8840766917714618 
	 19.6899650000000008 	 7.8840752252405046 
	 19.6993599999999986 	 7.8840737614537248 
	 19.7087550000000000 	 7.8840723002742088 
	 19.7181499999999978 	 7.8840708415650331 
	 19.7275449999999992 	 7.8840693851892780 
	 19.7369400000000006 	 7.8840679310100263 
	 19.7463350000000020 	 7.8840664788903521 
	 19.7557299999999998 	 7.8840650286933407 
	 19.7651250000000012 	 7.8840635802820715 
	 19.7745199999999990 	 7.8840621335196230 
	 19.7839150000000004 	 7.8840606882690762 
	 19.7933100000000017 	 7.8840592443935087 
	 19.8027049999999996 	 7.8840578017567502 
	 19.8121000000000009 	 7.8840563602862810 
	 19.8214950000000023 	 7.8840549200210832 
	 19.8308900000000001 	 7.8840534810113967 
	 19.8402850000000015 	 7.8840520433074621 
	 19.8496799999999993 	 7.8840506069595229 
	 19.8590750000000007 	 7.8840491720178187 
	 19.8684699999999985 	 7.8840477385325913 
	 19.8778649999999999 	 7.8840463065540849 
	 19.8872599999999977 	 7.8840448761325383 
	 19.8966549999999991 	 7.8840434473181897 
	 19.9060499999999969 	 7.8840420201612869 
	 19.9154450000000018 	 7.8840405947120669 
	 19.9248400000000032 	 7.8840391710207731 
	 19.9342350000000010 	 7.8840377491376445 
	 19.9436300000000024 	 7.8840363291129254 
	 19.9530250000000038 	 7.8840349109968573 
	 19.9624200000000016 	 7.8840334948396791 
	 19.9718150000000030 	 7.8840320806916351 
	 19.9812100000000008 	 7.8840306686029624 
	 19.9906050000000022 	 7.8840292586239062 
	 20.0000000000000000 	 7.8840278508047081 