	 1.2100000000000000 	 -1.3640763040000001 
	 1.2193950000000000 	 -1.4502318199450697 
	 1.2287900000000000 	 -1.5342155485533664 
	 1.2381850000000001 	 -1.6160631667534258 
	 1.2475799999999999 	 -1.6958269946472770 
	 1.2569750000000002 	 -1.7735573410830101 
	 1.2663700000000000 	 -1.8493048654738220 
	 1.2757650000000000 	 -1.9231218987464653 
	 1.2851600000000001 	 -1.9950608999059596 
	 1.2945550000000001 	 -2.0651752094736975 
	 1.3039499999999999 	 -2.1335160646745543 
	 1.3133450000000000 	 -2.2001373272121709 
	 1.3227400000000000 	 -2.2650932079479689 
	 1.3321350000000001 	 -2.3284295780830000 
	 1.3415300000000001 	 -2.3901928790620768 
	 1.3509249999999999 	 -2.4504324039565102 
	 1.3603200000000000 	 -2.5092030505566369 
	 1.3697150000000000 	 -2.5665436094961560 
	 1.3791099999999998 	 -2.6224686475434140 
	 1.3885049999999999 	 -2.6770749101320059 
	 1.3978999999999999 	 -2.7303839808403572 
	 1.4072950000000000 	 -2.7824100136630143 
	 1.4166900000000000 	 -2.8332200150018987 
	 1.4260850000000000 	 -2.8828461271001098 
	 1.4354799999999999 	 -2.9313136526384178 
	 1.4448749999999999 	 -2.9786586885149293 
	 1.4542700000000000 	 -3.0249120603426465 
	 1.4636650000000000 	 -3.0701046200321152 
	 1.4730600000000000 	 -3.1142657826819944 
	 1.4824550000000001 	 -3.1574233858927578 
	 1.4918499999999999 	 -3.1996043344303589 
	 1.5012450000000002 	 -3.2408348155465130 
	 1.5106400000000000 	 -3.2811395728686019 
	 1.5200350000000000 	 -3.3205426433262795 
	 1.5294300000000001 	 -3.3590664011542932 
	 1.5388250000000001 	 -3.3967328819299776 
	 1.5482200000000002 	 -3.4335638024827420 
	 1.5576150000000002 	 -3.4695790721611726 
	 1.5670099999999998 	 -3.5047981540342628 
	 1.5764049999999998 	 -3.5392393672563438 
	 1.5857999999999999 	 -3.5729210977013501 
	 1.5951949999999999 	 -3.6058587732541967 
	 1.6045900000000000 	 -3.6380741175153739 
	 1.6139850000000000 	 -3.6695795769358992 
	 1.6233799999999998 	 -3.7003836583689043 
	 1.6327749999999999 	 -3.7305056360110043 
	 1.6421699999999999 	 -3.7599574335650927 
	 1.6515649999999999 	 -3.7887520081730508 
	 1.6609600000000000 	 -3.8169017550566409 
	 1.6703550000000000 	 -3.8444172112136554 
	 1.6797499999999999 	 -3.8713102642934789 
	 1.6891450000000001 	 -3.8975949094470441 
	 1.6985399999999999 	 -3.9232723534792120 
	 1.7079350000000000 	 -3.9483576830704701 
	 1.7173300000000000 	 -3.9728587373875541 
	 1.7267250000000001 	 -3.9967846722238063 
	 1.7361199999999999 	 -4.0201447931180629 
	 1.7455150000000001 	 -4.0429465215678340 
	 1.7549100000000000 	 -4.0651979461308407 
	 1.7643049999999998 	 -4.0869055987030540 
	 1.7736999999999998 	 -4.1080796360207401 
	 1.7830949999999999 	 -4.1287168489417390 
	 1.7924899999999999 	 -4.1488238418968821 
	 1.8018850000000000 	 -4.1684307745431433 
	 1.8112800000000000 	 -4.1875245829584449 
	 1.8206750000000000 	 -4.2061142947103534 
	 1.8300700000000001 	 -4.2242040762483786 
	 1.8394650000000001 	 -4.2417986576369762 
	 1.8488600000000002 	 -4.2589275486808180 
	 1.8582550000000002 	 -4.2755470269702265 
	 1.8676499999999998 	 -4.2916925447173426 
	 1.8770449999999999 	 -4.3072901306767788 
	 1.8864399999999999 	 -4.3224546931629497 
	 1.8958349999999999 	 -4.3371831779090728 
	 1.9052300000000000 	 -4.3514355296437506 
	 1.9146250000000000 	 -4.3652302034449333 
	 1.9240199999999998 	 -4.3785651802985228 
	 1.9334150000000001 	 -4.3914463227392826 
	 1.9428099999999999 	 -4.4038715990349901 
	 1.9522050000000000 	 -4.4158438035797332 
	 1.9616000000000000 	 -4.4273759224328169 
	 1.9709950000000001 	 -4.4384624351023314 
	 1.9803900000000001 	 -4.4491062336714400 
	 1.9897850000000001 	 -4.4593112694774382 
	 1.9991800000000000 	 -4.4690814086576536 
	 2.0085750000000000 	 -4.4783640812806960 
	 2.0179700000000000 	 -4.4872543521730579 
	 2.0273649999999996 	 -4.4957257448577952 
	 2.0367600000000001 	 -4.5037593330274337 
	 2.0461549999999997 	 -4.5113735745471075 
	 2.0555499999999998 	 -4.5185588252555675 
	 2.0649449999999998 	 -4.5253143567832703 
	 2.0743399999999999 	 -4.5316467316041358 
	 2.0837349999999999 	 -4.5375558388370951 
	 2.0931299999999999 	 -4.5430424881401619 
	 2.1025250000000000 	 -4.5481144835445972 
	 2.1119199999999996 	 -4.5527757921695837 
	 2.1213150000000001 	 -4.5570047797953839 
	 2.1307099999999997 	 -4.5608200822642244 
	 2.1401050000000001 	 -4.5642197397615529 
	 2.1494999999999997 	 -4.5672045667633885 
	 2.1588950000000002 	 -4.5697767667076485 
	 2.1682899999999998 	 -4.5719373369879763 
	 2.1776850000000003 	 -4.5736855108124779 
	 2.1870799999999999 	 -4.5750252168067416 
	 2.1964750000000000 	 -4.5759551297707297 
	 2.2058700000000000 	 -4.5764760710347288 
	 2.2152650000000000 	 -4.5765905802468758 
	 2.2246600000000001 	 -4.5762995499930117 
	 2.2340550000000001 	 -4.5756034429357353 
	 2.2434500000000002 	 -4.5745037139169318 
	 2.2528449999999998 	 -4.5730012753025164 
	 2.2622400000000003 	 -4.5710966870326422 
	 2.2716349999999998 	 -4.5687934997414974 
	 2.2810300000000003 	 -4.5660912697583091 
	 2.2904249999999999 	 -4.5629905791061649 
	 2.2998200000000000 	 -4.5594943161879238 
	 2.3092150000000000 	 -4.5555863962828242 
	 2.3186100000000001 	 -4.5513062750866062 
	 2.3280050000000001 	 -4.5466864322424794 
	 2.3373999999999997 	 -4.5416346332344544 
	 2.3467950000000002 	 -4.5361784250767956 
	 2.3561899999999998 	 -4.5303386828727428 
	 2.3655850000000003 	 -4.5241161804380123 
	 2.3749799999999999 	 -4.5175133096245164 
	 2.3843749999999999 	 -4.5105274685942041 
	 2.3937700000000000 	 -4.5031654422599550 
	 2.4031650000000000 	 -4.4954304422995710 
	 2.4125600000000000 	 -4.4873063645971776 
	 2.4219550000000001 	 -4.4787935116573916 
	 2.4313500000000001 	 -4.4699358013377397 
	 2.4407449999999997 	 -4.4607242557423952 
	 2.4501400000000002 	 -4.4511472279878062 
	 2.4595349999999998 	 -4.4412111546477346 
	 2.4689300000000003 	 -4.4309246330397478 
	 2.4783249999999999 	 -4.4202771613577836 
	 2.4877199999999999 	 -4.4092856552633242 
	 2.4971150000000000 	 -4.3979510421852908 
	 2.5065100000000005 	 -4.3862741177316922 
	 2.5159050000000001 	 -4.3742614048619837 
	 2.5253000000000001 	 -4.3619092603360237 
	 2.5346950000000001 	 -4.3492271692980129 
	 2.5440899999999997 	 -4.3362264865295135 
	 2.5534850000000002 	 -4.3229031872216268 
	 2.5628799999999998 	 -4.3092598751264140 
	 2.5722749999999999 	 -4.2953066058010325 
	 2.5816699999999999 	 -4.2810496544452041 
	 2.5910650000000000 	 -4.2664864957942008 
	 2.6004600000000000 	 -4.2516262010665091 
	 2.6098550000000000 	 -4.2365108941739349 
	 2.6192500000000001 	 -4.2210501455826748 
	 2.6286449999999997 	 -4.2051908806872813 
	 2.6380400000000002 	 -4.1891596739576249 
	 2.6474349999999998 	 -4.1728821209413516 
	 2.6568300000000002 	 -4.1563231870846939 
	 2.6662249999999998 	 -4.1395052845135680 
	 2.6756200000000003 	 -4.1224298891871820 
	 2.6850149999999999 	 -4.1051014531978449 
	 2.6944100000000004 	 -4.0875257037775263 
	 2.7038050000000000 	 -4.0697080680677535 
	 2.7132000000000001 	 -4.0516547839391368 
	 2.7225950000000001 	 -4.0333710940804419 
	 2.7319900000000001 	 -4.0148625558696320 
	 2.7413850000000002 	 -3.9961363627803705 
	 2.7507800000000002 	 -3.9771964095757872 
	 2.7601750000000003 	 -3.9580477896543647 
	 2.7695699999999999 	 -3.9386983372393738 
	 2.7789650000000004 	 -3.9191513407065188 
	 2.7883599999999999 	 -3.8994154419992175 
	 2.7977550000000004 	 -3.8794874322548885 
	 2.8071500000000000 	 -3.8593851043027296 
	 2.8165450000000001 	 -3.8391096719009306 
	 2.8259399999999997 	 -3.8186652837530191 
	 2.8353349999999997 	 -3.7980590395104610 
	 2.8447299999999998 	 -3.7772946372706349 
	 2.8541249999999998 	 -3.7563777453940288 
	 2.8635199999999998 	 -3.7353139631459014 
	 2.8729149999999999 	 -3.7141088387303562 
	 2.8823099999999995 	 -3.6927680590903438 
	 2.8917050000000000 	 -3.6712969015788439 
	 2.9010999999999996 	 -3.6496993812664513 
	 2.9104950000000001 	 -3.6279802604328317 
	 2.9198899999999997 	 -3.6061472091796545 
	 2.9292850000000001 	 -3.5842021503429162 
	 2.9386799999999997 	 -3.5621509835693441 
	 2.9480750000000002 	 -3.5400015419929645 
	 2.9574699999999998 	 -3.5177456926693527 
	 2.9668650000000003 	 -3.4954660426277901 
	 2.9762599999999999 	 -3.4730673429512020 
	 2.9856549999999999 	 -3.4505520658967628 
	 2.9950500000000000 	 -3.4279689589605891 
	 3.0044450000000000 	 -3.4053098205648449 
	 3.0138400000000001 	 -3.3825833770616636 
	 3.0232350000000001 	 -3.3597925823080392 
	 3.0326300000000002 	 -3.3369412438569750 
	 3.0420250000000002 	 -3.3140352293103263 
	 3.0514200000000002 	 -3.2910774648681214 
	 3.0608149999999998 	 -3.2680722877621964 
	 3.0702099999999999 	 -3.2450246049730680 
	 3.0796049999999999 	 -3.2219376521227625 
	 3.0890000000000000 	 -3.1988160405358896 
	 3.0983950000000000 	 -3.1756643894464802 
	 3.1077900000000001 	 -3.1524853995938615 
	 3.1171850000000001 	 -3.1292835864756032 
	 3.1265800000000001 	 -3.1060639734721991 
	 3.1359749999999997 	 -3.0828290888946581 
	 3.1453699999999998 	 -3.0595824431890239 
	 3.1547649999999998 	 -3.0363291502855931 
	 3.1641599999999999 	 -3.0130727528556402 
	 3.1735549999999995 	 -2.9898152450000488 
	 3.1829499999999999 	 -2.9665586230387615 
	 3.1923449999999995 	 -2.9433095433748724 
	 3.2017400000000000 	 -2.9200821289947623 
	 3.2111349999999996 	 -2.8968551281252011 
	 3.2205300000000001 	 -2.8736667568322103 
	 3.2299249999999997 	 -2.8506998638698491 
	 3.2393200000000002 	 -2.8273769991938762 
	 3.2487149999999998 	 -2.8033949137970433 
	 3.2581100000000003 	 -2.7802000938360276 
	 3.2675049999999999 	 -2.7571995945656798 
	 3.2769000000000004 	 -2.7341775243103252 
	 3.2862950000000000 	 -2.7112265241117255 
	 3.2956900000000005 	 -2.6883113973259349 
	 3.3050850000000001 	 -2.6654412046791158 
	 3.3144800000000001 	 -2.6426255242414491 
	 3.3238750000000001 	 -2.6198679812048300 
	 3.3332700000000002 	 -2.5971682868378303 
	 3.3426650000000002 	 -2.5745289576778720 
	 3.3520600000000003 	 -2.5519521405822325 
	 3.3614549999999999 	 -2.5294398604978152 
	 3.3708500000000003 	 -2.5069951634132166 
	 3.3802449999999999 	 -2.4846216552213072 
	 3.3896400000000000 	 -2.4623299572530639 
	 3.3990350000000000 	 -2.4401302537336966 
	 3.4084300000000001 	 -2.4180195728366578 
	 3.4178249999999997 	 -2.3959946615748646 
	 3.4272200000000002 	 -2.3740539173063748 
	 3.4366149999999998 	 -2.3521990090139573 
	 3.4460099999999998 	 -2.3304331507770106 
	 3.4554049999999998 	 -2.3087588366822431 
	 3.4647999999999999 	 -2.2871777856838467 
	 3.4741949999999999 	 -2.2656930224402001 
	 3.4835900000000000 	 -2.2443072134347744 
	 3.4929850000000000 	 -2.2230214500241048 
	 3.5023799999999996 	 -2.2018375847607916 
	 3.5117750000000001 	 -2.1807575347679764 
	 3.5211699999999997 	 -2.1597832187522910 
	 3.5305649999999997 	 -2.1389163983002111 
	 3.5399599999999998 	 -2.1181583886202953 
	 3.5493550000000003 	 -2.0975105526855358 
	 3.5587499999999999 	 -2.0769747171805077 
	 3.5681449999999999 	 -2.0565520664720318 
	 3.5775399999999999 	 -2.0362438184030021 
	 3.5869350000000004 	 -2.0160510835790051 
	 3.5963300000000000 	 -1.9959752413221961 
	 3.6057249999999996 	 -1.9760174173750491 
	 3.6151200000000001 	 -1.9561784662729351 
	 3.6245150000000002 	 -1.9364594429464554 
	 3.6339100000000002 	 -1.9168613063013995 
	 3.6433049999999998 	 -1.8973850546452831 
	 3.6527000000000003 	 -1.8780314826847626 
	 3.6620950000000003 	 -1.8588011519283658 
	 3.6714900000000004 	 -1.8396953267852354 
	 3.6808850000000000 	 -1.8207143858169321 
	 3.6902800000000000 	 -1.8018585146323662 
	 3.6996750000000000 	 -1.7831289387481875 
	 3.7090700000000001 	 -1.7645264057612076 
	 3.7184650000000001 	 -1.7460506847125437 
	 3.7278600000000002 	 -1.7277027714219810 
	 3.7372550000000002 	 -1.7094826612091221 
	 3.7466499999999998 	 -1.6913910620010628 
	 3.7560450000000003 	 -1.6734285776844475 
	 3.7654399999999999 	 -1.6555953315745224 
	 3.7748350000000004 	 -1.6378914467788868 
	 3.7842300000000000 	 -1.6203170620307719 
	 3.7936250000000000 	 -1.6028726287464576 
	 3.8030200000000001 	 -1.5855584917837988 
	 3.8124150000000006 	 -1.5683743483172232 
	 3.8218100000000002 	 -1.5513202557847217 
	 3.8312049999999997 	 -1.5343968185060803 
	 3.8406000000000002 	 -1.5176040097748902 
	 3.8499950000000003 	 -1.5009417019245728 
	 3.8593899999999999 	 -1.4844097544426662 
	 3.8687849999999999 	 -1.4680080582400943 
	 3.8781799999999995 	 -1.4517368066845362 
	 3.8875749999999996 	 -1.4355958745378470 
	 3.8969699999999996 	 -1.4195853751135568 
	 3.9063649999999996 	 -1.4037046122363805 
	 3.9157599999999997 	 -1.3879539679529576 
	 3.9251549999999997 	 -1.3723330463345522 
	 3.9345499999999998 	 -1.3568412485784356 
	 3.9439449999999998 	 -1.3414786057952104 
	 3.9533399999999999 	 -1.3262447847262435 
	 3.9627349999999995 	 -1.3111398481124477 
	 3.9721299999999999 	 -1.2961641211487185 
	 3.9815249999999995 	 -1.2813174032437702 
	 3.9909200000000000 	 -1.2665989251027741 
	 4.0003149999999996 	 -1.2520076076027713 
	 4.0097100000000001 	 -1.2375424392435233 
	 4.0191049999999997 	 -1.2232028712192937 
	 4.0285000000000002 	 -1.2089884879453972 
	 4.0378949999999998 	 -1.1948991171007066 
	 4.0472900000000003 	 -1.1809351742332204 
	 4.0566849999999999 	 -1.1670966442133506 
	 4.0660799999999995 	 -1.1533831739949618 
	 4.0754750000000000 	 -1.1397942522557787 
	 4.0848700000000004 	 -1.1263292715196156 
	 4.0942650000000000 	 -1.1129878254238579 
	 4.1036599999999996 	 -1.0997694639395801 
	 4.1130550000000001 	 -1.0866734683235573 
	 4.1224499999999997 	 -1.0736991060706278 
	 4.1318450000000002 	 -1.0608457578480670 
	 4.1412399999999998 	 -1.0481130066605333 
	 4.1506349999999994 	 -1.0355002827209836 
	 4.1600299999999999 	 -1.0230067011408932 
	 4.1694250000000004 	 -1.0106316332973815 
	 4.1788200000000000 	 -0.9983745043736536 
	 4.1882149999999996 	 -0.9862346792909925 
	 4.1976100000000001 	 -0.9742114394205581 
	 4.2070049999999997 	 -0.9623037046150594 
	 4.2164000000000001 	 -0.9505110918687144 
	 4.2257949999999997 	 -0.9388332382479486 
	 4.2351900000000002 	 -0.9272696739164296 
	 4.2445849999999998 	 -0.9158198667684734 
	 4.2539800000000003 	 -0.9044831081365070 
	 4.2633749999999999 	 -0.8932586833184815 
	 4.2727700000000004 	 -0.8821458776123439 
	 4.2821650000000000 	 -0.8711439759866680 
	 4.2915600000000005 	 -0.8602522145865521 
	 4.3009550000000001 	 -0.8494697295824738 
	 4.3103499999999997 	 -0.8387957734512057 
	 4.3197450000000002 	 -0.8282298945242292 
	 4.3291400000000007 	 -0.8177714092825736 
	 4.3385350000000003 	 -0.8074195220058262 
	 4.3479299999999999 	 -0.7971732755889887 
	 4.3573250000000003 	 -0.7870321139460841 
	 4.3667199999999999 	 -0.7769955894750176 
	 4.3761150000000004 	 -0.7670625532251094 
	 4.3855100000000000 	 -0.7572324465847522 
	 4.3949049999999996 	 -0.7475045632966357 
	 4.4043000000000001 	 -0.7378779600089462 
	 4.4136950000000006 	 -0.7283520689478339 
	 4.4230900000000002 	 -0.7189262253197957 
	 4.4324849999999998 	 -0.7095996782438618 
	 4.4418799999999994 	 -0.7003715338505866 
	 4.4512749999999999 	 -0.6912409783441479 
	 4.4606700000000004 	 -0.6822075699955773 
	 4.4700650000000000 	 -0.6732702095438845 
	 4.4794599999999996 	 -0.6644282826306411 
	 4.4888550000000000 	 -0.6556812124329194 
	 4.4982499999999996 	 -0.6470280719861800 
	 4.5076450000000001 	 -0.6384682330137286 
	 4.5170399999999997 	 -0.6300007425431799 
	 4.5264349999999993 	 -0.6216251014630856 
	 4.5358299999999998 	 -0.6133403254123533 
	 4.5452250000000003 	 -0.6051457097846806 
	 4.5546199999999999 	 -0.5970406729672050 
	 4.5640149999999995 	 -0.5890243772290533 
	 4.5734100000000000 	 -0.5810961155056472 
	 4.5828049999999996 	 -0.5732550691732389 
	 4.5922000000000001 	 -0.5655004183242702 
	 4.6015949999999997 	 -0.5578315699739853 
	 4.6109900000000001 	 -0.5502478398029464 
	 4.6203849999999997 	 -0.5427482693330167 
	 4.6297799999999993 	 -0.5353324536759954 
	 4.6391749999999998 	 -0.5279993225313369 
	 4.6485700000000003 	 -0.5207482956229109 
	 4.6579649999999999 	 -0.5135786478932288 
	 4.6673599999999995 	 -0.5064896913314906 
	 4.6767550000000000 	 -0.4994806253721977 
	 4.6861499999999996 	 -0.4925507052151779 
	 4.6955450000000001 	 -0.4856992673286620 
	 4.7049399999999997 	 -0.4789256115246159 
	 4.7143350000000002 	 -0.4722290093587283 
	 4.7237299999999998 	 -0.4656087755298454 
	 4.7331250000000002 	 -0.4590644153434451 
	 4.7425199999999998 	 -0.4525944919123853 
	 4.7519150000000003 	 -0.4462000063750433 
	 4.7613099999999999 	 -0.4398758331312624 
	 4.7707049999999995 	 -0.4336036395052076 
	 4.7801000000000000 	 -0.4274058874495098 
	 4.7894950000000005 	 -0.4213005355540004 
	 4.7988900000000001 	 -0.4152664322552372 
	 4.8082849999999997 	 -0.4093020689240273 
	 4.8176800000000002 	 -0.4034074164903790 
	 4.8270749999999998 	 -0.3975814940092522 
	 4.8364700000000003 	 -0.3918237568795788 
	 4.8458649999999999 	 -0.3861335202118944 
	 4.8552599999999995 	 -0.3805100913986719 
	 4.8646550000000000 	 -0.3749528370303412 
	 4.8740500000000004 	 -0.3694611444203892 
	 4.8834450000000000 	 -0.3640343342668987 
	 4.8928399999999996 	 -0.3586717598876092 
	 4.9022350000000001 	 -0.3533728163703401 
	 4.9116300000000006 	 -0.3481368637705300 
	 4.9210250000000002 	 -0.3429632401677737 
	 4.9304199999999998 	 -0.3378513602922134 
	 4.9398150000000003 	 -0.3328006441808125 
	 4.9492100000000008 	 -0.3278103820398609 
	 4.9586050000000004 	 -0.3228799941674591 
	 4.9680000000000000 	 -0.3180089162846681 
	 4.9773949999999996 	 -0.3131964996112848 
	 4.9867900000000001 	 -0.3084421707885472 
	 4.9961850000000005 	 -0.3037453604905259 
	 5.0055800000000001 	 -0.2991054456337868 
	 5.0149750000000006 	 -0.2945218727901449 
	 5.0243700000000002 	 -0.2899940417880233 
	 5.0337649999999989 	 -0.2855213318429795 
	 5.0431600000000003 	 -0.2811032592775940 
	 5.0525549999999999 	 -0.2767392243409858 
	 5.0619499999999995 	 -0.2724286150150544 
	 5.0713449999999991 	 -0.2681709785306293 
	 5.0807400000000005 	 -0.2639657456348810 
	 5.0901350000000001 	 -0.2598130142270036 
	 5.0995299999999997 	 -0.2557115394477572 
	 5.1089249999999993 	 -0.2516600969185614 
	 5.1183200000000006 	 -0.2476587955845913 
	 5.1277150000000002 	 -0.2437072127828986 
	 5.1371099999999998 	 -0.2398047776736597 
	 5.1465049999999994 	 -0.2359509657615457 
	 5.1558999999999999 	 -0.2321452499389131 
	 5.1652949999999995 	 -0.2283871620772203 
	 5.1746900000000000 	 -0.2246761865507362 
	 5.1840849999999996 	 -0.2210117787237692 
	 5.1934800000000001 	 -0.2173934893769027 
	 5.2028749999999997 	 -0.2138208297525158 
	 5.2122700000000002 	 -0.2102932424600970 
	 5.2216649999999998 	 -0.2068102797745628 
	 5.2310600000000003 	 -0.2033714985044044 
	 5.2404549999999999 	 -0.1999763940159001 
	 5.2498499999999995 	 -0.1966244818452774 
	 5.2592449999999999 	 -0.1933153828906237 
	 5.2686400000000004 	 -0.1900464636869575 
	 5.2780350000000000 	 -0.1868201545277974 
	 5.2874299999999996 	 -0.1836366687998595 
	 5.2968249999999992 	 -0.1804945475353234 
	 5.3062200000000006 	 -0.1773924297306999 
	 5.3156150000000002 	 -0.1743301062820604 
	 5.3250099999999998 	 -0.1713074545715859 
	 5.3344049999999994 	 -0.1683239499151292 
	 5.3437999999999999 	 -0.1653791710387461 
	 5.3531950000000004 	 -0.1624726835027561 
	 5.3625900000000000 	 -0.1596040805685329 
	 5.3719849999999996 	 -0.1567729738163739 
	 5.3813800000000001 	 -0.1539789056139870 
	 5.3907749999999997 	 -0.1512214757609102 
	 5.4001700000000001 	 -0.1485002957762445 
	 5.4095649999999997 	 -0.1458149733070589 
	 5.4189600000000002 	 -0.1431650836191380 
	 5.4283549999999998 	 -0.1405502472855703 
	 5.4377500000000003 	 -0.1379700798043149 
	 5.4471449999999999 	 -0.1354241897062950 
	 5.4565400000000004 	 -0.1329121948913206 
	 5.4659350000000000 	 -0.1304337371487755 
	 5.4753299999999996 	 -0.1279884148128777 
	 5.4847250000000001 	 -0.1255758965585657 
	 5.4941200000000006 	 -0.1231956871246220 
	 5.5035150000000002 	 -0.1208473741921973 
	 5.5129099999999998 	 -0.1185309566718226 
	 5.5223049999999994 	 -0.1162464513261451 
	 5.5317000000000007 	 -0.1139930733481243 
	 5.5410950000000003 	 -0.1117684639100598 
	 5.5504899999999999 	 -0.1095725333968769 
	 5.5598849999999995 	 -0.1074093898028328 
	 5.5692800000000009 	 -0.1052759783503261 
	 5.5786750000000005 	 -0.1031714846299757 
	 5.5880700000000001 	 -0.1010960890336949 
	 5.5974649999999997 	 -0.0990493509268334 
	 5.6068600000000011 	 -0.0970308814278884 
	 5.6162549999999998 	 -0.0950404187989173 
	 5.6256499999999994 	 -0.0930775946277772 
	 5.6350449999999999 	 -0.0911421001843857 
	 5.6444399999999995 	 -0.0892336621761700 
	 5.6538349999999999 	 -0.0873519479685593 
	 5.6632300000000004 	 -0.0854966664932122 
	 5.6726250000000000 	 -0.0836674870934858 
	 5.6820199999999996 	 -0.0818641613620670 
	 5.6914149999999992 	 -0.0800865061961197 
	 5.7008099999999997 	 -0.0783336612064170 
	 5.7102050000000002 	 -0.0766052932672676 
	 5.7195999999999998 	 -0.0749029880744999 
	 5.7289949999999994 	 -0.0732250586878285 
	 5.7383899999999999 	 -0.0715605479918898 
	 5.7477850000000004 	 -0.0699280368691158 
	 5.7571800000000000 	 -0.0683216217571309 
	 5.7665749999999996 	 -0.0667375521381387 
	 5.7759699999999992 	 -0.0651767929467993 
	 5.7853649999999996 	 -0.0636386731096508 
	 5.7947600000000001 	 -0.0621230382853766 
	 5.8041549999999997 	 -0.0606295989601600 
	 5.8135500000000002 	 -0.0591581010724711 
	 5.8229449999999998 	 -0.0577082760229934 
	 5.8323400000000003 	 -0.0562798993693075 
	 5.8417349999999999 	 -0.0548726990428742 
	 5.8511299999999995 	 -0.0534864173137883 
	 5.8605250000000000 	 -0.0521208314392001 
	 5.8699199999999996 	 -0.0507756811464748 
	 5.8793150000000001 	 -0.0494507214390631 
	 5.8887100000000006 	 -0.0481457150323776 
	 5.8981050000000002 	 -0.0468604253356164 
	 5.9074999999999998 	 -0.0455946184979870 
	 5.9168950000000002 	 -0.0443480750046483 
	 5.9262899999999998 	 -0.0431205354336331 
	 5.9356850000000003 	 -0.0419117803857926 
	 5.9450799999999999 	 -0.0407215995345383 
	 5.9544749999999995 	 -0.0395497557989686 
	 5.9638700000000000 	 -0.0383960251629606 
	 5.9732650000000005 	 -0.0372601979502578 
	 5.9826600000000001 	 -0.0361420490963700 
	 5.9920549999999997 	 -0.0350413558991855 
	 6.0014499999999993 	 -0.0339579097000416 
	 6.0108449999999998 	 -0.0328915289230505 
	 6.0202400000000003 	 -0.0318419525832541 
	 6.0296349999999999 	 -0.0308085460606070 
	 6.0390300000000003 	 -0.0297919775258285 
	 6.0484249999999999 	 -0.0287916691285625 
	 6.0578200000000004 	 -0.0278073466088447 
	 6.0672150000000000 	 -0.0268388627205376 
	 6.0766099999999996 	 -0.0258859916663125 
	 6.0860050000000001 	 -0.0249485361014594 
	 6.0953999999999997 	 -0.0240263133786432 
	 6.1047950000000002 	 -0.0231191355672070 
	 6.1141900000000007 	 -0.0222268078347489 
	 6.1235850000000003 	 -0.0213491417636120 
	 6.1329799999999999 	 -0.0204859594940006 
	 6.1423750000000004 	 -0.0196370691437758 
	 6.1517700000000000 	 -0.0188022780927698 
	 6.1611650000000004 	 -0.0179814298990334 
	 6.1705600000000000 	 -0.0171743590902550 
	 6.1799549999999996 	 -0.0163808600945993 
	 6.1893500000000010 	 -0.0156007849855017 
	 6.1987450000000006 	 -0.0148338680200236 
	 6.2081400000000002 	 -0.0140804145592727 
	 6.2175349999999998 	 -0.0133380481955691 
	 6.2269299999999994 	 -0.0126201994052673 
	 6.2363250000000008 	 -0.0119093559965087 
	 6.2457200000000004 	 -0.0112040492793726 
	 6.2551150000000000 	 -0.0105127971042273 
	 6.2645100000000005 	 -0.0098340486541575 
	 6.2739050000000010 	 -0.0091672493698740 
	 6.2833000000000006 	 -0.0085121370471790 
	 6.2926950000000001 	 -0.0078686534549865 
	 6.3020899999999997 	 -0.0072366020132303 
	 6.3114850000000002 	 -0.0066158745543326 
	 6.3208800000000007 	 -0.0060062352156400 
	 6.3302750000000003 	 -0.0054071965375484 
	 6.3396700000000008 	 -0.0048198954982495 
	 6.3490650000000004 	 -0.0042432903230005 
	 6.3584600000000000 	 -0.0036701501022179 
	 6.3678550000000005 	 -0.0031128786388716 
	 6.3772500000000001 	 -0.0025674995458383 
	 6.3866450000000006 	 -0.0020316677894008 
	 6.3960400000000002 	 -0.0015060687223908 
	 6.4054350000000007 	 -0.0009902357630959 
	 6.4148300000000011 	 -0.0004841396524808 
	 6.4242250000000007 	 0.0000123512526659 
	 6.4336200000000003 	 0.0004993966458450 
	 6.4430149999999999 	 0.0009771045354479 
	 6.4524100000000004 	 0.0014456164347905 
	 6.4618050000000009 	 0.0019050639143912 
	 6.4712000000000005 	 0.0023555802798343 
	 6.4805950000000001 	 0.0027972722813156 
	 6.4899900000000006 	 0.0032302593514787 
	 6.4993849999999993 	 0.0036547159419384 
	 6.5087799999999998 	 0.0040707411369892 
	 6.5181749999999994 	 0.0044783213739658 
	 6.5275699999999990 	 0.0048782195402137 
	 6.5369650000000004 	 0.0052665614199168 
	 6.5463600000000000 	 0.0056494625294766 
	 6.5557549999999996 	 0.0060385578391011 
	 6.5651499999999992 	 0.0064269469819245 
	 6.5745449999999988 	 0.0067948359596991 
	 6.5839400000000001 	 0.0071454086767059 
	 6.5933349999999997 	 0.0074907467872152 
	 6.6027299999999993 	 0.0078282002697602 
	 6.6121249999999998 	 0.0081586041472115 
	 6.6215199999999994 	 0.0084818795132740 
	 6.6309149999999999 	 0.0087981917108572 
	 6.6403099999999995 	 0.0091076177119579 
	 6.6497049999999991 	 0.0094102604503143 
	 6.6590999999999996 	 0.0097062499007179 
	 6.6684950000000001 	 0.0099955684483608 
	 6.6778899999999997 	 0.0102788390773099 
	 6.6872850000000001 	 0.0105525811068483 
	 6.6966799999999997 	 0.0108210857941293 
	 6.7060749999999993 	 0.0110858235086797 
	 6.7154699999999998 	 0.0113439442307073 
	 6.7248649999999994 	 0.0115966433639743 
	 6.7342599999999999 	 0.0118396404205042 
	 6.7436549999999995 	 0.0120756673937937 
	 6.7530500000000000 	 0.0123248082699330 
	 6.7624450000000005 	 0.0125735129137493 
	 6.7718400000000001 	 0.0127939681570092 
	 6.7812349999999997 	 0.0130123355634692 
	 6.7906299999999993 	 0.0132245863035368 
	 6.8000249999999998 	 0.0134316782740515 
	 6.8094200000000003 	 0.0136335482152050 
	 6.8188149999999998 	 0.0138302746700965 
	 6.8282099999999994 	 0.0140219627263569 
	 6.8376049999999999 	 0.0142086758272669 
	 6.8469999999999995 	 0.0143904947856370 
	 6.8563950000000000 	 0.0145675039589043 
	 6.8657899999999996 	 0.0147397773515395 
	 6.8751849999999992 	 0.0149073861654876 
	 6.8845799999999997 	 0.0150704084298285 
	 6.8939750000000002 	 0.0152289223142183 
	 6.9033699999999998 	 0.0153829977108664 
	 6.9127650000000003 	 0.0155327084649343 
	 6.9221599999999999 	 0.0156781247312222 
	 6.9315549999999995 	 0.0158193072691405 
	 6.9409500000000000 	 0.0159563427692804 
	 6.9503449999999996 	 0.0160892925295211 
	 6.9597400000000000 	 0.0162182161426166 
	 6.9691349999999996 	 0.0163431835744041 
	 6.9785299999999992 	 0.0164642690340022 
	 6.9879250000000006 	 0.0165815473804114 
	 6.9973200000000002 	 0.0166950461316617 
	 7.0067149999999998 	 0.0168048468467105 
	 7.0161099999999994 	 0.0169110286620718 
	 7.0255049999999990 	 0.0170136469025845 
	 7.0349000000000004 	 0.0171127495555830 
	 7.0442950000000000 	 0.0172083939988714 
	 7.0536899999999996 	 0.0173006442552417 
	 7.0630850000000001 	 0.0173895560360756 
	 7.0724800000000005 	 0.0174752040299237 
	 7.0818750000000001 	 0.0175576447531362 
	 7.0912699999999997 	 0.0176368984269234 
	 7.1006649999999993 	 0.0177130633069669 
	 7.1100599999999998 	 0.0177861722759020 
	 7.1194550000000003 	 0.0178562694518712 
	 7.1288499999999999 	 0.0179234304791474 
	 7.1382450000000004 	 0.0179877044372967 
	 7.1476400000000000 	 0.0180491310805802 
	 7.1570350000000005 	 0.0181077584426848 
	 7.1664300000000001 	 0.0181636388924736 
	 7.1758249999999997 	 0.0182168320867735 
	 7.1852200000000002 	 0.0182673889092714 
	 7.1946149999999998 	 0.0183153501934494 
	 7.2040100000000002 	 0.0183607569755653 
	 7.2134050000000007 	 0.0184036642725726 
	 7.2228000000000003 	 0.0184441213906302 
	 7.2321949999999999 	 0.0184821607467815 
	 7.2415900000000004 	 0.0185178369580229 
	 7.2509850000000000 	 0.0185511914813539 
	 7.2603800000000005 	 0.0185822571658556 
	 7.2697750000000001 	 0.0186111051332735 
	 7.2791699999999997 	 0.0186377561677414 
	 7.2885650000000002 	 0.0186622478122671 
	 7.2979600000000007 	 0.0186846424313907 
	 7.3073550000000003 	 0.0187049514913148 
	 7.3167499999999999 	 0.0187232386505723 
	 7.3261449999999995 	 0.0187395342595977 
	 7.3355399999999999 	 0.0187538726016989 
	 7.3449350000000004 	 0.0187662983886116 
	 7.3543300000000000 	 0.0187768472416341 
	 7.3637250000000005 	 0.0187855553298132 
	 7.3731200000000001 	 0.0187924559889555 
	 7.3825150000000006 	 0.0187975880109424 
	 7.3919100000000002 	 0.0188009905793472 
	 7.4013049999999998 	 0.0188027018956151 
	 7.4107000000000003 	 0.0188027493011288 
	 7.4200949999999999 	 0.0188011528380290 
	 7.4294900000000004 	 0.0187979687624706 
	 7.4388850000000009 	 0.0187932213507682 
	 7.4482800000000005 	 0.0187869388476361 
	 7.4576750000000001 	 0.0187791547146424 
	 7.4670700000000005 	 0.0187699067638137 
	 7.4764650000000001 	 0.0187592241352546 
	 7.4858600000000006 	 0.0187471307292940 
	 7.4952550000000002 	 0.0187336560816596 
	 7.5046499999999998 	 0.0187188338360240 
	 7.5140450000000012 	 0.0187026974692529 
	 7.5234400000000008 	 0.0186852722019344 
	 7.5328350000000004 	 0.0186665818154264 
	 7.5422300000000000 	 0.0186466555291813 
	 7.5516249999999996 	 0.0186255208141699 
	 7.5610200000000010 	 0.0186032119326388 
	 7.5704150000000006 	 0.0185797440673268 
	 7.5798100000000002 	 0.0185551389719501 
	 7.5892050000000006 	 0.0185294431130086 
	 7.5986000000000002 	 0.0185026712655221 
	 7.6079950000000007 	 0.0184748332442137 
	 7.6173900000000003 	 0.0184459699078944 
	 7.6267849999999999 	 0.0184161112370983 
	 7.6361800000000004 	 0.0183852752971004 
	 7.6455750000000009 	 0.0183534799060641 
	 7.6549700000000005 	 0.0183207465484808 
	 7.6643650000000010 	 0.0182871011701242 
	 7.6737599999999988 	 0.0182525711501125 
	 7.6831549999999993 	 0.0182171772585730 
	 7.6925499999999998 	 0.0181809317287041 
	 7.7019449999999994 	 0.0181438578514383 
	 7.7113399999999999 	 0.0181059841632416 
	 7.7207349999999995 	 0.0180673219300713 
	 7.7301299999999991 	 0.0180279054442875 
	 7.7395249999999995 	 0.0179877384563896 
	 7.7489199999999991 	 0.0179468458508119 
	 7.7583149999999996 	 0.0179052569702988 
	 7.7677099999999992 	 0.0178629855813068 
	 7.7771049999999997 	 0.0178200399743600 
	 7.7865000000000002 	 0.0177764342357579 
	 7.7958949999999998 	 0.0177322341937391 
	 7.8052899999999994 	 0.0176874098112384 
	 7.8146849999999990 	 0.0176418494098546 
	 7.8240799999999995 	 0.0175957423908733 
	 7.8334750000000000 	 0.0175495630184188 
	 7.8428699999999996 	 0.0175028936852065 
	 7.8522649999999992 	 0.0174540634990339 
	 7.8616600000000005 	 0.0174039349432290 
	 7.8710550000000001 	 0.0173585854936777 
	 7.8804499999999997 	 0.0173075922105241 
	 7.8898449999999993 	 0.0172578349786701 
	 7.8992399999999989 	 0.0173322263993592 
	 7.9086350000000003 	 0.0173251672368013 
	 7.9180299999999999 	 0.0172435738327162 
	 7.9274249999999995 	 0.0171842192751396 
	 7.9368200000000000 	 0.0171361212166807 
	 7.9462149999999996 	 0.0170817018831554 
	 7.9556100000000001 	 0.0170275679880191 
	 7.9650049999999997 	 0.0169742671725179 
	 7.9743999999999993 	 0.0169202671033389 
	 7.9837949999999998 	 0.0168660361790143 
	 7.9931900000000002 	 0.0168115108606869 
	 8.0025849999999998 	 0.0167566478136022 
	 8.0119799999999994 	 0.0167014829454983 
	 8.0213749999999990 	 0.0166460455955323 
	 8.0307700000000004 	 0.0165903390737235 
	 8.0401650000000000 	 0.0165343698143493 
	 8.0495599999999996 	 0.0164781488136109 
	 8.0589549999999992 	 0.0164216961970601 
	 8.0683500000000006 	 0.0163650179505129 
	 8.0777450000000002 	 0.0163081211000257 
	 8.0871399999999998 	 0.0162510159330048 
	 8.0965349999999994 	 0.0161937282406547 
	 8.1059300000000007 	 0.0161362456949796 
	 8.1153250000000003 	 0.0160785831475048 
	 8.1247199999999999 	 0.0160207665025044 
	 8.1341149999999995 	 0.0159627961040178 
	 8.1435099999999991 	 0.0159046740928307 
	 8.1529050000000005 	 0.0158464059048518 
	 8.1623000000000001 	 0.0157880122817857 
	 8.1716949999999997 	 0.0157295144572541 
	 8.1810899999999993 	 0.0156708971826933 
	 8.1904849999999989 	 0.0156121689602207 
	 8.1998800000000003 	 0.0155533527640109 
	 8.2092749999999999 	 0.0154944547797002 
	 8.2186699999999995 	 0.0154354699205345 
	 8.2280649999999991 	 0.0153764191083156 
	 8.2374600000000004 	 0.0153173029341902 
	 8.2468550000000000 	 0.0152581296739260 
	 8.2562499999999996 	 0.0151989117024453 
	 8.2656449999999992 	 0.0151396471419712 
	 8.2750399999999988 	 0.0150803581012265 
	 8.2844350000000002 	 0.0150210336414371 
	 8.2938299999999998 	 0.0149616766970214 
	 8.3032249999999994 	 0.0149023169940991 
	 8.3126200000000008 	 0.0148429478272530 
	 8.3220150000000004 	 0.0147835796191991 
	 8.3314100000000000 	 0.0147242089190068 
	 8.3408049999999996 	 0.0146648450171005 
	 8.3501999999999992 	 0.0146054957164830 
	 8.3595950000000006 	 0.0145461675011781 
	 8.3689900000000002 	 0.0144868744801710 
	 8.3783849999999997 	 0.0144275946759734 
	 8.3877800000000011 	 0.0143684534429423 
	 8.3971750000000007 	 0.0143088837026686 
	 8.4065700000000003 	 0.0142512038230362 
	 8.4159649999999999 	 0.0141831367424453 
	 8.4253599999999995 	 0.0141027539630332 
	 8.4347550000000009 	 0.0140230646361153 
	 8.4441500000000005 	 0.0139568330195879 
	 8.4535450000000001 	 0.0138999643910408 
	 8.4629399999999997 	 0.0138412735527555 
	 8.4723350000000011 	 0.0137831663758766 
	 8.4817300000000007 	 0.0137250102961270 
	 8.4911250000000003 	 0.0136669746678479 
	 8.5005199999999999 	 0.0136090113431025 
	 8.5099149999999995 	 0.0135511520182904 
	 8.5193100000000008 	 0.0134933894375557 
	 8.5287050000000004 	 0.0134357267477103 
	 8.5381000000000000 	 0.0133781697552907 
	 8.5474949999999996 	 0.0133207229376752 
	 8.5568900000000010 	 0.0132633903488039 
	 8.5662850000000006 	 0.0132061726366395 
	 8.5756800000000002 	 0.0131490739701987 
	 8.5850749999999998 	 0.0130921017254190 
	 8.5944700000000012 	 0.0130352563162443 
	 8.6038650000000008 	 0.0129785364504947 
	 8.6132600000000004 	 0.0129219456987271 
	 8.6226550000000000 	 0.0128654879487325 
	 8.6320499999999996 	 0.0128091732088564 
	 8.6414450000000009 	 0.0127530026197997 
	 8.6508400000000005 	 0.0126969591766245 
	 8.6602350000000001 	 0.0126410689204126 
	 8.6696299999999997 	 0.0125853344388870 
	 8.6790249999999993 	 0.0125297492837853 
	 8.6884200000000007 	 0.0124743082996774 
	 8.6978150000000003 	 0.0124190197595491 
	 8.7072099999999999 	 0.0123639053317189 
	 8.7166049999999995 	 0.0123089375253497 
	 8.7259999999999991 	 0.0122541276421740 
	 8.7353950000000005 	 0.0121994827161994 
	 8.7447900000000001 	 0.0121450046809394 
	 8.7541850000000014 	 0.0120906963701027 
	 8.7635800000000010 	 0.0120365542708764 
	 8.7729750000000006 	 0.0119825824286606 
	 8.7823700000000002 	 0.0119287822631274 
	 8.7917649999999998 	 0.0118751613232186 
	 8.8011599999999994 	 0.0118217114745745 
	 8.8105549999999990 	 0.0117684293115802 
	 8.8199500000000022 	 0.0117153261844699 
	 8.8293450000000018 	 0.0116624039096684 
	 8.8387400000000014 	 0.0116096617650684 
	 8.8481349999999992 	 0.0115571002002032 
	 8.8575299999999988 	 0.0115047222214819 
	 8.8669249999999984 	 0.0114525273269098 
	 8.8763199999999998 	 0.0114005286811875 
	 8.8857149999999994 	 0.0113487064522508 
	 8.8951099999999990 	 0.0112970594361705 
	 8.9045050000000003 	 0.0112456060340917 
	 8.9138999999999999 	 0.0111943498263239 
	 8.9232949999999995 	 0.0111432837093225 
	 8.9326899999999991 	 0.0110923999260059 
	 8.9420850000000005 	 0.0110417030443515 
	 8.9514800000000001 	 0.0109911940999452 
	 8.9608749999999997 	 0.0109408855875828 
	 8.9702699999999993 	 0.0108907793296059 
	 8.9796649999999989 	 0.0108408437381560 
	 8.9890599999999985 	 0.0107911189215250 
	 8.9984549999999999 	 0.0107415743402404 
	 9.0078499999999995 	 0.0106922379251844 
	 9.0172449999999991 	 0.0106430877961463 
	 9.0266400000000004 	 0.0105941289262061 
	 9.0360350000000000 	 0.0105453689667899 
	 9.0454299999999996 	 0.0104968117019356 
	 9.0548249999999992 	 0.0104484498706291 
	 9.0642199999999988 	 0.0104002740763082 
	 9.0736149999999984 	 0.0103522896225403 
	 9.0830099999999980 	 0.0103045038467446 
	 9.0924050000000012 	 0.0102569258451616 
	 9.1018000000000008 	 0.0102095473970827 
	 9.1111950000000004 	 0.0101623523390922 
	 9.1205900000000000 	 0.0101153629561706 
	 9.1299849999999996 	 0.0100685702889459 
	 9.1393799999999992 	 0.0100219757933832 
	 9.1487749999999988 	 0.0099755826005032 
	 9.1581699999999984 	 0.0099293852803408 
	 9.1675649999999997 	 0.0098833841448752 
	 9.1769600000000011 	 0.0098375821176034 
	 9.1863550000000007 	 0.0097919771716924 
	 9.1957500000000003 	 0.0097465712253707 
	 9.2051449999999999 	 0.0097013672650209 
	 9.2145399999999995 	 0.0096563658186260 
	 9.2239349999999991 	 0.0096115675083319 
	 9.2333299999999987 	 0.0095669779781204 
	 9.2427250000000001 	 0.0095225906795034 
	 9.2521200000000015 	 0.0094784042981545 
	 9.2615150000000011 	 0.0094344461743059 
	 9.2709100000000007 	 0.0093906997191046 
	 9.2803050000000002 	 0.0093471663814441 
	 9.2896999999999998 	 0.0093038714712801 
	 9.2990949999999994 	 0.0092608277111307 
	 9.3084899999999990 	 0.0092180682950762 
	 9.3178849999999986 	 0.0091756341463581 
	 9.3272800000000000 	 0.0091335873320984 
	 9.3366749999999996 	 0.0090906384286415 
	 9.3460700000000010 	 0.0090468611440303 
	 9.3554650000000006 	 0.0090062315436279 
	 9.3648600000000002 	 0.0089589678185198 
	 9.3742549999999998 	 0.0089409940024045 
	 9.3836499999999994 	 0.0089403947349166 
	 9.3930450000000008 	 0.0088972701214356 
	 9.4024400000000004 	 0.0088462331095050 
	 9.4118350000000000 	 0.0088067185499933 
	 9.4212299999999995 	 0.0087657151448521 
	 9.4306249999999991 	 0.0087253373057819 
	 9.4400200000000005 	 0.0086851245829586 
	 9.4494150000000001 	 0.0086451575850197 
	 9.4588099999999997 	 0.0086054431599890 
	 9.4682049999999993 	 0.0085659571274692 
	 9.4776000000000007 	 0.0085267081651768 
	 9.4869950000000003 	 0.0084876723514437 
	 9.4963899999999999 	 0.0084488553713404 
	 9.5057849999999995 	 0.0084102470567214 
	 9.5151799999999991 	 0.0083718497796110 
	 9.5245749999999987 	 0.0083336500993868 
	 9.5339700000000001 	 0.0082956385999581 
	 9.5433650000000014 	 0.0082578221722349 
	 9.5527600000000010 	 0.0082201931563629 
	 9.5621550000000006 	 0.0081827552164111 
	 9.5715500000000002 	 0.0081454924831482 
	 9.5809449999999998 	 0.0081084093004627 
	 9.5903399999999994 	 0.0080715109553770 
	 9.5997349999999990 	 0.0080347969438563 
	 9.6091299999999986 	 0.0079982656930994 
	 9.6185250000000000 	 0.0079619158334429 
	 9.6279200000000014 	 0.0079257470694524 
	 9.6373150000000010 	 0.0078897610872601 
	 9.6467100000000006 	 0.0078539690598370 
	 9.6561050000000002 	 0.0078183576345894 
	 9.6654999999999998 	 0.0077829278853927 
	 9.6748949999999994 	 0.0077476835352063 
	 9.6842899999999990 	 0.0077126285141967 
	 9.6936850000000003 	 0.0076777686175937 
	 9.7030800000000017 	 0.0076430946368072 
	 9.7124750000000013 	 0.0076086061962226 
	 9.7218700000000009 	 0.0075743144135635 
	 9.7312650000000005 	 0.0075402106536066 
	 9.7406600000000001 	 0.0075062799462935 
	 9.7500549999999997 	 0.0074725480352968 
	 9.7594499999999993 	 0.0074390014447480 
	 9.7688449999999989 	 0.0074056588504396 
	 9.7782400000000003 	 0.0073724197410689 
	 9.7876350000000016 	 0.0073400315178002 
	 9.7970300000000012 	 0.0073079289587515 
	 9.8064250000000008 	 0.0072747929608987 
	 9.8158200000000004 	 0.0072402389760507 
	 9.8252150000000000 	 0.0072135487694932 
	 9.8346099999999996 	 0.0071583528028798 
	 9.8440050000000010 	 0.0070993966640795 
	 9.8534000000000006 	 0.0070732908505257 
	 9.8627950000000002 	 0.0070402446649880 
	 9.8721899999999998 	 0.0070092299335894 
	 9.8815850000000012 	 0.0069779126355832 
	 9.8909800000000008 	 0.0069468850750824 
	 9.9003750000000004 	 0.0069159938547800 
	 9.9097700000000000 	 0.0068852737281323 
	 9.9191649999999996 	 0.0068547341910580 
	 9.9285600000000009 	 0.0068243565423957 
	 9.9379550000000005 	 0.0067941345169049 
	 9.9473500000000001 	 0.0067640878826662 
	 9.9567449999999997 	 0.0067341969074651 
	 9.9661400000000011 	 0.0067044762549147 
	 9.9755350000000007 	 0.0066749119922475 
	 9.9849300000000003 	 0.0066455114183267 
	 9.9943250000000017 	 0.0066162761331926 
	 10.0037200000000013 	 0.0065871911343494 
	 10.0131150000000009 	 0.0065582699159156 
	 10.0225099999999987 	 0.0065295120911512 
	 10.0319049999999983 	 0.0065009130267600 
	 10.0412999999999979 	 0.0064724651868203 
	 10.0506950000000010 	 0.0064441780149988 
	 10.0600900000000006 	 0.0064160441840614 
	 10.0694850000000002 	 0.0063880619305716 
	 10.0788799999999998 	 0.0063602497403511 
	 10.0882749999999994 	 0.0063325797260731 
	 10.0976699999999990 	 0.0063050681808355 
	 10.1070649999999986 	 0.0062776984373323 
	 10.1164600000000000 	 0.0062504869953184 
	 10.1258549999999996 	 0.0062234324684202 
	 10.1352499999999992 	 0.0061965223617617 
	 10.1446450000000006 	 0.0061697605443561 
	 10.1540400000000002 	 0.0061431543972329 
	 10.1634349999999998 	 0.0061166931721290 
	 10.1728299999999994 	 0.0060903765944816 
	 10.1822249999999990 	 0.0060642163127778 
	 10.1916199999999986 	 0.0060381880850659 
	 10.2010149999999999 	 0.0060123061868056 
	 10.2104099999999995 	 0.0059865723519876 
	 10.2198049999999991 	 0.0059609855275191 
	 10.2291999999999987 	 0.0059355446603075 
	 10.2385950000000001 	 0.0059102486972603 
	 10.2479899999999997 	 0.0058850965852847 
	 10.2573849999999993 	 0.0058600872712882 
	 10.2667800000000007 	 0.0058352197021780 
	 10.2761750000000003 	 0.0058104928248616 
	 10.2855699999999999 	 0.0057859055862463 
	 10.2949649999999995 	 0.0057614569332395 
	 10.3043599999999991 	 0.0057371458219952 
	 10.3137550000000005 	 0.0057129714620214 
	 10.3231500000000000 	 0.0056889333410805 
	 10.3325449999999996 	 0.0056650309611751 
	 10.3419399999999992 	 0.0056412638243082 
	 10.3513350000000006 	 0.0056176314324824 
	 10.3607300000000002 	 0.0055941332877007 
	 10.3701249999999998 	 0.0055707688919657 
	 10.3795199999999994 	 0.0055475377472804 
	 10.3889149999999990 	 0.0055244393556474 
	 10.3983099999999986 	 0.0055014732190696 
	 10.4077050000000000 	 0.0054786388143373 
	 10.4171000000000014 	 0.0054559354434858 
	 10.4264950000000010 	 0.0054333623345383 
	 10.4358900000000006 	 0.0054109187152515 
	 10.4452850000000002 	 0.0053886038133823 
	 10.4546799999999998 	 0.0053664168566875 
	 10.4640749999999993 	 0.0053443570729241 
	 10.4734699999999989 	 0.0053224236898488 
	 10.4828649999999985 	 0.0053006159352187 
	 10.4922599999999981 	 0.0052789330367904 
	 10.5016550000000013 	 0.0052573742225527 
	 10.5110500000000009 	 0.0052359387885478 
	 10.5204450000000005 	 0.0052146261932055 
	 10.5298400000000001 	 0.0051934359186621 
	 10.5392349999999997 	 0.0051723674470537 
	 10.5486299999999993 	 0.0051514202605165 
	 10.5580249999999989 	 0.0051305938411867 
	 10.5674200000000003 	 0.0051098876712005 
	 10.5768149999999999 	 0.0050893012326941 
	 10.5862100000000012 	 0.0050688340078036 
	 10.5956050000000008 	 0.0050484854786652 
	 10.6050000000000004 	 0.0050282551243671 
	 10.6143949999999982 	 0.0050081423634534 
	 10.6237899999999996 	 0.0049881465588037 
	 10.6331849999999992 	 0.0049682670712272 
	 10.6425799999999988 	 0.0049485032615332 
	 10.6519749999999984 	 0.0049288544905311 
	 10.6613699999999998 	 0.0049093201190303 
	 10.6707649999999994 	 0.0048898995078400 
	 10.6801600000000008 	 0.0048705920177696 
	 10.6895550000000004 	 0.0048513970096283 
	 10.6989500000000000 	 0.0048323138442257 
	 10.7083449999999996 	 0.0048133418907465 
	 10.7177400000000009 	 0.0047944805653370 
	 10.7271349999999988 	 0.0047757293005003 
	 10.7365300000000001 	 0.0047570875287558 
	 10.7459249999999980 	 0.0047385546826234 
	 10.7553199999999993 	 0.0047201301946225 
	 10.7647149999999989 	 0.0047018134972728 
	 10.7741100000000003 	 0.0046836040230941 
	 10.7835049999999999 	 0.0046655012046058 
	 10.7928999999999995 	 0.0046475044743278 
	 10.8022949999999991 	 0.0046296132649697 
	 10.8116900000000005 	 0.0046118270336167 
	 10.8210849999999983 	 0.0045941452854446 
	 10.8304799999999997 	 0.0045765675312611 
	 10.8398749999999993 	 0.0045590932818734 
	 10.8492700000000006 	 0.0045417220480892 
	 10.8586650000000002 	 0.0045244533407160 
	 10.8680600000000016 	 0.0045072866705611 
	 10.8774549999999994 	 0.0044902215484320 
	 10.8868500000000008 	 0.0044732574851364 
	 10.8962449999999986 	 0.0044563939914816 
	 10.9056400000000000 	 0.0044396305735476 
	 10.9150349999999978 	 0.0044229666667674 
	 10.9244299999999992 	 0.0044064016522353 
	 10.9338249999999988 	 0.0043899349096505 
	 10.9432200000000002 	 0.0043735658187120 
	 10.9526149999999998 	 0.0043572937591191 
	 10.9620100000000011 	 0.0043411181105709 
	 10.9714049999999990 	 0.0043250382527666 
	 10.9808000000000003 	 0.0043090535654052 
	 10.9901949999999999 	 0.0042931634281860 
	 10.9995899999999995 	 0.0042773672208081 
	 11.0089849999999991 	 0.0042616643466664 
	 11.0183800000000005 	 0.0042460543172121 
	 11.0277750000000001 	 0.0042305366746809 
	 11.0371700000000015 	 0.0042151109613108 
	 11.0465649999999993 	 0.0041997767193397 
	 11.0559600000000007 	 0.0041845334910055 
	 11.0653549999999985 	 0.0041693808185461 
	 11.0747499999999999 	 0.0041543182441996 
	 11.0841449999999995 	 0.0041393453102039 
	 11.0935399999999991 	 0.0041244615587969 
	 11.1029349999999987 	 0.0041096665318292 
	 11.1123300000000000 	 0.0040949597439843 
	 11.1217249999999996 	 0.0040803406654077 
	 11.1311200000000010 	 0.0040658087621149 
	 11.1405150000000006 	 0.0040513635001217 
	 11.1499100000000002 	 0.0040370043454434 
	 11.1593049999999998 	 0.0040227307640958 
	 11.1687000000000012 	 0.0040085422220944 
	 11.1780949999999990 	 0.0039944381854548 
	 11.1874900000000004 	 0.0039804181201926 
	 11.1968849999999982 	 0.0039664814923234 
	 11.2062799999999996 	 0.0039526277690045 
	 11.2156749999999992 	 0.0039388564305813 
	 11.2250700000000005 	 0.0039251669658673 
	 11.2344650000000001 	 0.0039115588638155 
	 11.2438599999999997 	 0.0038980316133786 
	 11.2532549999999993 	 0.0038845847035097 
	 11.2626500000000007 	 0.0038712176231615 
	 11.2720449999999985 	 0.0038579298612869 
	 11.2814399999999999 	 0.0038447209068389 
	 11.2908350000000013 	 0.0038315902487703 
	 11.3002300000000009 	 0.0038185373760342 
	 11.3096250000000005 	 0.0038055617908503 
	 11.3190200000000019 	 0.0037926630447501 
	 11.3284149999999997 	 0.0037798407007195 
	 11.3378100000000011 	 0.0037670943217448 
	 11.3472049999999989 	 0.0037544234708118 
	 11.3566000000000003 	 0.0037418277109067 
	 11.3659949999999981 	 0.0037293066050156 
	 11.3753899999999994 	 0.0037168597161244 
	 11.3847850000000008 	 0.0037044866072193 
	 11.3941800000000004 	 0.0036921868412862 
	 11.4035750000000000 	 0.0036799599808029 
	 11.4129700000000014 	 0.0036678055660024 
	 11.4223649999999992 	 0.0036557231066989 
	 11.4317600000000006 	 0.0036437121105128 
	 11.4411550000000002 	 0.0036317720850647 
	 11.4505499999999998 	 0.0036199025379751 
	 11.4599449999999994 	 0.0036081029768645 
	 11.4693400000000025 	 0.0035963729093534 
	 11.4787350000000004 	 0.0035847118430624 
	 11.4881300000000017 	 0.0035731192856120 
	 11.4975249999999996 	 0.0035615947446227 
	 11.5069200000000009 	 0.0035501377322319 
	 11.5163149999999987 	 0.0035387478017035 
	 11.5257100000000001 	 0.0035274245282715 
	 11.5351049999999997 	 0.0035161674873766 
	 11.5444999999999993 	 0.0035049762544594 
	 11.5538950000000007 	 0.0034938504049603 
	 11.5632900000000021 	 0.0034827895143202 
	 11.5726849999999999 	 0.0034717931579794 
	 11.5820800000000013 	 0.0034608609113788 
	 11.5914750000000009 	 0.0034499923499588 
	 11.6008700000000005 	 0.0034391870491631 
	 11.6102650000000001 	 0.0034284445894040 
	 11.6196600000000014 	 0.0034177645661809 
	 11.6290549999999993 	 0.0034071465778464 
	 11.6384500000000006 	 0.0033965902227528 
	 11.6478450000000002 	 0.0033860950992527 
	 11.6572400000000016 	 0.0033756608056986 
	 11.6666349999999994 	 0.0033652869404429 
	 11.6760300000000008 	 0.0033549731018381 
	 11.6854250000000004 	 0.0033447188882367 
	 11.6948200000000000 	 0.0033345238979912 
	 11.7042149999999996 	 0.0033243877289261 
	 11.7136100000000010 	 0.0033143099632040 
	 11.7230049999999988 	 0.0033042901650788 
	 11.7324000000000002 	 0.0032943278978241 
	 11.7417950000000015 	 0.0032844227247139 
	 11.7511900000000011 	 0.0032745742090219 
	 11.7605850000000007 	 0.0032647819140218 
	 11.7699800000000021 	 0.0032550454029876 
	 11.7793749999999999 	 0.0032453642391929 
	 11.7887699999999978 	 0.0032357379859116 
	 11.7981649999999991 	 0.0032261662064176 
	 11.8075599999999987 	 0.0032166484711552 
	 11.8169549999999983 	 0.0032071844027761 
	 11.8263499999999997 	 0.0031977736470254 
	 11.8357450000000011 	 0.0031884158497509 
	 11.8451399999999989 	 0.0031791106568003 
	 11.8545350000000003 	 0.0031698577140214 
	 11.8639299999999999 	 0.0031606566672619 
	 11.8733249999999995 	 0.0031515071623696 
	 11.8827199999999991 	 0.0031424088451923 
	 11.8921150000000004 	 0.0031333613615777 
	 11.9015099999999983 	 0.0031243643573793 
	 11.9109049999999996 	 0.0031154174805888 
	 11.9202999999999992 	 0.0031065203845287 
	 11.9296950000000006 	 0.0030976727233385 
	 11.9390899999999984 	 0.0030888741511578 
	 11.9484849999999998 	 0.0030801243221259 
	 11.9578799999999994 	 0.0030714228903825 
	 11.9672749999999990 	 0.0030627695100669 
	 11.9766699999999986 	 0.0030541638353188 
	 11.9860650000000000 	 0.0030456055202777 
	 11.9954599999999978 	 0.0030370942190829 
	 12.0048550000000009 	 0.0030286295851575 
	 12.0142500000000005 	 0.0030202112566710 
	 12.0236450000000001 	 0.0030118388571924 
	 12.0330399999999997 	 0.0030035120097047 
	 12.0424350000000011 	 0.0029952303371908 
	 12.0518299999999989 	 0.0029869934626338 
	 12.0612250000000003 	 0.0029788010090168 
	 12.0706199999999981 	 0.0029706525993226 
	 12.0800149999999995 	 0.0029625478565344 
	 12.0894099999999991 	 0.0029544864036351 
	 12.0988050000000005 	 0.0029464678636077 
	 12.1082000000000001 	 0.0029384918717755 
	 12.1175949999999997 	 0.0029305581360137 
	 12.1269899999999993 	 0.0029226663906260 
	 12.1363850000000006 	 0.0029148163699540 
	 12.1457799999999985 	 0.0029070078083394 
	 12.1551749999999998 	 0.0028992404401239 
	 12.1645699999999994 	 0.0028915139996492 
	 12.1739649999999990 	 0.0028838282212569 
	 12.1833600000000004 	 0.0028761828392887 
	 12.1927550000000018 	 0.0028685775880864 
	 12.2021499999999996 	 0.0028610122018598 
	 12.2115450000000010 	 0.0028534863949374 
	 12.2209399999999988 	 0.0028459998407153 
	 12.2303350000000002 	 0.0028385522075458 
	 12.2397299999999980 	 0.0028311431637812 
	 12.2491249999999994 	 0.0028237723777739 
	 12.2585199999999990 	 0.0028164395178763 
	 12.2679150000000003 	 0.0028091442524408 
	 12.2773099999999999 	 0.0028018862498196 
	 12.2867050000000013 	 0.0027946651783651 
	 12.2960999999999991 	 0.0027874807064298 
	 12.3054950000000005 	 0.0027803325047999 
	 12.3148900000000001 	 0.0027732202829546 
	 12.3242849999999997 	 0.0027661437813660 
	 12.3336799999999993 	 0.0027591027413760 
	 12.3430750000000007 	 0.0027520969043269 
	 12.3524700000000003 	 0.0027451260115606 
	 12.3618650000000017 	 0.0027381898044194 
	 12.3712599999999995 	 0.0027312880242454 
	 12.3806550000000009 	 0.0027244204123806 
	 12.3900499999999987 	 0.0027175867101672 
	 12.3994450000000001 	 0.0027107866589473 
	 12.4088399999999996 	 0.0027040200025389 
	 12.4182349999999992 	 0.0026972864965879 
	 12.4276299999999988 	 0.0026905859002684 
	 12.4370250000000002 	 0.0026839179727550 
	 12.4464199999999998 	 0.0026772824732224 
	 12.4558150000000012 	 0.0026706791608452 
	 12.4652100000000008 	 0.0026641077947982 
	 12.4746050000000004 	 0.0026575681342558 
	 12.4840000000000000 	 0.0026510599383929 
	 12.4933950000000014 	 0.0026445829663840 
	 12.5027899999999992 	 0.0026381369773820 
	 12.5121850000000006 	 0.0026317217288074 
	 12.5215799999999984 	 0.0026253369751203 
	 12.5309750000000015 	 0.0026189824704910 
	 12.5403699999999994 	 0.0026126579690899 
	 12.5497650000000007 	 0.0026063632250873 
	 12.5591600000000003 	 0.0026000979926533 
	 12.5685549999999999 	 0.0025938620259585 
	 12.5779499999999995 	 0.0025876550791729 
	 12.5873450000000009 	 0.0025814769064671 
	 12.5967399999999987 	 0.0025753272620112 
	 12.6061350000000001 	 0.0025692059019314 
	 12.6155299999999997 	 0.0025631126062562 
	 12.6249250000000011 	 0.0025570471710069 
	 12.6343200000000007 	 0.0025510093924979 
	 12.6437150000000020 	 0.0025449990670442 
	 12.6531099999999999 	 0.0025390159909602 
	 12.6625050000000012 	 0.0025330599605607 
	 12.6718999999999991 	 0.0025271307721603 
	 12.6812950000000004 	 0.0025212282220737 
	 12.6906899999999982 	 0.0025153521066157 
	 12.7000849999999996 	 0.0025095022221007 
	 12.7094800000000010 	 0.0025036783648436 
	 12.7188750000000006 	 0.0024978803311590 
	 12.7282700000000002 	 0.0024921079173615 
	 12.7376650000000016 	 0.0024863609197658 
	 12.7470599999999994 	 0.0024806391346866 
	 12.7564550000000008 	 0.0024749423584386 
	 12.7658500000000004 	 0.0024692703873365 
	 12.7752450000000000 	 0.0024636230176948 
	 12.7846399999999996 	 0.0024580000458283 
	 12.7940350000000009 	 0.0024524012680516 
	 12.8034300000000005 	 0.0024468264811119 
	 12.8128250000000019 	 0.0024412755026329 
	 12.8222199999999997 	 0.0024357481799763 
	 12.8316150000000011 	 0.0024302443627784 
	 12.8410099999999989 	 0.0024247639006754 
	 12.8504050000000003 	 0.0024193066433033 
	 12.8597999999999999 	 0.0024138724402986 
	 12.8691949999999995 	 0.0024084611412973 
	 12.8785899999999991 	 0.0024030725959356 
	 12.8879850000000022 	 0.0023977066538499 
	 12.8973800000000001 	 0.0023923631646762 
	 12.9067750000000014 	 0.0023870419736998 
	 12.9161700000000010 	 0.0023817428844548 
	 12.9255650000000006 	 0.0023764656772136 
	 12.9349600000000002 	 0.0023712101319973 
	 12.9443550000000016 	 0.0023659760288268 
	 12.9537499999999994 	 0.0023607631477231 
	 12.9631449999999973 	 0.0023555712687070 
	 12.9725400000000004 	 0.0023504001717995 
	 12.9819350000000000 	 0.0023452496370216 
	 12.9913299999999996 	 0.0023401194443942 
	 13.0007249999999992 	 0.0023350093739494 
	 13.0101200000000006 	 0.0023299192360217 
	 13.0195149999999984 	 0.0023248489372354 
	 13.0289099999999998 	 0.0023197984032972 
	 13.0383049999999994 	 0.0023147675599136 
	 13.0476999999999990 	 0.0023097563327913 
	 13.0570950000000003 	 0.0023047646476369 
	 13.0664900000000017 	 0.0022997924301571 
	 13.0758849999999995 	 0.0022948396060584 
	 13.0852800000000009 	 0.0022899061010475 
	 13.0946749999999987 	 0.0022849918408311 
	 13.1040700000000001 	 0.0022800967492867 
	 13.1134649999999979 	 0.0022752206913767 
	 13.1228599999999993 	 0.0022703634619189 
	 13.1322549999999989 	 0.0022655248516348 
	 13.1416499999999985 	 0.0022607046512457 
	 13.1510449999999999 	 0.0022559026514730 
	 13.1604400000000012 	 0.0022511186430381 
	 13.1698349999999991 	 0.0022463524166623 
	 13.1792300000000004 	 0.0022416037630671 
	 13.1886250000000000 	 0.0022368724729738 
	 13.1980199999999996 	 0.0022321583371038 
	 13.2074149999999992 	 0.0022274611544296 
	 13.2168100000000006 	 0.0022227807870541 
	 13.2262049999999984 	 0.0022181171262390 
	 13.2356000000000016 	 0.0022134700634032 
	 13.2449949999999994 	 0.0022088394899657 
	 13.2543900000000008 	 0.0022042252973452 
	 13.2637849999999986 	 0.0021996273769607 
	 13.2731800000000000 	 0.0021950456202310 
	 13.2825749999999996 	 0.0021904799185751 
	 13.2919699999999992 	 0.0021859301634117 
	 13.3013649999999988 	 0.0021813962461553 
	 13.3107600000000001 	 0.0021768780559661 
	 13.3201549999999980 	 0.0021723754761317 
	 13.3295500000000011 	 0.0021678883889952 
	 13.3389450000000007 	 0.0021634166768995 
	 13.3483400000000003 	 0.0021589602221877 
	 13.3577349999999999 	 0.0021545189072029 
	 13.3671300000000013 	 0.0021500926142881 
	 13.3765249999999991 	 0.0021456812257863 
	 13.3859200000000005 	 0.0021412846240406 
	 13.3953149999999983 	 0.0021369026913940 
	 13.4047099999999997 	 0.0021325353105560 
	 13.4141049999999993 	 0.0021281823726116 
	 13.4235000000000007 	 0.0021238437769923 
	 13.4328950000000003 	 0.0021195194234901 
	 13.4422899999999998 	 0.0021152092118973 
	 13.4516849999999994 	 0.0021109130420060 
	 13.4610800000000008 	 0.0021066308136083 
	 13.4704749999999986 	 0.0021023624264963 
	 13.4798700000000000 	 0.0020981077804621 
	 13.4892649999999996 	 0.0020938667752979 
	 13.4986599999999992 	 0.0020896393107958 
	 13.5080550000000006 	 0.0020854252867479 
	 13.5174500000000020 	 0.0020812246029463 
	 13.5268449999999998 	 0.0020770371591833 
	 13.5362400000000012 	 0.0020728628552508 
	 13.5456349999999990 	 0.0020687015909411 
	 13.5550300000000004 	 0.0020645532660463 
	 13.5644249999999982 	 0.0020604177803584 
	 13.5738199999999996 	 0.0020562950336696 
	 13.5832149999999992 	 0.0020521849257721 
	 13.5926100000000005 	 0.0020480873564580 
	 13.6020050000000001 	 0.0020440022255127 
	 13.6114000000000015 	 0.0020399294315443 
	 13.6207949999999993 	 0.0020358688706297 
	 13.6301900000000007 	 0.0020318204385177 
	 13.6395850000000003 	 0.0020277840309573 
	 13.6489799999999999 	 0.0020237595436975 
	 13.6583749999999995 	 0.0020197468724873 
	 13.6677700000000009 	 0.0020157459130755 
	 13.6771649999999987 	 0.0020117565612112 
	 13.6865600000000018 	 0.0020077787126434 
	 13.6959549999999997 	 0.0020038122631209 
	 13.7053500000000010 	 0.0019998571098404 
	 13.7147449999999989 	 0.0019959131745159 
	 13.7241400000000002 	 0.0019919803993104 
	 13.7335349999999998 	 0.0019880587270127 
	 13.7429299999999994 	 0.0019841481004117 
	 13.7523249999999990 	 0.0019802484622961 
	 13.7617200000000004 	 0.0019763597554548 
	 13.7711150000000000 	 0.0019724819226765 
	 13.7805100000000014 	 0.0019686149067501 
	 13.7899050000000010 	 0.0019647586504643 
	 13.7993000000000006 	 0.0019609130966080 
	 13.8086950000000002 	 0.0019570781836610 
	 13.8180900000000015 	 0.0019532538285336 
	 13.8274849999999994 	 0.0019494399414017 
	 13.8368800000000007 	 0.0019456364324389 
	 13.8462749999999986 	 0.0019418432118187 
	 13.8556699999999999 	 0.0019380601897148 
	 13.8650649999999995 	 0.0019342872763006 
	 13.8744600000000009 	 0.0019305243817498 
	 13.8838550000000005 	 0.0019267714162359 
	 13.8932500000000001 	 0.0019230282899325 
	 13.9026449999999997 	 0.0019192949132494 
	 13.9120400000000011 	 0.0019155712179328 
	 13.9214349999999989 	 0.0019118571737488 
	 13.9308300000000003 	 0.0019081527543901 
	 13.9402249999999999 	 0.0019044579335490 
	 13.9496200000000012 	 0.0019007726849179 
	 13.9590150000000008 	 0.0018970969821894 
	 13.9684100000000022 	 0.0018934307990558 
	 13.9778050000000000 	 0.0018897741092097 
	 13.9872000000000014 	 0.0018861268863434 
	 13.9965949999999992 	 0.0018824891041495 
	 14.0059900000000006 	 0.0018788607340616 
	 14.0153849999999984 	 0.0018752417182764 
	 14.0247799999999998 	 0.0018716319786099 
	 14.0341750000000012 	 0.0018680314364632 
	 14.0435700000000008 	 0.0018644400132373 
	 14.0529650000000004 	 0.0018608576303333 
	 14.0623600000000017 	 0.0018572842091522 
	 14.0717549999999996 	 0.0018537196710951 
	 14.0811500000000009 	 0.0018501639375630 
	 14.0905450000000005 	 0.0018466169299570 
	 14.0999400000000001 	 0.0018430785696783 
	 14.1093349999999997 	 0.0018395487859166 
	 14.1187300000000011 	 0.0018360275396206 
	 14.1281250000000007 	 0.0018325147998319 
	 14.1375199999999985 	 0.0018290105355922 
	 14.1469149999999999 	 0.0018255147159430 
	 14.1563099999999995 	 0.0018220273099261 
	 14.1657049999999991 	 0.0018185482865832 
	 14.1750999999999987 	 0.0018150776149558 
	 14.1844950000000001 	 0.0018116152640856 
	 14.1938899999999979 	 0.0018081612030143 
	 14.2032849999999993 	 0.0018047154007835 
	 14.2126800000000006 	 0.0018012778264350 
	 14.2220750000000002 	 0.0017978484490103 
	 14.2314699999999998 	 0.0017944272375511 
	 14.2408650000000012 	 0.0017910141610991 
	 14.2502599999999990 	 0.0017876091886959 
	 14.2596550000000004 	 0.0017842122893832 
	 14.2690499999999982 	 0.0017808234322026 
	 14.2784449999999996 	 0.0017774425861959 
	 14.2878399999999974 	 0.0017740697204046 
	 14.2972350000000006 	 0.0017707048038703 
	 14.3066300000000002 	 0.0017673478039562 
	 14.3160249999999998 	 0.0017639986710361 
	 14.3254199999999994 	 0.0017606573456140 
	 14.3348150000000008 	 0.0017573237680723 
	 14.3442099999999986 	 0.0017539978787933 
	 14.3536049999999999 	 0.0017506796181595 
	 14.3629999999999995 	 0.0017473689265531 
	 14.3723949999999991 	 0.0017440657443565 
	 14.3817899999999987 	 0.0017407700119520 
	 14.3911850000000019 	 0.0017374816697221 
	 14.4005799999999997 	 0.0017342006580519 
	 14.4099750000000011 	 0.0017309269320343 
	 14.4193699999999989 	 0.0017276604956818 
	 14.4287650000000003 	 0.0017244013631649 
	 14.4381599999999981 	 0.0017211495486543 
	 14.4475549999999995 	 0.0017179050663204 
	 14.4569499999999991 	 0.0017146679303339 
	 14.4663449999999987 	 0.0017114381548654 
	 14.4757400000000001 	 0.0017082157540853 
	 14.4851350000000014 	 0.0017050007421643 
	 14.4945299999999992 	 0.0017017931332730 
	 14.5039250000000006 	 0.0016985929410009 
	 14.5133200000000002 	 0.0016954001585557 
	 14.5227149999999998 	 0.0016922147538763 
	 14.5321099999999994 	 0.0016890366933290 
	 14.5415050000000008 	 0.0016858659432802 
	 14.5508999999999986 	 0.0016827024700963 
	 14.5602950000000000 	 0.0016795462401438 
	 14.5696899999999996 	 0.0016763972197889 
	 14.5790850000000010 	 0.0016732553753980 
	 14.5884799999999988 	 0.0016701206733377 
	 14.5978750000000002 	 0.0016669930799741 
	 14.6072699999999998 	 0.0016638725616738 
	 14.6166649999999994 	 0.0016607590848031 
	 14.6260599999999990 	 0.0016576526157283 
	 14.6354550000000003 	 0.0016545531208160 
	 14.6448499999999981 	 0.0016514605664324 
	 14.6542450000000013 	 0.0016483749189440 
	 14.6636400000000009 	 0.0016452961447170 
	 14.6730350000000005 	 0.0016422242101180 
	 14.6824300000000001 	 0.0016391590815133 
	 14.6918250000000015 	 0.0016361007252693 
	 14.7012199999999993 	 0.0016330491077569 
	 14.7106150000000007 	 0.0016300041983304 
	 14.7200099999999985 	 0.0016269659744709 
	 14.7294049999999999 	 0.0016239344150306 
	 14.7387999999999995 	 0.0016209094988619 
	 14.7481950000000008 	 0.0016178912048169 
	 14.7575900000000004 	 0.0016148795117478 
	 14.7669850000000000 	 0.0016118743985070 
	 14.7763799999999996 	 0.0016088758439465 
	 14.7857750000000010 	 0.0016058838269187 
	 14.7951699999999988 	 0.0016028983262758 
	 14.8045650000000002 	 0.0015999193213800 
	 14.8139599999999998 	 0.0015969468041387 
	 14.8233549999999994 	 0.0015939807794750 
	 14.8327500000000008 	 0.0015910212529159 
	 14.8421450000000021 	 0.0015880682299883 
	 14.8515400000000000 	 0.0015851217162193 
	 14.8609350000000013 	 0.0015821817171358 
	 14.8703299999999992 	 0.0015792482382650 
	 14.8797250000000005 	 0.0015763212851338 
	 14.8891199999999984 	 0.0015734008632693 
	 14.8985149999999997 	 0.0015704869781984 
	 14.9079099999999993 	 0.0015675796332213 
	 14.9173049999999989 	 0.0015646788172289 
	 14.9267000000000003 	 0.0015617845133759 
	 14.9360950000000017 	 0.0015588967048026 
	 14.9454899999999995 	 0.0015560153746491 
	 14.9548850000000009 	 0.0015531405060554 
	 14.9642800000000005 	 0.0015502720821619 
	 14.9736750000000001 	 0.0015474100861085 
	 14.9830699999999997 	 0.0015445545010354 
	 14.9924650000000010 	 0.0015417053100829 
	 15.0018600000000006 	 0.0015388624963910 
	 15.0112550000000020 	 0.0015360260430999 
	 15.0206499999999998 	 0.0015331959333496 
	 15.0300450000000012 	 0.0015303721502805 
	 15.0394399999999990 	 0.0015275546770325 
	 15.0488350000000004 	 0.0015247434967459 
	 15.0582300000000000 	 0.0015219385925608 
	 15.0676249999999996 	 0.0015191399476173 
	 15.0770199999999992 	 0.0015163475450556 
	 15.0864150000000006 	 0.0015135613680159 
	 15.0958100000000002 	 0.0015107813996381 
	 15.1052050000000015 	 0.0015080076230626 
	 15.1146000000000011 	 0.0015052400214295 
	 15.1239950000000007 	 0.0015024785778788 
	 15.1333900000000003 	 0.0014997232755508 
	 15.1427850000000017 	 0.0014969740975855 
	 15.1521799999999995 	 0.0014942310271232 
	 15.1615750000000009 	 0.0014914940473039 
	 15.1709699999999987 	 0.0014887631412679 
	 15.1803650000000001 	 0.0014860382921552 
	 15.1897599999999997 	 0.0014833194831060 
	 15.1991550000000011 	 0.0014806066972604 
	 15.2085500000000007 	 0.0014778999198033 
	 15.2179450000000003 	 0.0014751991466451 
	 15.2273399999999999 	 0.0014725043772007 
	 15.2367350000000012 	 0.0014698156108874 
	 15.2461299999999991 	 0.0014671328471221 
	 15.2555250000000004 	 0.0014644560853219 
	 15.2649200000000000 	 0.0014617853249039 
	 15.2743150000000014 	 0.0014591205652851 
	 15.2837100000000010 	 0.0014564618058825 
	 15.2931050000000024 	 0.0014538090461132 
	 15.3025000000000002 	 0.0014511622853644 
	 15.3118949999999980 	 0.0014485215199121 
	 15.3212899999999994 	 0.0014458867402511 
	 15.3306849999999990 	 0.0014432579362472 
	 15.3400799999999986 	 0.0014406350977659 
	 15.3494749999999982 	 0.0014380182146727 
	 15.3588699999999996 	 0.0014354072768333 
	 15.3682649999999992 	 0.0014328022741133 
	 15.3776600000000006 	 0.0014302031963783 
	 15.3870550000000001 	 0.0014276100334938 
	 15.3964499999999997 	 0.0014250227753254 
	 15.4058449999999993 	 0.0014224414117389 
	 15.4152400000000007 	 0.0014198659325996 
	 15.4246349999999985 	 0.0014172963277733 
	 15.4340299999999999 	 0.0014147325871255 
	 15.4434249999999977 	 0.0014121747005219 
	 15.4528200000000009 	 0.0014096226578280 
	 15.4622149999999987 	 0.0014070764489094 
	 15.4716100000000001 	 0.0014045360636317 
	 15.4810049999999997 	 0.0014020014918605 
	 15.4903999999999993 	 0.0013994727234615 
	 15.4997949999999989 	 0.0013969497483001 
	 15.5091900000000003 	 0.0013944325562420 
	 15.5185849999999981 	 0.0013919211371528 
	 15.5279799999999994 	 0.0013894154808981 
	 15.5373750000000008 	 0.0013869155773434 
	 15.5467700000000004 	 0.0013844214163545 
	 15.5561650000000000 	 0.0013819329877968 
	 15.5655600000000014 	 0.0013794502815359 
	 15.5749549999999992 	 0.0013769732874375 
	 15.5843500000000006 	 0.0013745019953672 
	 15.5937449999999984 	 0.0013720363951905 
	 15.6031399999999998 	 0.0013695764767674 
	 15.6125349999999976 	 0.0013671222296202 
	 15.6219299999999990 	 0.0013646736427492 
	 15.6313250000000004 	 0.0013622307051101 
	 15.6407200000000000 	 0.0013597934056583 
	 15.6501149999999996 	 0.0013573617333494 
	 15.6595100000000009 	 0.0013549356771391 
	 15.6689049999999988 	 0.0013525152259827 
	 15.6783000000000001 	 0.0013501003688360 
	 15.6876949999999997 	 0.0013476910946545 
	 15.6970899999999993 	 0.0013452873923936 
	 15.7064849999999989 	 0.0013428892508384 
	 15.7158800000000021 	 0.0013404966569509 
	 15.7252749999999999 	 0.0013381095965890 
	 15.7346700000000013 	 0.0013357280555954 
	 15.7440649999999991 	 0.0013333520198125 
	 15.7534600000000005 	 0.0013309814750830 
	 15.7628549999999983 	 0.0013286164072495 
	 15.7722499999999997 	 0.0013262568021545 
	 15.7816449999999993 	 0.0013239026456405 
	 15.7910399999999989 	 0.0013215539235502 
	 15.8004350000000002 	 0.0013192106217265 
	 15.8098300000000016 	 0.0013168727302347 
	 15.8192249999999994 	 0.0013145402538435 
	 15.8286200000000008 	 0.0013122132005205 
	 15.8380150000000004 	 0.0013098915782332 
	 15.8474100000000000 	 0.0013075753949490 
	 15.8568049999999996 	 0.0013052646586353 
	 15.8662000000000010 	 0.0013029593772598 
	 15.8755949999999988 	 0.0013006595587898 
	 15.8849900000000002 	 0.0012983652111929 
	 15.8943849999999998 	 0.0012960763424364 
	 15.9037800000000011 	 0.0012937929601552 
	 15.9131749999999990 	 0.0012915150592248 
	 15.9225700000000003 	 0.0012892426180477 
	 15.9319649999999999 	 0.0012869756139361 
	 15.9413599999999995 	 0.0012847140242018 
	 15.9507549999999991 	 0.0012824578261569 
	 15.9601500000000005 	 0.0012802069971132 
	 15.9695449999999983 	 0.0012779615143828 
	 15.9789400000000015 	 0.0012757213552776 
	 15.9883350000000011 	 0.0012734864971095 
	 15.9977300000000007 	 0.0012712569171906 
	 16.0071249999999985 	 0.0012690325929045 
	 16.0165199999999999 	 0.0012668135022415 
	 16.0259150000000012 	 0.0012645996234974 
	 16.0353100000000026 	 0.0012623909349702 
	 16.0447050000000004 	 0.0012601874149578 
	 16.0541000000000018 	 0.0012579890417583 
	 16.0634949999999996 	 0.0012557957936696 
	 16.0728900000000010 	 0.0012536076489898 
	 16.0822849999999988 	 0.0012514245860168 
	 16.0916800000000002 	 0.0012492465830488 
	 16.1010749999999980 	 0.0012470736183902 
	 16.1104699999999994 	 0.0012449056764809 
	 16.1198650000000008 	 0.0012427427592381 
	 16.1292600000000022 	 0.0012405848716713 
	 16.1386550000000000 	 0.0012384320187898 
	 16.1480500000000013 	 0.0012362842056030 
	 16.1574449999999992 	 0.0012341414371202 
	 16.1668400000000005 	 0.0012320037183509 
	 16.1762349999999984 	 0.0012298710543043 
	 16.1856299999999997 	 0.0012277434499898 
	 16.1950249999999976 	 0.0012256209104168 
	 16.2044200000000025 	 0.0012235034402775 
	 16.2138150000000003 	 0.0012213910358502 
	 16.2232100000000017 	 0.0012192836843249 
	 16.2326049999999995 	 0.0012171813724396 
	 16.2420000000000009 	 0.0012150840869321 
	 16.2513949999999987 	 0.0012129918145403 
	 16.2607900000000001 	 0.0012109045420022 
	 16.2701850000000015 	 0.0012088222560556 
	 16.2795799999999993 	 0.0012067449434385 
	 16.2889750000000006 	 0.0012046725908888 
	 16.2983700000000020 	 0.0012026051851442 
	 16.3077649999999998 	 0.0012005427126247 
	 16.3171600000000012 	 0.0011984851575888 
	 16.3265549999999990 	 0.0011964325033963 
	 16.3359500000000004 	 0.0011943847334040 
	 16.3453449999999982 	 0.0011923418309686 
	 16.3547399999999996 	 0.0011903037794472 
	 16.3641349999999974 	 0.0011882705621963 
	 16.3735299999999988 	 0.0011862421625729 
	 16.3829250000000002 	 0.0011842185639338 
	 16.3923200000000016 	 0.0011821997496358 
	 16.4017150000000029 	 0.0011801857030527 
	 16.4111100000000008 	 0.0011781764121395 
	 16.4205050000000021 	 0.0011761718755864 
	 16.4299000000000035 	 0.0011741720936192 
	 16.4392950000000013 	 0.0011721770664639 
	 16.4486900000000027 	 0.0011701867943465 
	 16.4580850000000005 	 0.0011682012774929 
	 16.4674800000000019 	 0.0011662205161291 
	 16.4768749999999997 	 0.0011642445104810 
	 16.4862699999999975 	 0.0011622732607745 
	 16.4956649999999989 	 0.0011603067672357 
	 16.5050599999999967 	 0.0011583450296760 
	 16.5144549999999981 	 0.0011563880399016 
	 16.5238499999999959 	 0.0011544357824808 
	 16.5332449999999973 	 0.0011524882417208 
	 16.5426399999999987 	 0.0011505454019292 
	 16.5520349999999965 	 0.0011486072474134 
	 16.5614300000000014 	 0.0011466737624808 
	 16.5708250000000028 	 0.0011447449314389 
	 16.5802200000000006 	 0.0011428207385950 
	 16.5896150000000020 	 0.0011409011682566 
	 16.5990099999999998 	 0.0011389862047312 
	 16.6084050000000012 	 0.0011370758323261 
	 16.6177999999999990 	 0.0011351700353489 
	 16.6271950000000004 	 0.0011332687981068 
	 16.6365899999999982 	 0.0011313721049075 
	 16.6459849999999996 	 0.0011294799400582 
	 16.6553799999999974 	 0.0011275922878665 
	 16.6647749999999988 	 0.0011257091326397 
	 16.6741700000000002 	 0.0011238304586854 
	 16.6835649999999980 	 0.0011219562503108 
	 16.6929599999999994 	 0.0011200864918235 
	 16.7023550000000007 	 0.0011182211675310 
	 16.7117499999999986 	 0.0011163602617405 
	 16.7211449999999999 	 0.0011145037587596 
	 16.7305400000000013 	 0.0011126516428957 
	 16.7399350000000027 	 0.0011108038984562 
	 16.7493300000000005 	 0.0011089605097485 
	 16.7587250000000019 	 0.0011071214610802 
	 16.7681199999999997 	 0.0011052867367585 
	 16.7775150000000011 	 0.0011034563210910 
	 16.7869099999999989 	 0.0011016301983851 
	 16.7963050000000003 	 0.0010998083529482 
	 16.8056999999999981 	 0.0010979907696827 
	 16.8150949999999995 	 0.0010961774421612 
	 16.8244899999999973 	 0.0010943683705136 
	 16.8338849999999987 	 0.0010925635550321 
	 16.8432800000000000 	 0.0010907629960088 
	 16.8526749999999979 	 0.0010889666937358 
	 16.8620699999999992 	 0.0010871746485053 
	 16.8714650000000006 	 0.0010853868606092 
	 16.8808599999999984 	 0.0010836033303398 
	 16.8902549999999998 	 0.0010818240579892 
	 16.8996499999999976 	 0.0010800490438494 
	 16.9090450000000025 	 0.0010782782849096 
	 16.9184400000000004 	 0.0010765117633834 
	 16.9278350000000017 	 0.0010747494573547 
	 16.9372299999999996 	 0.0010729913449069 
	 16.9466250000000009 	 0.0010712374041236 
	 16.9560199999999988 	 0.0010694876130883 
	 16.9654150000000001 	 0.0010677419498845 
	 16.9748100000000015 	 0.0010660003925959 
	 16.9842049999999993 	 0.0010642629193059 
	 16.9936000000000007 	 0.0010625295080982 
	 17.0029950000000021 	 0.0010608001372701 
	 17.0123899999999999 	 0.0010590747994136 
	 17.0217850000000013 	 0.0010573535101567 
	 17.0311799999999991 	 0.0010556362872152 
	 17.0405750000000005 	 0.0010539231483051 
	 17.0499699999999983 	 0.0010522141111423 
	 17.0593649999999997 	 0.0010505091934428 
	 17.0687599999999975 	 0.0010488084129225 
	 17.0781549999999989 	 0.0010471117872973 
	 17.0875500000000002 	 0.0010454193342833 
	 17.0969450000000016 	 0.0010437310715963 
	 17.1063399999999994 	 0.0010420470130283 
	 17.1157350000000008 	 0.0010403671280787 
	 17.1251299999999986 	 0.0010386913582882 
	 17.1345250000000000 	 0.0010370196447582 
	 17.1439200000000014 	 0.0010353519285905 
	 17.1533149999999992 	 0.0010336881508866 
	 17.1627100000000006 	 0.0010320282527479 
	 17.1721050000000020 	 0.0010303721752762 
	 17.1814999999999998 	 0.0010287198595729 
	 17.1908950000000011 	 0.0010270712467396 
	 17.2002899999999990 	 0.0010254262778784 
	 17.2096850000000003 	 0.0010237849082860 
	 17.2190799999999982 	 0.0010221471450223 
	 17.2284749999999995 	 0.0010205130069430 
	 17.2378699999999974 	 0.0010188825129036 
	 17.2472649999999987 	 0.0010172556817597 
	 17.2566599999999966 	 0.0010156325323667 
	 17.2660550000000015 	 0.0010140130835803 
	 17.2754500000000029 	 0.0010123973542560 
	 17.2848450000000007 	 0.0010107853632493 
	 17.2942400000000021 	 0.0010091771294158 
	 17.3036350000000034 	 0.0010075726715098 
	 17.3130300000000013 	 0.0010059720040215 
	 17.3224250000000026 	 0.0010043751357085 
	 17.3318200000000004 	 0.0010027820749246 
	 17.3412150000000018 	 0.0010011928300239 
	 17.3506099999999996 	 0.0009996074093603 
	 17.3600050000000010 	 0.0009980258212880 
	 17.3693999999999988 	 0.0009964480741609 
	 17.3787950000000002 	 0.0009948741763329 
	 17.3881899999999980 	 0.0009933041361581 
	 17.3975849999999994 	 0.0009917379619906 
	 17.4069799999999972 	 0.0009901756573604 
	 17.4163749999999986 	 0.0009886171828109 
	 17.4257699999999964 	 0.0009870624763190 
	 17.4351649999999978 	 0.0009855114756622 
	 17.4445600000000027 	 0.0009839641186178 
	 17.4539550000000006 	 0.0009824203429630 
	 17.4633500000000019 	 0.0009808800864752 
	 17.4727450000000033 	 0.0009793432869318 
	 17.4821400000000011 	 0.0009778098821101 
	 17.4915350000000025 	 0.0009762798097873 
	 17.5009300000000003 	 0.0009747530077577 
	 17.5103250000000017 	 0.0009732294366971 
	 17.5197199999999995 	 0.0009717091254734 
	 17.5291150000000009 	 0.0009701921156011 
	 17.5385099999999987 	 0.0009686784485947 
	 17.5479050000000001 	 0.0009671681659685 
	 17.5572999999999979 	 0.0009656613092370 
	 17.5666949999999993 	 0.0009641579199148 
	 17.5760900000000007 	 0.0009626580395161 
	 17.5854849999999985 	 0.0009611617095556 
	 17.5948799999999999 	 0.0009596689715476 
	 17.6042750000000012 	 0.0009581798658961 
	 17.6136700000000026 	 0.0009566944011410 
	 17.6230650000000040 	 0.0009552125499890 
	 17.6324600000000018 	 0.0009537342832393 
	 17.6418550000000032 	 0.0009522595716911 
	 17.6512500000000010 	 0.0009507883861435 
	 17.6606449999999988 	 0.0009493206973958 
	 17.6700400000000002 	 0.0009478564762472 
	 17.6794349999999980 	 0.0009463956934967 
	 17.6888299999999994 	 0.0009449383199437 
	 17.6982249999999972 	 0.0009434843263873 
	 17.7076199999999986 	 0.0009420336836266 
	 17.7170150000000000 	 0.0009405863624609 
	 17.7264099999999978 	 0.0009391423336894 
	 17.7358049999999992 	 0.0009377015681112 
	 17.7452000000000005 	 0.0009362640365255 
	 17.7545949999999984 	 0.0009348297097316 
	 17.7639899999999997 	 0.0009333985585285 
	 17.7733849999999975 	 0.0009319705537155 
	 17.7827799999999989 	 0.0009305456660919 
	 17.7921750000000003 	 0.0009291238664566 
	 17.8015700000000017 	 0.0009277051256524 
	 17.8109649999999995 	 0.0009262894291317 
	 17.8203600000000009 	 0.0009248767981153 
	 17.8297549999999987 	 0.0009234672591969 
	 17.8391500000000001 	 0.0009220608389702 
	 17.8485450000000014 	 0.0009206575640289 
	 17.8579399999999993 	 0.0009192574609666 
	 17.8673350000000006 	 0.0009178605563770 
	 17.8767300000000020 	 0.0009164668768537 
	 17.8861249999999998 	 0.0009150764489905 
	 17.8955200000000012 	 0.0009136892993811 
	 17.9049149999999990 	 0.0009123054528552 
	 17.9143100000000004 	 0.0009109248977658 
	 17.9237049999999982 	 0.0009095475881272 
	 17.9330999999999996 	 0.0009081734766178 
	 17.9424949999999974 	 0.0009068025159161 
	 17.9518899999999988 	 0.0009054346587006 
	 17.9612849999999966 	 0.0009040698576497 
	 17.9706800000000015 	 0.0009027080654419 
	 17.9800749999999994 	 0.0009013492347557 
	 17.9894700000000007 	 0.0008999933182696 
	 17.9988649999999986 	 0.0008986402686619 
	 18.0082599999999999 	 0.0008972900483097 
	 18.0176550000000013 	 0.0008959426754988 
	 18.0270499999999991 	 0.0008945981885078 
	 18.0364450000000005 	 0.0008932566256402 
	 18.0458400000000019 	 0.0008919180251994 
	 18.0552349999999997 	 0.0008905824254892 
	 18.0646300000000011 	 0.0008892498648129 
	 18.0740249999999989 	 0.0008879203814742 
	 18.0834200000000003 	 0.0008865940137767 
	 18.0928149999999981 	 0.0008852708000237 
	 18.1022099999999995 	 0.0008839507783142 
	 18.1116049999999973 	 0.0008826339579006 
	 18.1209999999999987 	 0.0008813202896862 
	 18.1303949999999965 	 0.0008800097175339 
	 18.1397899999999979 	 0.0008787021853067 
	 18.1491850000000028 	 0.0008773976368673 
	 18.1585800000000006 	 0.0008760960160787 
	 18.1679750000000020 	 0.0008747972668038 
	 18.1773700000000034 	 0.0008735013329054 
	 18.1867650000000012 	 0.0008722081582465 
	 18.1961600000000026 	 0.0008709176866899 
	 18.2055550000000004 	 0.0008696298649637 
	 18.2149500000000018 	 0.0008683446841846 
	 18.2243449999999996 	 0.0008670621704335 
	 18.2337400000000009 	 0.0008657823507374 
	 18.2431349999999988 	 0.0008645052521234 
	 18.2525300000000001 	 0.0008632309016186 
	 18.2619249999999980 	 0.0008619593262502 
	 18.2713199999999993 	 0.0008606905530453 
	 18.2807149999999972 	 0.0008594246090310 
	 18.2901099999999985 	 0.0008581615212344 
	 18.2995049999999964 	 0.0008569013166827 
	 18.3088999999999977 	 0.0008556440155097 
	 18.3182949999999991 	 0.0008543896055471 
	 18.3276900000000005 	 0.0008531380651722 
	 18.3370850000000019 	 0.0008518893727613 
	 18.3464800000000032 	 0.0008506435066905 
	 18.3558750000000011 	 0.0008494004453363 
	 18.3652700000000024 	 0.0008481601670747 
	 18.3746650000000002 	 0.0008469226502821 
	 18.3840600000000016 	 0.0008456878733346 
	 18.3934549999999994 	 0.0008444558146085 
	 18.4028500000000008 	 0.0008432264524801 
	 18.4122449999999986 	 0.0008419997653256 
	 18.4216400000000000 	 0.0008407757315212 
	 18.4310349999999978 	 0.0008395543294432 
	 18.4404299999999992 	 0.0008383355374678 
	 18.4498250000000006 	 0.0008371193339712 
	 18.4592199999999984 	 0.0008359056973297 
	 18.4686149999999998 	 0.0008346946059195 
	 18.4780100000000012 	 0.0008334860381169 
	 18.4874049999999990 	 0.0008322799722981 
	 18.4968000000000004 	 0.0008310763868394 
	 18.5061950000000017 	 0.0008298752625833 
	 18.5155900000000031 	 0.0008286766098153 
	 18.5249850000000009 	 0.0008274804581880 
	 18.5343800000000023 	 0.0008262868376943 
	 18.5437750000000001 	 0.0008250957783266 
	 18.5531700000000015 	 0.0008239073100779 
	 18.5625649999999993 	 0.0008227214629408 
	 18.5719600000000007 	 0.0008215382669079 
	 18.5813549999999985 	 0.0008203577519721 
	 18.5907499999999999 	 0.0008191799481259 
	 18.6001449999999977 	 0.0008180048853621 
	 18.6095399999999991 	 0.0008168325816105 
	 18.6189350000000005 	 0.0008156630087324 
	 18.6283299999999983 	 0.0008144961275933 
	 18.6377249999999997 	 0.0008133318990585 
	 18.6471200000000010 	 0.0008121702839933 
	 18.6565149999999988 	 0.0008110112432630 
	 18.6659100000000002 	 0.0008098547377331 
	 18.6753050000000016 	 0.0008087007282689 
	 18.6847000000000030 	 0.0008075491757358 
	 18.6940950000000008 	 0.0008064000409990 
	 18.7034900000000022 	 0.0008052532852768 
	 18.7128850000000000 	 0.0008041088861292 
	 18.7222800000000014 	 0.0008029668440045 
	 18.7316749999999992 	 0.0008018271610597 
	 18.7410700000000006 	 0.0008006898394516 
	 18.7504650000000019 	 0.0007995548813374 
	 18.7598599999999998 	 0.0007984222888740 
	 18.7692550000000011 	 0.0007972920642183 
	 18.7786500000000025 	 0.0007961642095273 
	 18.7880450000000003 	 0.0007950387269581 
	 18.7974400000000017 	 0.0007939156186676 
	 18.8068349999999995 	 0.0007927948861937 
	 18.8162300000000009 	 0.0007916765252632 
	 18.8256249999999987 	 0.0007905605284206 
	 18.8350199999999965 	 0.0007894468881780 
	 18.8444149999999979 	 0.0007883355970474 
	 18.8538099999999993 	 0.0007872266475410 
	 18.8632050000000007 	 0.0007861200321707 
	 18.8725999999999985 	 0.0007850157434486 
	 18.8819949999999999 	 0.0007839137738868 
	 18.8913900000000012 	 0.0007828141159975 
	 18.9007849999999991 	 0.0007817167622925 
	 18.9101800000000004 	 0.0007806217052841 
	 18.9195750000000018 	 0.0007795289374842 
	 18.9289699999999996 	 0.0007784384514050 
	 18.9383650000000010 	 0.0007773502395585 
	 18.9477599999999988 	 0.0007762642944568 
	 18.9571550000000002 	 0.0007751806086119 
	 18.9665499999999980 	 0.0007740991745359 
	 18.9759449999999994 	 0.0007730199847409 
	 18.9853399999999972 	 0.0007719430317389 
	 18.9947349999999986 	 0.0007708683080420 
	 19.0041299999999964 	 0.0007697958062413 
	 19.0135249999999978 	 0.0007687255213849 
	 19.0229199999999992 	 0.0007676574513985 
	 19.0323150000000005 	 0.0007665915943709 
	 19.0417100000000019 	 0.0007655279483912 
	 19.0511050000000033 	 0.0007644665115485 
	 19.0605000000000011 	 0.0007634072819316 
	 19.0698950000000025 	 0.0007623502576298 
	 19.0792900000000003 	 0.0007612954367318 
	 19.0886850000000017 	 0.0007602428173269 
	 19.0980799999999995 	 0.0007591923975040 
	 19.1074750000000009 	 0.0007581441757955 
	 19.1168699999999987 	 0.0007570981540570 
	 19.1262650000000001 	 0.0007560543356521 
	 19.1356599999999979 	 0.0007550127239516 
	 19.1450549999999993 	 0.0007539733223266 
	 19.1544499999999971 	 0.0007529361341480 
	 19.1638449999999985 	 0.0007519011627867 
	 19.1732399999999963 	 0.0007508684116138 
	 19.1826349999999977 	 0.0007498378840002 
	 19.1920299999999990 	 0.0007488095833169 
	 19.2014249999999969 	 0.0007477835129233 
	 19.2108200000000018 	 0.0007467596711537 
	 19.2202150000000032 	 0.0007457380434867 
	 19.2296100000000010 	 0.0007447186133736 
	 19.2390050000000024 	 0.0007437013642661 
	 19.2484000000000002 	 0.0007426862796158 
	 19.2577950000000016 	 0.0007416733428742 
	 19.2671899999999994 	 0.0007406625374929 
	 19.2765850000000007 	 0.0007396538469234 
	 19.2859799999999986 	 0.0007386472546173 
	 19.2953749999999999 	 0.0007376427440262 
	 19.3047699999999978 	 0.0007366402983794 
	 19.3141649999999991 	 0.0007356398959750 
	 19.3235600000000005 	 0.0007346415102785 
	 19.3329549999999983 	 0.0007336451145526 
	 19.3423499999999997 	 0.0007326506820602 
	 19.3517450000000011 	 0.0007316581860639 
	 19.3611399999999989 	 0.0007306675998266 
	 19.3705350000000003 	 0.0007296788966110 
	 19.3799300000000017 	 0.0007286920496800 
	 19.3893250000000030 	 0.0007277070322963 
	 19.3987200000000009 	 0.0007267238177227 
	 19.4081150000000022 	 0.0007257423884106 
	 19.4175100000000000 	 0.0007247627823667 
	 19.4269050000000014 	 0.0007237850583700 
	 19.4362999999999992 	 0.0007228092752356 
	 19.4456950000000006 	 0.0007218354917785 
	 19.4550899999999984 	 0.0007208637668139 
	 19.4644849999999998 	 0.0007198941591569 
	 19.4738799999999976 	 0.0007189267276225 
	 19.4832749999999990 	 0.0007179615310258 
	 19.4926700000000004 	 0.0007169986281819 
	 19.5020649999999982 	 0.0007160380776706 
	 19.5114599999999996 	 0.0007150798987823 
	 19.5208550000000010 	 0.0007141240278612 
	 19.5302499999999988 	 0.0007131703907241 
	 19.5396450000000002 	 0.0007122189131878 
	 19.5490399999999980 	 0.0007112695210693 
	 19.5584349999999993 	 0.0007103221401853 
	 19.5678300000000007 	 0.0007093766963528 
	 19.5772250000000021 	 0.0007084331153886 
	 19.5866199999999999 	 0.0007074913231095 
	 19.5960150000000013 	 0.0007065512453324 
	 19.6054099999999991 	 0.0007056128113144 
	 19.6148050000000005 	 0.0007046760070568 
	 19.6242000000000019 	 0.0007037408651043 
	 19.6335949999999997 	 0.0007028074193767 
	 19.6429900000000011 	 0.0007018757037937 
	 19.6523850000000024 	 0.0007009457522748 
	 19.6617800000000003 	 0.0007000175987399 
	 19.6711750000000016 	 0.0006990912771087 
	 19.6805699999999995 	 0.0006981668213007 
	 19.6899650000000008 	 0.0006972442652358 
	 19.6993599999999986 	 0.0006963236428336 
	 19.7087550000000000 	 0.0006954049791712 
	 19.7181499999999978 	 0.0006944882559116 
	 19.7275449999999992 	 0.0006935734414160 
	 19.7369400000000006 	 0.0006926605040421 
	 19.7463350000000020 	 0.0006917494121475 
	 19.7557299999999998 	 0.0006908401340900 
	 19.7651250000000012 	 0.0006899326382274 
	 19.7745199999999990 	 0.0006890268929172 
	 19.7839150000000004 	 0.0006881228665172 
	 19.7933100000000017 	 0.0006872205273851 
	 19.8027049999999996 	 0.0006863198440959 
	 19.8121000000000009 	 0.0006854208038079 
	 19.8214950000000023 	 0.0006845234262251 
	 19.8308900000000001 	 0.0006836277343393 
	 19.8402850000000015 	 0.0006827337511420 
	 19.8496799999999993 	 0.0006818414996251 
	 19.8590750000000007 	 0.0006809510027802 
	 19.8684699999999985 	 0.0006800622835991 
	 19.8778649999999999 	 0.0006791753650735 
	 19.8872599999999977 	 0.0006782902701952 
	 19.8966549999999991 	 0.0006774070219557 
	 19.9060499999999969 	 0.0006765256416317 
	 19.9154450000000018 	 0.0006756461288244 
	 19.9248400000000032 	 0.0006747684682791 
	 19.9342350000000010 	 0.0006738926444512 
	 19.9436300000000024 	 0.0006730186417962 
	 19.9530250000000038 	 0.0006721464447694 
	 19.9624200000000016 	 0.0006712760378264 
	 19.9718150000000030 	 0.0006704074054225 
	 19.9812100000000008 	 0.0006695405320131 
	 19.9906050000000022 	 0.0006686754020538 
	 20.0000000000000000 	 0.0006678120000000 
