	 1.2100000000000000 	 0.5967392430679999 
	 1.2193950000000000 	 0.7254515341101180 
	 1.2287900000000000 	 0.8521492061608142 
	 1.2381850000000001 	 0.9766142035526590 
	 1.2475799999999999 	 1.0986743766038667 
	 1.2569750000000002 	 1.2181819326142236 
	 1.2663700000000000 	 1.3350514227256534 
	 1.2757650000000000 	 1.4491796949765685 
	 1.2851600000000001 	 1.5604898036335189 
	 1.2945550000000001 	 1.6689621509486832 
	 1.3039499999999999 	 1.7745883550397383 
	 1.3133450000000000 	 1.8773331616259348 
	 1.3227400000000000 	 1.9771691159082163 
	 1.3321350000000001 	 2.0741284413282006 
	 1.3415300000000001 	 2.1682482354409180 
	 1.3509249999999999 	 2.2595596925599390 
	 1.3603200000000000 	 2.3480867121822970 
	 1.3697150000000000 	 2.4338747518001735 
	 1.3791099999999998 	 2.5169800516087606 
	 1.3885049999999999 	 2.5974601846883290 
	 1.3978999999999999 	 2.6753717587488701 
	 1.4072950000000000 	 2.7507710615854410 
	 1.4166900000000000 	 2.8237158899162007 
	 1.4260850000000000 	 2.8942769714076486 
	 1.4354799999999999 	 2.9625085363276722 
	 1.4448749999999999 	 3.0284499056050733 
	 1.4542700000000000 	 3.0921817159314133 
	 1.4636650000000000 	 3.1538223902585476 
	 1.4730600000000000 	 3.2134165076778221 
	 1.4824550000000001 	 3.2709635572393170 
	 1.4918499999999999 	 3.3265455257488545 
	 1.5012450000000002 	 3.3802382042682191 
	 1.5106400000000000 	 3.4320856045852395 
	 1.5200350000000000 	 3.4821334079508057 
	 1.5294300000000001 	 3.5304469187064837 
	 1.5388250000000001 	 3.5770954380216513 
	 1.5482200000000002 	 3.6221437952377307 
	 1.5576150000000002 	 3.6656307004322084 
	 1.5670099999999998 	 3.7075854078086659 
	 1.5764049999999998 	 3.7480382681804323 
	 1.5857999999999999 	 3.7870318511100023 
	 1.5951949999999999 	 3.8246165745093026 
	 1.6045900000000000 	 3.8608479994959977 
	 1.6139850000000000 	 3.8957856260878145 
	 1.6233799999999998 	 3.9294741417982557 
	 1.6327749999999999 	 3.9619399966983169 
	 1.6421699999999999 	 3.9932085351785944 
	 1.6515649999999999 	 4.0233051602874426 
	 1.6609600000000000 	 4.0522751651734579 
	 1.6703550000000000 	 4.0801845946153481 
	 1.6797499999999999 	 4.1070358639970150 
	 1.6891450000000001 	 4.1328587079470136 
	 1.6985399999999999 	 4.1576898378977409 
	 1.7079350000000000 	 4.1815527144108326 
	 1.7173300000000000 	 4.2044664545781991 
	 1.7267250000000001 	 4.2264533879377879 
	 1.7361199999999999 	 4.2475672629069541 
	 1.7455150000000001 	 4.2678750491029929 
	 1.7549100000000000 	 4.2873723893805380 
	 1.7643049999999998 	 4.3060012304108222 
	 1.7736999999999998 	 4.3237929163447166 
	 1.7830949999999999 	 4.3408194550049988 
	 1.7924899999999999 	 4.3570898437251211 
	 1.8018850000000000 	 4.3726267888942614 
	 1.8112800000000000 	 4.3874488518012909 
	 1.8206750000000000 	 4.4015738321614126 
	 1.8300700000000001 	 4.4150192816385729 
	 1.8394650000000001 	 4.4278023724054387 
	 1.8488600000000002 	 4.4399389527031303 
	 1.8582550000000002 	 4.4514445471062682 
	 1.8676499999999998 	 4.4623345370795606 
	 1.8770449999999999 	 4.4726233006299436 
	 1.8864399999999999 	 4.4823247794495185 
	 1.8958349999999999 	 4.4914522618858808 
	 1.9052300000000000 	 4.5000186172834287 
	 1.9146250000000000 	 4.5080366632720734 
	 1.9240199999999998 	 4.5155181287646231 
	 1.9334150000000001 	 4.5224736691800569 
	 1.9428099999999999 	 4.5289157124489874 
	 1.9522050000000000 	 4.5348592609679290 
	 1.9616000000000000 	 4.5403148840903862 
	 1.9709950000000001 	 4.5452837676857083 
	 1.9803900000000001 	 4.5497695849605408 
	 1.9897850000000001 	 4.5537862119426160 
	 1.9991800000000000 	 4.5573470927393913 
	 2.0085750000000000 	 4.5604609755889438 
	 2.0179700000000000 	 4.5631354035730851 
	 2.0273649999999996 	 4.5653777541968719 
	 2.0367600000000001 	 4.5671953402532433 
	 2.0461549999999997 	 4.5685954404452787 
	 2.0555499999999998 	 4.5695849219361886 
	 2.0649449999999998 	 4.5701703696627751 
	 2.0743399999999999 	 4.5703581876670549 
	 2.0837349999999999 	 4.5701545038484088 
	 2.0931299999999999 	 4.5695653046957414 
	 2.1025250000000000 	 4.5685961367122854 
	 2.1119199999999996 	 4.5672529331046183 
	 2.1213150000000001 	 4.5655415215817969 
	 2.1307099999999997 	 4.5634634300418577 
	 2.1401050000000001 	 4.5610208449713960 
	 2.1494999999999997 	 4.5582199792756182 
	 2.1588950000000002 	 4.5550678476721469 
	 2.1682899999999998 	 4.5515714648786076 
	 2.1776850000000003 	 4.5477378456126241 
	 2.1870799999999999 	 4.5435732904196895 
	 2.1964750000000000 	 4.5390781343908726 
	 2.2058700000000000 	 4.5342516609192609 
	 2.2152650000000000 	 4.5290968119286115 
	 2.2246600000000001 	 4.5236183724350756 
	 2.2340550000000001 	 4.5178211666874475 
	 2.2434500000000002 	 4.5117099528606035 
	 2.2528449999999998 	 4.5052880867176412 
	 2.2622400000000003 	 4.4985576100737612 
	 2.2716349999999998 	 4.4915214676015776 
	 2.2810300000000003 	 4.4841829501644366 
	 2.2904249999999999 	 4.4765452856119419 
	 2.2998200000000000 	 4.4686098989991798 
	 2.3092150000000000 	 4.4603778761486721 
	 2.3186100000000001 	 4.4518503028829404 
	 2.3280050000000001 	 4.4430328215602755 
	 2.3373999999999997 	 4.4339541418721202 
	 2.3467950000000002 	 4.4246117108787537 
	 2.3561899999999998 	 4.4149833697552854 
	 2.3655850000000003 	 4.4050484846445350 
	 2.3749799999999999 	 4.3948113963653404 
	 2.3843749999999999 	 4.3842954672495935 
	 2.3937700000000000 	 4.3735113701214194 
	 2.4031650000000000 	 4.3624553997094431 
	 2.4125600000000000 	 4.3511270475284096 
	 2.4219550000000001 	 4.3395300334127214 
	 2.4313500000000001 	 4.3276656503183393 
	 2.4407449999999997 	 4.3155357393074718 
	 2.4501400000000002 	 4.3031422608320842 
	 2.4595349999999998 	 4.2904863444951014 
	 2.4689300000000003 	 4.2775675705166911 
	 2.4783249999999999 	 4.2643923188015549 
	 2.4877199999999999 	 4.2509620900446183 
	 2.4971150000000000 	 4.2372372602418897 
	 2.5065100000000005 	 4.2232225188575860 
	 2.5159050000000001 	 4.2089552198646869 
	 2.5253000000000001 	 4.1944707707952498 
	 2.5346950000000001 	 4.1797665256310621 
	 2.5440899999999997 	 4.1648088508563843 
	 2.5534850000000002 	 4.1496003327454609 
	 2.5628799999999998 	 4.1341474434983221 
	 2.5722749999999999 	 4.1184307986731410 
	 2.5816699999999999 	 4.1024662645982977 
	 2.5910650000000000 	 4.0862537542274833 
	 2.6004600000000000 	 4.0697917212979791 
	 2.6098550000000000 	 4.0530814232116024 
	 2.6192500000000001 	 4.0361246149697356 
	 2.6286449999999997 	 4.0189226678563035 
	 2.6380400000000002 	 4.0014750012320679 
	 2.6474349999999998 	 3.9837804153443233 
	 2.6568300000000002 	 3.9658378453145784 
	 2.6662249999999998 	 3.9476474972179458 
	 2.6756200000000003 	 3.9292102006237801 
	 2.6850149999999999 	 3.9105256832461195 
	 2.6944100000000004 	 3.8915928122373438 
	 2.7038050000000000 	 3.8724115434540334 
	 2.7132000000000001 	 3.8529831978965126 
	 2.7225950000000001 	 3.8333156827650736 
	 2.7319900000000001 	 3.8134192982121942 
	 2.7413850000000002 	 3.7932847443493212 
	 2.7507800000000002 	 3.7728982149278076 
	 2.7601750000000003 	 3.7522689493704395 
	 2.7695699999999999 	 3.7313867005491050 
	 2.7789650000000004 	 3.7102152830335018 
	 2.7883599999999999 	 3.6887720720116404 
	 2.7977550000000004 	 3.6670922844153471 
	 2.8071500000000000 	 3.6452029125603564 
	 2.8165450000000001 	 3.6230676590489073 
	 2.8259399999999997 	 3.6006756051938096 
	 2.8353349999999997 	 3.5780496593067301 
	 2.8447299999999998 	 3.5551867986679184 
	 2.8541249999999998 	 3.5320618852148553 
	 2.8635199999999998 	 3.5086495229379615 
	 2.8729149999999999 	 3.4849435926252177 
	 2.8823099999999995 	 3.4609647465340645 
	 2.8917050000000000 	 3.4367355678992029 
	 2.9010999999999996 	 3.4122668104136347 
	 2.9104950000000001 	 3.3875414227847860 
	 2.9198899999999997 	 3.3625426948038397 
	 2.9292850000000001 	 3.3372687191673238 
	 2.9386799999999997 	 3.3117207474360679 
	 2.9480750000000002 	 3.2858992580115607 
	 2.9574699999999998 	 3.2598004111468315 
	 2.9668650000000003 	 3.2334216153582531 
	 2.9762599999999999 	 3.2067607688517961 
	 2.9856549999999999 	 3.1798152787487024 
	 2.9950500000000000 	 3.1525826811649948 
	 3.0044450000000000 	 3.1250606148754301 
	 3.0138400000000001 	 3.0972467212657051 
	 3.0232350000000001 	 3.0691386296665217 
	 3.0326300000000002 	 3.0407333002405026 
	 3.0420250000000002 	 3.0120266978898815 
	 3.0514200000000002 	 2.9830168028054107 
	 3.0608149999999998 	 2.9537060713686514 
	 3.0702099999999999 	 2.9240839197723267 
	 3.0796049999999999 	 2.8941168856984110 
	 3.0890000000000000 	 2.8638351849200339 
	 3.0983950000000000 	 2.8332723048937822 
	 3.1077900000000001 	 2.8023948152709082 
	 3.1171850000000001 	 2.7711935680170758 
	 3.1265800000000001 	 2.7396694785943687 
	 3.1359749999999997 	 2.7078181969985433 
	 3.1453699999999998 	 2.6756369076537019 
	 3.1547649999999998 	 2.6431232488723881 
	 3.1641599999999999 	 2.6102743703352029 
	 3.1735549999999995 	 2.5770874542256945 
	 3.1829499999999999 	 2.5435596845335748 
	 3.1923449999999995 	 2.5096882262299092 
	 3.2017400000000000 	 2.4754702131674828 
	 3.2111349999999996 	 2.4409027576554534 
	 3.2205300000000001 	 2.4059829285521959 
	 3.2299249999999997 	 2.3707077885523167 
	 3.2393200000000002 	 2.3350744003504094 
	 3.2487149999999998 	 2.2990798061197570 
	 3.2581100000000003 	 2.2627209459744999 
	 3.2675049999999999 	 2.2259947283620072 
	 3.2769000000000004 	 2.1888980636528297 
	 3.2862950000000000 	 2.1514278656164909 
	 3.2956900000000005 	 2.1135808930067803 
	 3.3050850000000001 	 2.0753537994654732 
	 3.3144800000000001 	 2.0367432473910698 
	 3.3238750000000001 	 1.9977461466660797 
	 3.3332700000000002 	 1.9583589113330806 
	 3.3426650000000002 	 1.9185770250999772 
	 3.3520600000000003 	 1.8783993061946993 
	 3.3614549999999999 	 1.8378264306368757 
	 3.3708500000000003 	 1.7968508054394081 
	 3.3802449999999999 	 1.7554637073571884 
	 3.3896400000000000 	 1.7136597644651985 
	 3.3990350000000000 	 1.6714413209475831 
	 3.4084300000000001 	 1.6287955203465507 
	 3.4178249999999997 	 1.5857196560069857 
	 3.4272200000000002 	 1.5422164623561512 
	 3.4366149999999998 	 1.4982886782331442 
	 3.4460099999999998 	 1.4539390424770489 
	 3.4554049999999998 	 1.4091687503509360 
	 3.4647999999999999 	 1.3639534811421137 
	 3.4741949999999999 	 1.3182491457935785 
	 3.4835900000000000 	 1.2720467301769478 
	 3.4929850000000000 	 1.2253782655745216 
	 3.5023799999999996 	 1.1782780496324996 
	 3.5117750000000001 	 1.1307803799970717 
	 3.5211699999999997 	 1.0829194090797749 
	 3.5305649999999997 	 1.0346229619066587 
	 3.5399599999999998 	 0.9856724801721269 
	 3.5493550000000003 	 0.9362324071987941 
	 3.5587499999999999 	 0.8863246428320307 
	 3.5681449999999999 	 0.8359153278352276 
	 3.5775399999999999 	 0.7850064563815273 
	 3.5869350000000004 	 0.7335955899006542 
	 3.5963300000000000 	 0.6816802555482738 
	 3.6057249999999996 	 0.6292545608041082 
	 3.6151200000000001 	 0.5763073287867082 
	 3.6245150000000002 	 0.5228276227305444 
	 3.6339100000000002 	 0.4688126966815552 
	 3.6433049999999998 	 0.4142684213065793 
	 3.6527000000000003 	 0.3592009402357321 
	 3.6620950000000003 	 0.3036047057781358 
	 3.6714900000000004 	 0.2474624513412240 
	 3.6808850000000000 	 0.1907714157480159 
	 3.6902800000000000 	 0.1335265558401197 
	 3.6996750000000000 	 0.0757233211584890 
	 3.7090700000000001 	 0.0173573319539785 
	 3.7184650000000001 	 -0.0415760090373233 
	 3.7278600000000002 	 -0.1010808992313734 
	 3.7372550000000002 	 -0.1611612881506656 
	 3.7466499999999998 	 -0.2218215247420549 
	 3.7560450000000003 	 -0.2830661806472944 
	 3.7654399999999999 	 -0.3448998289684996 
	 3.7748350000000004 	 -0.4073270428078092 
	 3.7842300000000000 	 -0.4703520594575833 
	 3.7936250000000000 	 -0.5339695983609294 
	 3.8030200000000001 	 -0.5981784212427147 
	 3.8124150000000006 	 -0.6629972311552866 
	 3.8218100000000002 	 -0.7284386536040488 
	 3.8312049999999997 	 -0.7945009618135894 
	 3.8406000000000002 	 -0.8611808184788513 
	 3.8499950000000003 	 -0.9284748862947612 
	 3.8593899999999999 	 -0.9963827041306786 
	 3.8687849999999999 	 -1.0649153339366664 
	 3.8781799999999995 	 -1.1340845765994072 
	 3.8875749999999996 	 -1.2038895302962382 
	 3.8969699999999996 	 -1.2743254612887938 
	 3.9063649999999996 	 -1.3453948054176976 
	 3.9157599999999997 	 -1.4171012437625459 
	 3.9251549999999997 	 -1.4894408353754904 
	 3.9345499999999998 	 -1.5624177988695171 
	 3.9439449999999998 	 -1.6360388975059199 
	 3.9533399999999999 	 -1.7103014394810889 
	 3.9627349999999995 	 -1.7852035454366542 
	 3.9721299999999999 	 -1.8607451990817538 
	 3.9815249999999995 	 -1.9369265316760569 
	 3.9909200000000000 	 -2.0137476157154759 
	 4.0003149999999996 	 -2.0912083778396786 
	 4.0097100000000001 	 -2.1693083286952550 
	 4.0191049999999997 	 -2.2480455544500679 
	 4.0285000000000002 	 -2.3274178571000035 
	 4.0378949999999998 	 -2.4074232641966136 
	 4.0472900000000003 	 -2.4880598110550469 
	 4.0566849999999999 	 -2.5693238864781218 
	 4.0660799999999995 	 -2.6512112163942958 
	 4.0754750000000000 	 -2.7337194673127621 
	 4.0848700000000004 	 -2.8168476280355246 
	 4.0942650000000000 	 -2.9005945685237582 
	 4.1036599999999996 	 -2.9849550009838026 
	 4.1130550000000001 	 -3.0699189489923664 
	 4.1224499999999997 	 -3.1554762118374717 
	 4.1318450000000002 	 -3.2416194732406933 
	 4.1412399999999998 	 -3.3283468523990294 
	 4.1506349999999994 	 -3.4156548946811656 
	 4.1600299999999999 	 -3.5035348425386768 
	 4.1694250000000004 	 -3.5919788811381181 
	 4.1788200000000000 	 -3.6809794090300874 
	 4.1882149999999996 	 -3.7705279572200960 
	 4.1976100000000001 	 -3.8606156071546445 
	 4.2070049999999997 	 -3.9512322079826658 
	 4.2164000000000001 	 -4.0423680928537227 
	 4.2257949999999997 	 -4.1340141521642222 
	 4.2351900000000002 	 -4.2261611790911608 
	 4.2445849999999998 	 -4.3187981102317110 
	 4.2539800000000003 	 -4.4119122630745355 
	 4.2633749999999999 	 -4.5054909008327630 
	 4.2727700000000004 	 -4.5995212867195665 
	 4.2821650000000000 	 -4.6939906809596534 
	 4.2915600000000005 	 -4.7888859008044289 
	 4.3009550000000001 	 -4.8841928555203005 
	 4.3103499999999997 	 -4.9798973430731852 
	 4.3197450000000002 	 -5.0759850836436451 
	 4.3291400000000007 	 -5.1724415191239164 
	 4.3385350000000003 	 -5.2692522213035673 
	 4.3479299999999999 	 -5.3664029731593477 
	 4.3573250000000003 	 -5.4638747385684434 
	 4.3667199999999999 	 -5.5616477354434819 
	 4.3761150000000004 	 -5.6597135421578475 
	 4.3855100000000000 	 -5.7580554508773645 
	 4.3949049999999996 	 -5.8566520728113058 
	 4.4043000000000001 	 -5.9554865128843977 
	 4.4136950000000006 	 -6.0545419804496161 
	 4.4230900000000002 	 -6.1538006281911528 
	 4.4324849999999998 	 -6.2532432155974540 
	 4.4418799999999994 	 -6.3528508171462938 
	 4.4512749999999999 	 -6.4526052731888850 
	 4.4606700000000004 	 -6.5524879233495081 
	 4.4700650000000000 	 -6.6524789426016051 
	 4.4794599999999996 	 -6.7525595450914473 
	 4.4888550000000000 	 -6.8527110103765816 
	 4.4982499999999996 	 -6.9529136835098049 
	 4.5076450000000001 	 -7.0531476647031193 
	 4.5170399999999997 	 -7.1533932846256221 
	 4.5264349999999993 	 -7.2536309462722084 
	 4.5358299999999998 	 -7.3538407815921714 
	 4.5452250000000003 	 -7.4540030524405800 
	 4.5546199999999999 	 -7.5540980586885551 
	 4.5640149999999995 	 -7.6541059420952662 
	 4.5734100000000000 	 -7.7540069761223407 
	 4.5828049999999996 	 -7.8537815996009268 
	 4.5922000000000001 	 -7.9534102216561493 
	 4.6015949999999997 	 -8.0528733162374788 
	 4.6109900000000001 	 -8.1521516221482617 
	 4.6203849999999997 	 -8.2512259110791195 
	 4.6297799999999993 	 -8.3500770212872553 
	 4.6391749999999998 	 -8.4486860265472234 
	 4.6485700000000003 	 -8.5470341146691595 
	 4.6579649999999999 	 -8.6451027964508036 
	 4.6673599999999995 	 -8.7428739194673781 
	 4.6767550000000000 	 -8.8403306907948274 
	 4.6861499999999996 	 -8.9374528281804864 
	 4.6955450000000001 	 -9.0342184534703964 
	 4.7049399999999997 	 -9.1306185798600197 
	 4.7143350000000002 	 -9.2266537870494503 
	 4.7237299999999998 	 -9.3223072348436915 
	 4.7331250000000002 	 -9.4175425102954637 
	 4.7425199999999998 	 -9.5123223806986399 
	 4.7519150000000003 	 -9.6066292558675208 
	 4.7613099999999999 	 -9.7004708724257291 
	 4.7707049999999995 	 -9.7938344723164246 
	 4.7801000000000000 	 -9.8867040327601057 
	 4.7894950000000005 	 -9.9790635309772409 
	 4.7988900000000001 	 -10.0708976918088311 
	 4.8082849999999997 	 -10.1621943426836960 
	 4.8176800000000002 	 -10.2529401672456579 
	 4.8270749999999998 	 -10.3431222768160573 
	 4.8364700000000003 	 -10.4327283532749391 
	 4.8458649999999999 	 -10.5217464228284410 
	 4.8552599999999995 	 -10.6101646585610379 
	 4.8646550000000000 	 -10.6979712318501790 
	 4.8740500000000004 	 -10.7851552919638234 
	 4.8834450000000000 	 -10.8717069787091916 
	 4.8928399999999996 	 -10.9576164758809043 
	 4.9022350000000001 	 -11.0428739672735823 
	 4.9116300000000006 	 -11.1274696375817115 
	 4.9210250000000002 	 -11.2113939463576386 
	 4.9304199999999998 	 -11.2946380139773854 
	 4.9398150000000003 	 -11.3771930581022929 
	 4.9492100000000008 	 -11.4590512834832534 
	 4.9586050000000004 	 -11.5402090835574516 
	 4.9680000000000000 	 -11.6206579896407725 
	 4.9773949999999996 	 -11.7003598301161205 
	 4.9867900000000001 	 -11.7793220652181816 
	 4.9961850000000005 	 -11.8575770433616778 
	 5.0055800000000001 	 -11.9351209244565606 
	 5.0149750000000006 	 -12.0119258939122062 
	 5.0243700000000002 	 -12.0879668217674094 
	 5.0337649999999989 	 -12.1632995919240230 
	 5.0431600000000003 	 -12.2379308159445408 
	 5.0525549999999999 	 -12.3117596275381693 
	 5.0619499999999995 	 -12.3847859390097419 
	 5.0713449999999991 	 -12.4570192906609236 
	 5.0807400000000005 	 -12.5284692227933938 
	 5.0901350000000001 	 -12.5991452757087963 
	 5.0995299999999997 	 -12.6690569897088032 
	 5.1089249999999993 	 -12.7381998360112547 
	 5.1183200000000006 	 -12.8065290374400398 
	 5.1277150000000002 	 -12.8741019558057737 
	 5.1371099999999998 	 -12.9408899778601203 
	 5.1465049999999994 	 -13.0068829651933822 
	 5.1558999999999999 	 -13.0720894934407763 
	 5.1652949999999995 	 -13.1365028865440703 
	 5.1746900000000000 	 -13.2001200940015018 
	 5.1840849999999996 	 -13.2629426755290929 
	 5.1934800000000001 	 -13.3249702289604368 
	 5.2028749999999997 	 -13.3862009605739622 
	 5.2122700000000002 	 -13.4466345310674384 
	 5.2216649999999998 	 -13.5062707205024104 
	 5.2310600000000003 	 -13.5651091161192152 
	 5.2404549999999999 	 -13.6231491690406425 
	 5.2498499999999995 	 -13.6803911891816519 
	 5.2592449999999999 	 -13.7368353921819821 
	 5.2686400000000004 	 -13.7924809075584811 
	 5.2780350000000000 	 -13.8473269393815048 
	 5.2874299999999996 	 -13.9013749228381656 
	 5.2968249999999992 	 -13.9546271480397888 
	 5.3062200000000006 	 -14.0070859068404641 
	 5.3156150000000002 	 -14.0587532868066187 
	 5.3250099999999998 	 -14.1096282902271977 
	 5.3344049999999994 	 -14.1597075296622581 
	 5.3437999999999999 	 -14.2089876514044064 
	 5.3531950000000004 	 -14.2574689392411020 
	 5.3625900000000000 	 -14.3051563235779682 
	 5.3719849999999996 	 -14.3520528220661827 
	 5.3813800000000001 	 -14.3981581255470061 
	 5.3907749999999997 	 -14.4434730102474411 
	 5.4001700000000001 	 -14.4879984493386793 
	 5.4095649999999997 	 -14.5317353754748488 
	 5.4189600000000002 	 -14.5746845678019419 
	 5.4283549999999998 	 -14.6168468182846549 
	 5.4377500000000003 	 -14.6582231936666894 
	 5.4471449999999999 	 -14.6988147726514935 
	 5.4565400000000004 	 -14.7386219994371306 
	 5.4659350000000000 	 -14.7776456665152338 
	 5.4753299999999996 	 -14.8158869503433017 
	 5.4847250000000001 	 -14.8533465403138862 
	 5.4941200000000006 	 -14.8900252235080970 
	 5.5035150000000002 	 -14.9259239738646254 
	 5.5129099999999998 	 -14.9610433923578050 
	 5.5223049999999994 	 -14.9953840580727036 
	 5.5317000000000007 	 -15.0289466424439571 
	 5.5410950000000003 	 -15.0617319982972280 
	 5.5504899999999999 	 -15.0937407579156204 
	 5.5598849999999995 	 -15.1249731335990703 
	 5.5692800000000009 	 -15.1554299831462203 
	 5.5786750000000005 	 -15.1851117787848064 
	 5.5880700000000001 	 -15.2140188066635407 
	 5.5974649999999997 	 -15.2421512039088007 
	 5.6068600000000011 	 -15.2695095599722777 
	 5.6162549999999998 	 -15.2960946575963526 
	 5.6256499999999994 	 -15.3219066930943288 
	 5.6350449999999999 	 -15.3469454924097590 
	 5.6444399999999995 	 -15.3712110630861964 
	 5.6538349999999999 	 -15.3947035805211030 
	 5.6632300000000004 	 -15.4174231216594251 
	 5.6726250000000000 	 -15.4393696281199801 
	 5.6820199999999996 	 -15.4605428246877832 
	 5.6914149999999992 	 -15.4809423772389998 
	 5.7008099999999997 	 -15.5005685916681966 
	 5.7102050000000002 	 -15.5194215608039574 
	 5.7195999999999998 	 -15.5375004473000864 
	 5.7289949999999994 	 -15.5548044367087144 
	 5.7383899999999999 	 -15.5713336339037163 
	 5.7477850000000004 	 -15.5870873476809724 
	 5.7571800000000000 	 -15.6020599177370194 
	 5.7665749999999996 	 -15.6162606984364007 
	 5.7759699999999992 	 -15.6296993138325941 
	 5.7853649999999996 	 -15.6422830478778874 
	 5.7947600000000001 	 -15.6540086308410196 
	 5.8041549999999997 	 -15.6650077311974538 
	 5.8135500000000002 	 -15.6753187212426894 
	 5.8229449999999998 	 -15.6848670981667819 
	 5.8323400000000003 	 -15.6936090461231572 
	 5.8417349999999999 	 -15.7015612966589941 
	 5.8511299999999995 	 -15.7087356312838136 
	 5.8605250000000000 	 -15.7151231819502399 
	 5.8699199999999996 	 -15.7207239166952242 
	 5.8793150000000001 	 -15.7255420328571880 
	 5.8887100000000006 	 -15.7295738293422289 
	 5.8981050000000002 	 -15.7328133369655454 
	 5.9074999999999998 	 -15.7352553118897394 
	 5.9168950000000002 	 -15.7368999004694903 
	 5.9262899999999998 	 -15.7377494386909884 
	 5.9356850000000003 	 -15.7378035378043997 
	 5.9450799999999999 	 -15.7370600569560946 
	 5.9544749999999995 	 -15.7355168417975193 
	 5.9638700000000000 	 -15.7331721275243872 
	 5.9732650000000005 	 -15.7300245615025620 
	 5.9826600000000001 	 -15.7260726915232141 
	 5.9920549999999997 	 -15.7213148867907222 
	 6.0014499999999993 	 -15.7157495019247264 
	 6.0108449999999998 	 -15.7093748914630265 
	 6.0202400000000003 	 -15.7021892646525210 
	 6.0296349999999999 	 -15.6941909984036556 
	 6.0390300000000003 	 -15.6853801034019984 
	 6.0484249999999999 	 -15.6757546425462309 
	 6.0578200000000004 	 -15.6653119841622051 
	 6.0672150000000000 	 -15.6540497450968736 
	 6.0766099999999996 	 -15.6419670629473924 
	 6.0860050000000001 	 -15.6290595335154254 
	 6.0953999999999997 	 -15.6153291673178582 
	 6.1047950000000002 	 -15.6007835009121134 
	 6.1141900000000007 	 -15.5854077594993630 
	 6.1235850000000003 	 -15.5691673384660927 
	 6.1329799999999999 	 -15.5521127939226957 
	 6.1423750000000004 	 -15.5343124153167587 
	 6.1517700000000000 	 -15.5156786714296793 
	 6.1611650000000004 	 -15.4961498904180530 
	 6.1705600000000000 	 -15.4757585869836429 
	 6.1799549999999996 	 -15.4545407373216275 
	 6.1893500000000010 	 -15.4324996332956186 
	 6.1987450000000006 	 -15.4096263123216630 
	 6.2081400000000002 	 -15.3858850967811449 
	 6.2175349999999998 	 -15.3612430317822088 
	 6.2269299999999994 	 -15.3357474458707692 
	 6.2363250000000008 	 -15.3094709986919391 
	 6.2457200000000004 	 -15.2823734520501233 
	 6.2551150000000000 	 -15.2544191870171861 
	 6.2645100000000005 	 -15.2256202078757550 
	 6.2739050000000010 	 -15.1959795915031748 
	 6.2833000000000006 	 -15.1654998379734849 
	 6.2926950000000001 	 -15.1341721589642901 
	 6.3020899999999997 	 -15.1019712929376926 
	 6.3114850000000002 	 -15.0689042627333372 
	 6.3208800000000007 	 -15.0350217399246393 
	 6.3302750000000003 	 -15.0003155326838105 
	 6.3396700000000008 	 -14.9647669795245744 
	 6.3490650000000004 	 -14.9283574189606671 
	 6.3584600000000000 	 -14.8910754514334283 
	 6.3678550000000005 	 -14.8529439056694805 
	 6.3772500000000001 	 -14.8139669853974709 
	 6.3866450000000006 	 -14.7741442519592265 
	 6.3960400000000002 	 -14.7334772827929879 
	 6.4054350000000007 	 -14.6919674071668798 
	 6.4148300000000011 	 -14.6496165537192269 
	 6.4242250000000007 	 -14.6064241164251012 
	 6.4336200000000003 	 -14.5623922949591904 
	 6.4430149999999999 	 -14.5175165968238709 
	 6.4524100000000004 	 -14.4717915407534452 
	 6.4618050000000009 	 -14.4252372325343199 
	 6.4712000000000005 	 -14.3778761950735756 
	 6.4805950000000001 	 -14.3297309476315444 
	 6.4899900000000006 	 -14.2808067636431968 
	 6.4993849999999993 	 -14.2310518255596303 
	 6.5087799999999998 	 -14.1804187624351883 
	 6.5181749999999994 	 -14.1289393191303390 
	 6.5275699999999990 	 -14.0766621633882032 
	 6.5369650000000004 	 -14.0235863647898480 
	 6.5463600000000000 	 -13.9697070982884721 
	 6.5557549999999996 	 -13.9150297472364155 
	 6.5651499999999992 	 -13.8595645751421817 
	 6.5745449999999988 	 -13.8033250805365828 
	 6.5839400000000001 	 -13.7463165783552554 
	 6.5933349999999997 	 -13.6885357571563731 
	 6.6027299999999993 	 -13.6299790206479958 
	 6.6121249999999998 	 -13.5706527119992604 
	 6.6215199999999994 	 -13.5105733176937211 
	 6.6309149999999999 	 -13.4497460797658057 
	 6.6403099999999995 	 -13.3881788041035907 
	 6.6497049999999991 	 -13.3258786807732132 
	 6.6590999999999996 	 -13.2628536211225558 
	 6.6684950000000001 	 -13.1991116134104800 
	 6.6778899999999997 	 -13.1346602277053623 
	 6.6872850000000001 	 -13.0695094760076529 
	 6.6966799999999997 	 -13.0036698498685155 
	 6.7060749999999993 	 -12.9371457881751653 
	 6.7154699999999998 	 -12.8699414040933267 
	 6.7248649999999994 	 -12.8021072256973483 
	 6.7342599999999999 	 -12.7336490766533181 
	 6.7436549999999995 	 -12.6644923950378594 
	 6.7530500000000000 	 -12.5945618563564672 
	 6.7624450000000005 	 -12.5239421168657898 
	 6.7718400000000001 	 -12.4530325487474443 
	 6.7812349999999997 	 -12.3820424609079751 
	 6.7906299999999993 	 -12.3104449037409545 
	 6.8000249999999998 	 -12.2378024609578571 
	 6.8094200000000003 	 -12.1643073705645701 
	 6.8188149999999998 	 -12.0902655976501858 
	 6.8282099999999994 	 -12.0159111867524775 
	 6.8376049999999999 	 -11.9413826386300688 
	 6.8469999999999995 	 -11.8662884443236010 
	 6.8563950000000000 	 -11.7900057826595877 
	 6.8657899999999996 	 -11.7121514389862629 
	 6.8751849999999992 	 -11.6353928302235321 
	 6.8845799999999997 	 -11.5590801098698872 
	 6.8939750000000002 	 -11.4810619678062977 
	 6.9033699999999998 	 -11.4027357733927648 
	 6.9127650000000003 	 -11.3236863113698778 
	 6.9221599999999999 	 -11.2434873342760770 
	 6.9315549999999995 	 -11.1642071792223838 
	 6.9409500000000000 	 -11.0844400638823242 
	 6.9503449999999996 	 -11.0041805011147815 
	 6.9597400000000000 	 -10.9236558182192081 
	 6.9691349999999996 	 -10.8428524808003868 
	 6.9785299999999992 	 -10.7617233767115703 
	 6.9879250000000006 	 -10.6803153124423460 
	 6.9973200000000002 	 -10.5986233041208511 
	 7.0067149999999998 	 -10.5166221420735333 
	 7.0161099999999994 	 -10.4344265459969865 
	 7.0255049999999990 	 -10.3522153060302742 
	 7.0349000000000004 	 -10.2699259015148883 
	 7.0442950000000000 	 -10.1873095645488139 
	 7.0536899999999996 	 -10.1043172518584061 
	 7.0630850000000001 	 -10.0211280000823120 
	 7.0724800000000005 	 -9.9378512806935202 
	 7.0818750000000001 	 -9.8544683701634295 
	 7.0912699999999997 	 -9.7709657867881710 
	 7.1006649999999993 	 -9.6873668524015510 
	 7.1100599999999998 	 -9.6036972043549795 
	 7.1194550000000003 	 -9.5199738303541945 
	 7.1288499999999999 	 -9.4362121483102950 
	 7.1382450000000004 	 -9.3524284229999797 
	 7.1476400000000000 	 -9.2686391710086546 
	 7.1570350000000005 	 -9.1848609089632394 
	 7.1664300000000001 	 -9.1011101534906658 
	 7.1758249999999997 	 -9.0174034062827531 
	 7.1852200000000002 	 -8.9337569623531135 
	 7.1946149999999998 	 -8.8501869657889962 
	 7.2040100000000002 	 -8.7667095527053220 
	 7.2134050000000007 	 -8.6833407079731622 
	 7.2228000000000003 	 -8.6000962310023681 
	 7.2321949999999999 	 -8.5169917253557657 
	 7.2415900000000004 	 -8.4340424795792330 
	 7.2509850000000000 	 -8.3512637561898391 
	 7.2603800000000005 	 -8.2686708291187117 
	 7.2697750000000001 	 -8.1862786848250089 
	 7.2791699999999997 	 -8.1041017680587277 
	 7.2885650000000002 	 -8.0221557266847441 
	 7.2979600000000007 	 -7.9404533931494514 
	 7.3073550000000003 	 -7.8590073866235874 
	 7.3167499999999999 	 -7.7778358966792380 
	 7.3261449999999995 	 -7.6969482974526171 
	 7.3355399999999999 	 -7.6163569754105716 
	 7.3449350000000004 	 -7.5360805792220846 
	 7.3543300000000000 	 -7.4561279341584319 
	 7.3637250000000005 	 -7.3764989676018073 
	 7.3731200000000001 	 -7.2972097181115512 
	 7.3825150000000006 	 -7.2182978176215613 
	 7.3919100000000002 	 -7.1398016205390240 
	 7.4013049999999998 	 -7.0616092538828674 
	 7.4107000000000003 	 -6.9835053221352528 
	 7.4200949999999999 	 -6.9058389390681025 
	 7.4294900000000004 	 -6.8289000567138443 
	 7.4388850000000009 	 -6.7524314636285965 
	 7.4482800000000005 	 -6.6763564964709436 
	 7.4576750000000001 	 -6.6006956113016457 
	 7.4670700000000005 	 -6.5254690056932345 
	 7.4764650000000001 	 -6.4506945318058611 
	 7.4858600000000006 	 -6.3763888425213375 
	 7.4952550000000002 	 -6.3025685810568879 
	 7.5046499999999998 	 -6.2292503906297183 
	 7.5140450000000012 	 -6.1564505346514382 
	 7.5234400000000008 	 -6.0841728640729844 
	 7.5328350000000004 	 -6.0124064962473662 
	 7.5422300000000000 	 -5.9411509126856421 
	 7.5516249999999996 	 -5.8704172150943874 
	 7.5610200000000010 	 -5.8002087268574209 
	 7.5704150000000006 	 -5.7305399303216982 
	 7.5798100000000002 	 -5.6614245452718830 
	 7.5892050000000006 	 -5.5928669236097512 
	 7.5986000000000002 	 -5.5248693662405746 
	 7.6079950000000007 	 -5.4574341740696060 
	 7.6173900000000003 	 -5.3905601939129077 
	 7.6267849999999999 	 -5.3242196160482553 
	 7.6361800000000004 	 -5.2583722268165998 
	 7.6455750000000009 	 -5.1929863690608551 
	 7.6549700000000005 	 -5.1281628828554222 
	 7.6643650000000010 	 -5.0641063904728005 
	 7.6737599999999988 	 -5.0010163712910956 
	 7.6831549999999993 	 -4.9387848892899173 
	 7.6925499999999998 	 -4.8769078996257766 
	 7.7019449999999994 	 -4.8151521567380691 
	 7.7113399999999999 	 -4.7538290055282433 
	 7.7207349999999995 	 -4.6931927482705191 
	 7.7301299999999991 	 -4.6331949876443943 
	 7.7395249999999995 	 -4.5737596205408622 
	 7.7489199999999991 	 -4.5148925817872883 
	 7.7583149999999996 	 -4.4566159916857115 
	 7.7677099999999992 	 -4.3989322101863175 
	 7.7771049999999997 	 -4.3418366503753507 
	 7.7865000000000002 	 -4.2853252003774198 
	 7.7958949999999998 	 -4.2293986407800936 
	 7.8052899999999994 	 -4.1740576812587031 
	 7.8146849999999990 	 -4.1193008093641650 
	 7.8240799999999995 	 -4.0651264634243489 
	 7.8334750000000000 	 -4.0115330817671371 
	 7.8428699999999996 	 -3.9585191027204063 
	 7.8522649999999992 	 -3.9060829674401951 
	 7.8616600000000005 	 -3.8542234915999569 
	 7.8710550000000001 	 -3.8029402340630227 
	 7.8804499999999997 	 -3.7522306755883750 
	 7.8898449999999993 	 -3.7020860869176397 
	 7.8992399999999989 	 -3.6525093980172523 
	 7.9086350000000003 	 -3.6035381496260590 
	 7.9180299999999999 	 -3.5551268062781989 
	 7.9274249999999995 	 -3.5071989153967351 
	 7.9368200000000000 	 -3.4596949608196170 
	 7.9462149999999996 	 -3.4127154278834921 
	 7.9556100000000001 	 -3.3664318377773750 
	 7.9650049999999997 	 -3.3207689712858914 
	 7.9743999999999993 	 -3.2756286011482678 
	 7.9837949999999998 	 -3.2310346706212405 
	 7.9931900000000002 	 -3.1869787144136734 
	 8.0025849999999998 	 -3.1434535344220231 
	 8.0119799999999994 	 -3.1004568090821940 
	 8.0213749999999990 	 -3.0579859582296987 
	 8.0307700000000004 	 -3.0160369532613229 
	 8.0401650000000000 	 -2.9746055762645272 
	 8.0495599999999996 	 -2.9336876093267472 
	 8.0589549999999992 	 -2.8932788698181398 
	 8.0683500000000006 	 -2.8533753375581798 
	 8.0777450000000002 	 -2.8139729842670418 
	 8.0871399999999998 	 -2.7750674067665151 
	 8.0965349999999994 	 -2.7366541489467284 
	 8.1059300000000007 	 -2.6987298440151637 
	 8.1153250000000003 	 -2.6612915286677645 
	 8.1247199999999999 	 -2.6243320159875472 
	 8.1341149999999995 	 -2.5878408106598174 
	 8.1435099999999991 	 -2.5518150401514395 
	 8.1529050000000005 	 -2.5162608115463705 
	 8.1623000000000001 	 -2.4811766367104440 
	 8.1716949999999997 	 -2.4465467111368451 
	 8.1810899999999993 	 -2.4123608922253545 
	 8.1904849999999989 	 -2.3786295016986032 
	 8.1998800000000003 	 -2.3453556888955753 
	 8.2092749999999999 	 -2.3125078087060107 
	 8.2186699999999995 	 -2.2800654493469112 
	 8.2280649999999991 	 -2.2481024691424003 
	 8.2374600000000004 	 -2.2166227980895341 
	 8.2468550000000000 	 -2.1850693355605282 
	 8.2562499999999996 	 -2.1541634069668527 
	 8.2656449999999992 	 -2.1239471725535188 
	 8.2750399999999988 	 -2.0940367428889477 
	 8.2844350000000002 	 -2.0645284628896752 
	 8.2938299999999998 	 -2.0354456014323477 
	 8.3032249999999994 	 -2.0067507118527592 
	 8.3126200000000008 	 -1.9784432728609442 
	 8.3220150000000004 	 -1.9505229367673951 
	 8.3314100000000000 	 -1.9229848314737634 
	 8.3408049999999996 	 -1.8958236133788293 
	 8.3501999999999992 	 -1.8690339388838384 
	 8.3595950000000006 	 -1.8426107364858244 
	 8.3689900000000002 	 -1.8165499557642488 
	 8.3783849999999997 	 -1.7908477857722565 
	 8.3877800000000011 	 -1.7655003387654213 
	 8.3971750000000007 	 -1.7405032079634681 
	 8.4065700000000003 	 -1.7158518127985298 
	 8.4159649999999999 	 -1.6915419834785734 
	 8.4253599999999995 	 -1.6675696176464472 
	 8.4347550000000009 	 -1.6439304869848121 
	 8.4441500000000005 	 -1.6206203637756755 
	 8.4535450000000001 	 -1.5976351211095539 
	 8.4629399999999997 	 -1.5749707474378931 
	 8.4723350000000011 	 -1.5526230986693155 
	 8.4817300000000007 	 -1.5305880102459564 
	 8.4911250000000003 	 -1.5088617058786662 
	 8.5005199999999999 	 -1.4874403232107647 
	 8.5099149999999995 	 -1.4663197166452913 
	 8.5193100000000008 	 -1.4454959837606400 
	 8.5287050000000004 	 -1.4249652948467961 
	 8.5381000000000000 	 -1.4047238573557665 
	 8.5474949999999996 	 -1.3847678903064953 
	 8.5568900000000010 	 -1.3650936158235305 
	 8.5662850000000006 	 -1.3456972907364801 
	 8.5756800000000002 	 -1.3265752582178902 
	 8.5850749999999998 	 -1.3077239070875069 
	 8.5944700000000012 	 -1.2891396277262048 
	 8.6038650000000008 	 -1.2708188315860447 
	 8.6132600000000004 	 -1.2527579525644905 
	 8.6226550000000000 	 -1.2349534286197470 
	 8.6320499999999996 	 -1.2174019601579942 
	 8.6414450000000009 	 -1.2001001511585137 
	 8.6508400000000005 	 -1.1830441517076149 
	 8.6602350000000001 	 -1.1662312644126021 
	 8.6696299999999997 	 -1.1496577699934079 
	 8.6790249999999993 	 -1.1333204188804389 
	 8.6884200000000007 	 -1.1172161197981885 
	 8.6978150000000003 	 -1.1013416862080294 
	 8.7072099999999999 	 -1.0856939029527133 
	 8.7166049999999995 	 -1.0702695860506033 
	 8.7259999999999991 	 -1.0550655784453071 
	 8.7353950000000005 	 -1.0400788728986519 
	 8.7447900000000001 	 -1.0253065585897407 
	 8.7541850000000014 	 -1.0107455667888561 
	 8.7635800000000010 	 -0.9963929091313103 
	 8.7729750000000006 	 -0.9822458689260114 
	 8.7823700000000002 	 -0.9683015350125381 
	 8.7917649999999998 	 -0.9545568447633342 
	 8.8011599999999994 	 -0.9410090741441273 
	 8.8105549999999990 	 -0.9276555413013663 
	 8.8199500000000022 	 -0.9144935505046048 
	 8.8293450000000018 	 -0.9015203595009113 
	 8.8387400000000014 	 -0.8887332162990782 
	 8.8481349999999992 	 -0.8761294421876991 
	 8.8575299999999988 	 -0.8637067002636147 
	 8.8669249999999984 	 -0.8514621868606589 
	 8.8763199999999998 	 -0.8393935519471443 
	 8.8857149999999994 	 -0.8274981576859473 
	 8.8951099999999990 	 -0.8157734764759567 
	 8.9045050000000003 	 -0.8042172272757824 
	 8.9138999999999999 	 -0.7928269596776418 
	 8.9232949999999995 	 -0.7816003291373435 
	 8.9326899999999991 	 -0.7705350715482868 
	 8.9420850000000005 	 -0.7596287932511364 
	 8.9514800000000001 	 -0.7488791146045383 
	 8.9608749999999997 	 -0.7382838803724407 
	 8.9702699999999993 	 -0.7278409796287147 
	 8.9796649999999989 	 -0.7175481008155458 
	 8.9890599999999985 	 -0.7074026226222256 
	 8.9984549999999999 	 -0.6974036914951927 
	 9.0078499999999995 	 -0.6875491911452205 
	 9.0172449999999991 	 -0.6778316272025405 
	 9.0266400000000004 	 -0.6682818694719816 
	 9.0360350000000000 	 -0.6588642704723050 
	 9.0454299999999996 	 -0.6495599450718462 
	 9.0548249999999992 	 -0.6403980763541608 
	 9.0642199999999988 	 -0.6313717287628917 
	 9.0736149999999984 	 -0.6224391554906938 
	 9.0830099999999980 	 -0.6136002716754901 
	 9.0924050000000012 	 -0.6049128935988299 
	 9.1018000000000008 	 -0.5963925082049363 
	 9.1111950000000004 	 -0.5879905634089656 
	 9.1205900000000000 	 -0.5797054505073214 
	 9.1299849999999996 	 -0.5715414080006560 
	 9.1393799999999992 	 -0.5634958086771242 
	 9.1487749999999988 	 -0.5555651035545814 
	 9.1581699999999984 	 -0.5477480443372809 
	 9.1675649999999997 	 -0.5400433225407683 
	 9.1769600000000011 	 -0.5324493070664946 
	 9.1863550000000007 	 -0.5249641148943958 
	 9.1957500000000003 	 -0.5175857865328000 
	 9.2051449999999999 	 -0.5103131649478686 
	 9.2145399999999995 	 -0.5031456924701627 
	 9.2239349999999991 	 -0.4960825857424242 
	 9.2333299999999987 	 -0.4891154229797028 
	 9.2427250000000001 	 -0.4822627919945197 
	 9.2521200000000015 	 -0.4755496606459988 
	 9.2615150000000011 	 -0.4689209456569771 
	 9.2709100000000007 	 -0.4623463781897361 
	 9.2803050000000002 	 -0.4558636653917414 
	 9.2896999999999998 	 -0.4494784183193467 
	 9.2990949999999994 	 -0.4431878890224035 
	 9.3084899999999990 	 -0.4369893295507643 
	 9.3178849999999986 	 -0.4308798309239456 
	 9.3272800000000000 	 -0.4248554334228521 
	 9.3366749999999996 	 -0.4189118346481874 
	 9.3460700000000010 	 -0.4130458380029481 
	 9.3554650000000006 	 -0.4072587450587807 
	 9.3648600000000002 	 -0.4015545005864330 
	 9.3742549999999998 	 -0.3959344883643910 
	 9.3836499999999994 	 -0.3903964994220139 
	 9.3930450000000008 	 -0.3849369469651037 
	 9.4024400000000004 	 -0.3795521897803088 
	 9.4118350000000000 	 -0.3742401587358496 
	 9.4212299999999995 	 -0.3690008861503690 
	 9.4306249999999991 	 -0.3638330516974176 
	 9.4400200000000005 	 -0.3587359327475147 
	 9.4494150000000001 	 -0.3537090943724385 
	 9.4588099999999997 	 -0.3487521321237516 
	 9.4682049999999993 	 -0.3438647327958034 
	 9.4776000000000007 	 -0.3390470522249410 
	 9.4869950000000003 	 -0.3342989902980633 
	 9.4963899999999999 	 -0.3296204779623794 
	 9.5057849999999995 	 -0.3250115346620529 
	 9.5151799999999991 	 -0.3204716812015844 
	 9.5245749999999987 	 -0.3160001524370147 
	 9.5339700000000001 	 -0.3115962371082676 
	 9.5433650000000014 	 -0.3072587852995003 
	 9.5527600000000010 	 -0.3029864756581525 
	 9.5621550000000006 	 -0.2987782517872190 
	 9.5715500000000002 	 -0.2946327092078860 
	 9.5809449999999998 	 -0.2905484978823630 
	 9.5903399999999994 	 -0.2865242805626553 
	 9.5997349999999990 	 -0.2825587222153866 
	 9.6091299999999986 	 -0.2786504882158982 
	 9.6185250000000000 	 -0.2747982837813258 
	 9.6279200000000014 	 -0.2710010248195877 
	 9.6373150000000010 	 -0.2672576966248972 
	 9.6467100000000006 	 -0.2635672938954684 
	 9.6561050000000002 	 -0.2599289033225347 
	 9.6654999999999998 	 -0.2563416705577586 
	 9.6748949999999994 	 -0.2528048437434676 
	 9.6842899999999990 	 -0.2493176557894791 
	 9.6936850000000003 	 -0.2458793193970402 
	 9.7030800000000017 	 -0.2424891276571015 
	 9.7124750000000013 	 -0.2391463787711834 
	 9.7218700000000009 	 -0.2358504404815346 
	 9.7312650000000005 	 -0.2326007409390553 
	 9.7406600000000001 	 -0.2293965652291173 
	 9.7500549999999997 	 -0.2262372633974647 
	 9.7594499999999993 	 -0.2231223494205482 
	 9.7688449999999989 	 -0.2200509377698220 
	 9.7782400000000003 	 -0.2170224376647838 
	 9.7876350000000016 	 -0.2140381308149060 
	 9.7970300000000012 	 -0.2110966843122051 
	 9.8064250000000008 	 -0.2081952681224122 
	 9.8158200000000004 	 -0.2053313057271701 
	 9.8252150000000000 	 -0.2025058189662360 
	 9.8346099999999996 	 -0.1997223211598396 
	 9.8440050000000010 	 -0.1969810226203225 
	 9.8534000000000006 	 -0.1942787160690562 
	 9.8627950000000002 	 -0.1916134315359131 
	 9.8721899999999998 	 -0.1889851994612715 
	 9.8815850000000012 	 -0.1863939430951430 
	 9.8909800000000008 	 -0.1838390522515190 
	 9.9003750000000004 	 -0.1813198976618313 
	 9.9097700000000000 	 -0.1788359842626724 
	 9.9191649999999996 	 -0.1763868414785734 
	 9.9285600000000009 	 -0.1739719745698866 
	 9.9379550000000005 	 -0.1715907961754014 
	 9.9473500000000001 	 -0.1692428927526246 
	 9.9567449999999997 	 -0.1669279072232773 
	 9.9661400000000011 	 -0.1646452332507711 
	 9.9755350000000007 	 -0.1623943736899745 
	 9.9849300000000003 	 -0.1601749984550103 
	 9.9943250000000017 	 -0.1579866613008941 
	 10.0037200000000013 	 -0.1558288644248842 
	 10.0131150000000009 	 -0.1537011730106195 
	 10.0225099999999987 	 -0.1516031533476131 
	 10.0319049999999983 	 -0.1495343717056388 
	 10.0412999999999979 	 -0.1474944249978943 
	 10.0506950000000010 	 -0.1454829512864382 
	 10.0600900000000006 	 -0.1434995265089274 
	 10.0694850000000002 	 -0.1415437215127717 
	 10.0788799999999998 	 -0.1396151392773625 
	 10.0882749999999994 	 -0.1377134193168392 
	 10.0976699999999990 	 -0.1358382031002236 
	 10.1070649999999986 	 -0.1339890875776033 
	 10.1164600000000000 	 -0.1321656863080479 
	 10.1258549999999996 	 -0.1303676349643922 
	 10.1352499999999992 	 -0.1285946065592181 
	 10.1446450000000006 	 -0.1268462422597623 
	 10.1540400000000002 	 -0.1251221622673154 
	 10.1634349999999998 	 -0.1234220176591871 
	 10.1728299999999994 	 -0.1217454629646233 
	 10.1822249999999990 	 -0.1200923010575873 
	 10.1916199999999986 	 -0.1184619597565004 
	 10.2010149999999999 	 -0.1168530800785954 
	 10.2104099999999995 	 -0.1152652756479334 
	 10.2198049999999991 	 -0.1136983264263778 
	 10.2291999999999987 	 -0.1121520123757924 
	 10.2385950000000001 	 -0.1106261134580408 
	 10.2479899999999997 	 -0.1091204096349872 
	 10.2573849999999993 	 -0.1076346808684953 
	 10.2667800000000007 	 -0.1061687071204285 
	 10.2761750000000003 	 -0.1047222683526512 
	 10.2855699999999999 	 -0.1032951445270270 
	 10.2949649999999995 	 -0.1018871156054195 
	 10.3043599999999991 	 -0.1004979615496927 
	 10.3137550000000005 	 -0.0991274623217100 
	 10.3231500000000000 	 -0.0977753978833358 
	 10.3325449999999996 	 -0.0964415481964336 
	 10.3419399999999992 	 -0.0951256932228673 
	 10.3513350000000006 	 -0.0938276129245003 
	 10.3607300000000002 	 -0.0925470872631970 
	 10.3701249999999998 	 -0.0912838962008209 
	 10.3795199999999994 	 -0.0900378196992358 
	 10.3889149999999990 	 -0.0888086377203055 
	 10.3983099999999986 	 -0.0875961302258939 
	 10.4077050000000000 	 -0.0864000771778644 
	 10.4171000000000014 	 -0.0852202585380812 
	 10.4264950000000010 	 -0.0840564542684082 
	 10.4358900000000006 	 -0.0829084443307090 
	 10.4452850000000002 	 -0.0817760086868475 
	 10.4546799999999998 	 -0.0806589272986874 
	 10.4640749999999993 	 -0.0795569801280924 
	 10.4734699999999989 	 -0.0784699471369265 
	 10.4828649999999985 	 -0.0773976082870535 
	 10.4922599999999981 	 -0.0763397435403370 
	 10.5016550000000013 	 -0.0752961330359870 
	 10.5110500000000009 	 -0.0742666089894086 
	 10.5204450000000005 	 -0.0732511278788957 
	 10.5298400000000001 	 -0.0722496643233303 
	 10.5392349999999997 	 -0.0712621929415940 
	 10.5486299999999993 	 -0.0702886883525687 
	 10.5580249999999989 	 -0.0693291251751360 
	 10.5674200000000003 	 -0.0683834780281777 
	 10.5768149999999999 	 -0.0674517215305759 
	 10.5862100000000012 	 -0.0665338303012120 
	 10.5956050000000008 	 -0.0656297789589681 
	 10.6050000000000004 	 -0.0647395346031015 
	 10.6143949999999982 	 -0.0638629149705896 
	 10.6237899999999996 	 -0.0629996004727897 
	 10.6331849999999992 	 -0.0621492664140962 
	 10.6425799999999988 	 -0.0613115880989030 
	 10.6519749999999984 	 -0.0604862408316042 
	 10.6613699999999998 	 -0.0596728999165934 
	 10.6707649999999994 	 -0.0588712406582650 
	 10.6801600000000008 	 -0.0580809383610127 
	 10.6895550000000004 	 -0.0573016683292307 
	 10.6989500000000000 	 -0.0565331058673130 
	 10.7083449999999996 	 -0.0557749516318284 
	 10.7177400000000009 	 -0.0550270484256444 
	 10.7271349999999988 	 -0.0542892885616571 
	 10.7365300000000001 	 -0.0535615644032632 
	 10.7459249999999980 	 -0.0528437683138604 
	 10.7553199999999993 	 -0.0521357926568453 
	 10.7647149999999989 	 -0.0514375297956155 
	 10.7741100000000003 	 -0.0507488720935680 
	 10.7835049999999999 	 -0.0500697119141003 
	 10.7928999999999995 	 -0.0493999416206093 
	 10.8022949999999991 	 -0.0487394535764923 
	 10.8116900000000005 	 -0.0480881401451463 
	 10.8210849999999983 	 -0.0474458936899689 
	 10.8304799999999997 	 -0.0468126065743569 
	 10.8398749999999993 	 -0.0461881711617077 
	 10.8492700000000006 	 -0.0455724798154183 
	 10.8586650000000002 	 -0.0449654248988862 
	 10.8680600000000016 	 -0.0443668987755083 
	 10.8774549999999994 	 -0.0437767938086821 
	 10.8868500000000008 	 -0.0431950023618044 
	 10.8962449999999986 	 -0.0426214167982728 
	 10.9056400000000000 	 -0.0420559294814841 
	 10.9150349999999978 	 -0.0414984327748359 
	 10.9244299999999992 	 -0.0409488190417249 
	 10.9338249999999988 	 -0.0404069806455487 
	 10.9432200000000002 	 -0.0398728099497043 
	 10.9526149999999998 	 -0.0393461993175890 
	 10.9620100000000011 	 -0.0388270411125998 
	 10.9714049999999990 	 -0.0383152276981343 
	 10.9808000000000003 	 -0.0378106514375892 
	 10.9901949999999999 	 -0.0373132046943620 
	 10.9995899999999995 	 -0.0368227798318499 
	 11.0089849999999991 	 -0.0363392671261982 
	 11.0183800000000005 	 -0.0358625473353344 
	 11.0277750000000001 	 -0.0353924985055192 
	 11.0371700000000015 	 -0.0349289986828146 
	 11.0465649999999993 	 -0.0344719259132831 
	 11.0559600000000007 	 -0.0340211582429867 
	 11.0653549999999985 	 -0.0335765737179878 
	 11.0747499999999999 	 -0.0331380503843484 
	 11.0841449999999995 	 -0.0327054662881310 
	 11.0935399999999991 	 -0.0322786994753976 
	 11.1029349999999987 	 -0.0318576282971072 
	 11.1123300000000000 	 -0.0314421524903193 
	 11.1217249999999996 	 -0.0310322068526311 
	 11.1311200000000010 	 -0.0306277294327080 
	 11.1405150000000006 	 -0.0302286582792152 
	 11.1499100000000002 	 -0.0298349314408181 
	 11.1593049999999998 	 -0.0294464869661819 
	 11.1687000000000012 	 -0.0290632629039718 
	 11.1780949999999990 	 -0.0286851973028532 
	 11.1874900000000004 	 -0.0283122282114912 
	 11.1968849999999982 	 -0.0279442936785514 
	 11.2062799999999996 	 -0.0275813317526988 
	 11.2156749999999992 	 -0.0272232804825987 
	 11.2250700000000005 	 -0.0268700779169164 
	 11.2344650000000001 	 -0.0265216621043174 
	 11.2438599999999997 	 -0.0261779710934667 
	 11.2532549999999993 	 -0.0258389429330296 
	 11.2626500000000007 	 -0.0255045156716715 
	 11.2720449999999985 	 -0.0251746273580577 
	 11.2814399999999999 	 -0.0248492160408533 
	 11.2908350000000013 	 -0.0245282197687237 
	 11.3002300000000009 	 -0.0242115765903342 
	 11.3096250000000005 	 -0.0238992245543501 
	 11.3190200000000019 	 -0.0235911017094365 
	 11.3284149999999997 	 -0.0232871461042589 
	 11.3378100000000011 	 -0.0229872957874824 
	 11.3472049999999989 	 -0.0226914888077725 
	 11.3566000000000003 	 -0.0223996632137942 
	 11.3659949999999981 	 -0.0221117570542130 
	 11.3753899999999994 	 -0.0218277083776940 
	 11.3847850000000008 	 -0.0215474552329025 
	 11.3941800000000004 	 -0.0212709356685040 
	 11.4035750000000000 	 -0.0209980878826086 
	 11.4129700000000014 	 -0.0207288566118497 
	 11.4223649999999992 	 -0.0204631955341214 
	 11.4317600000000006 	 -0.0202010589721133 
	 11.4411550000000002 	 -0.0199424012485156 
	 11.4505499999999998 	 -0.0196871766860182 
	 11.4599449999999994 	 -0.0194353396073109 
	 11.4693400000000025 	 -0.0191868443350836 
	 11.4787350000000004 	 -0.0189416451920264 
	 11.4881300000000017 	 -0.0186996965008291 
	 11.4975249999999996 	 -0.0184609525841816 
	 11.5069200000000009 	 -0.0182253690587834 
	 11.5163149999999987 	 -0.0179929133235217 
	 11.5257100000000001 	 -0.0177635590713455 
	 11.5351049999999997 	 -0.0175372800544071 
	 11.5444999999999993 	 -0.0173140500248588 
	 11.5538950000000007 	 -0.0170938427348528 
	 11.5632900000000021 	 -0.0168766319365414 
	 11.5726849999999999 	 -0.0166623913820768 
	 11.5820800000000013 	 -0.0164510948236112 
	 11.5914750000000009 	 -0.0162427160132970 
	 11.6008700000000005 	 -0.0160372286943999 
	 11.6102650000000001 	 -0.0158345920494326 
	 11.6196600000000014 	 -0.0156347210473281 
	 11.6290549999999993 	 -0.0154375222961962 
	 11.6384500000000006 	 -0.0152429024041465 
	 11.6478450000000002 	 -0.0150507679792888 
	 11.6572400000000016 	 -0.0148610256297327 
	 11.6666349999999994 	 -0.0146735819635882 
	 11.6760300000000008 	 -0.0144883435889647 
	 11.6854250000000004 	 -0.0143052171139722 
	 11.6948200000000000 	 -0.0141241091467202 
	 11.7042149999999996 	 -0.0139449279345340 
	 11.7136100000000010 	 -0.0137676303524463 
	 11.7230049999999988 	 -0.0135922288803487 
	 11.7324000000000002 	 -0.0134187390406458 
	 11.7417950000000015 	 -0.0132471763557428 
	 11.7511900000000011 	 -0.0130775563480449 
	 11.7605850000000007 	 -0.0129098945399569 
	 11.7699800000000021 	 -0.0127442064538838 
	 11.7793749999999999 	 -0.0125805076122309 
	 11.7887699999999978 	 -0.0124188135374031 
	 11.7981649999999991 	 -0.0122591397518053 
	 11.8075599999999987 	 -0.0121015017778426 
	 11.8169549999999983 	 -0.0119459151379202 
	 11.8263499999999997 	 -0.0117923953544429 
	 11.8357450000000011 	 -0.0116409579498158 
	 11.8451399999999989 	 -0.0114916184464440 
	 11.8545350000000003 	 -0.0113443923667325 
	 11.8639299999999999 	 -0.0111992952330863 
	 11.8733249999999995 	 -0.0110563425679105 
	 11.8827199999999991 	 -0.0109155498936100 
	 11.8921150000000004 	 -0.0107769327325899 
	 11.9015099999999983 	 -0.0106405065693042 
	 11.9109049999999996 	 -0.0105062727454376 
	 11.9202999999999992 	 -0.0103741973423523 
	 11.9296950000000006 	 -0.0102442410376103 
	 11.9390899999999984 	 -0.0101163645087734 
	 11.9484849999999998 	 -0.0099905284334034 
	 11.9578799999999994 	 -0.0098666934890622 
	 11.9672749999999990 	 -0.0097448203533117 
	 11.9766699999999986 	 -0.0096248697037139 
	 11.9860650000000000 	 -0.0095068022178304 
	 11.9954599999999978 	 -0.0093905785732234 
	 12.0048550000000009 	 -0.0092761594474544 
	 12.0142500000000005 	 -0.0091635055180856 
	 12.0236450000000001 	 -0.0090525774626788 
	 12.0330399999999997 	 -0.0089433359587958 
	 12.0424350000000011 	 -0.0088357416839984 
	 12.0518299999999989 	 -0.0087297553158487 
	 12.0612250000000003 	 -0.0086253375319083 
	 12.0706199999999981 	 -0.0085224490097394 
	 12.0800149999999995 	 -0.0084210504269036 
	 12.0894099999999991 	 -0.0083211024609629 
	 12.0988050000000005 	 -0.0082225657894791 
	 12.1082000000000001 	 -0.0081254006425424 
	 12.1175949999999997 	 -0.0080295646194207 
	 12.1269899999999993 	 -0.0079350143610663 
	 12.1363850000000006 	 -0.0078417065070464 
	 12.1457799999999985 	 -0.0077495976969282 
	 12.1551749999999998 	 -0.0076586445702789 
	 12.1645699999999994 	 -0.0075688037666657 
	 12.1739649999999990 	 -0.0074800319256558 
	 12.1833600000000004 	 -0.0073922856868165 
	 12.1927550000000018 	 -0.0073055216897150 
	 12.2021499999999996 	 -0.0072196966637385 
	 12.2115450000000010 	 -0.0071347808861981 
	 12.2209399999999988 	 -0.0070507725273021 
	 12.2303350000000002 	 -0.0069676731942082 
	 12.2397299999999980 	 -0.0068854844940744 
	 12.2491249999999994 	 -0.0068042080340587 
	 12.2585199999999990 	 -0.0067238454213190 
	 12.2679150000000003 	 -0.0066443982630132 
	 12.2773099999999999 	 -0.0065658681662992 
	 12.2867050000000013 	 -0.0064882567383350 
	 12.2960999999999991 	 -0.0064115655862785 
	 12.3054950000000005 	 -0.0063357963172876 
	 12.3148900000000001 	 -0.0062609505385202 
	 12.3242849999999997 	 -0.0061870298571343 
	 12.3336799999999993 	 -0.0061140358802878 
	 12.3430750000000007 	 -0.0060419702151386 
	 12.3524700000000003 	 -0.0059708344688446 
	 12.3618650000000017 	 -0.0059006302485638 
	 12.3712599999999995 	 -0.0058313591614541 
	 12.3806550000000009 	 -0.0057630228146734 
	 12.3900499999999987 	 -0.0056956228153796 
	 12.3994450000000001 	 -0.0056291607707307 
	 12.4088399999999996 	 -0.0055636342020944 
	 12.4182349999999992 	 -0.0054990211118286 
	 12.4276299999999988 	 -0.0054352936800937 
	 12.4370250000000002 	 -0.0053724240860392 
	 12.4464199999999998 	 -0.0053103845088144 
	 12.4558150000000012 	 -0.0052491471275687 
	 12.4652100000000008 	 -0.0051886841214514 
	 12.4746050000000004 	 -0.0051289676696119 
	 12.4840000000000000 	 -0.0050699699511996 
	 12.4933950000000014 	 -0.0050116631453638 
	 12.5027899999999992 	 -0.0049540194552437 
	 12.5121850000000006 	 -0.0048970129864594 
	 12.5215799999999984 	 -0.0048406210959826 
	 12.5309750000000015 	 -0.0047848214590821 
	 12.5403699999999994 	 -0.0047295917510269 
	 12.5497650000000007 	 -0.0046749096470858 
	 12.5591600000000003 	 -0.0046207528225278 
	 12.5685549999999999 	 -0.0045670989526219 
	 12.5779499999999995 	 -0.0045139257126370 
	 12.5873450000000009 	 -0.0044612107778419 
	 12.5967399999999987 	 -0.0044089318235056 
	 12.6061350000000001 	 -0.0043570665248971 
	 12.6155299999999997 	 -0.0043055925572852 
	 12.6249250000000011 	 -0.0042544875959389 
	 12.6343200000000007 	 -0.0042037293161272 
	 12.6437150000000020 	 -0.0041532953931188 
	 12.6531099999999999 	 -0.0041031635021828 
	 12.6625050000000012 	 -0.0040533113185881 
	 12.6718999999999991 	 -0.0040037165176036 
	 12.6812950000000004 	 -0.0039543567744982 
	 12.6906899999999982 	 -0.0039052097645409 
	 12.7000849999999996 	 -0.0038562531630006 
	 12.7094800000000010 	 -0.0038074646451462 
	 12.7188750000000006 	 -0.0037588218862466 
	 12.7282700000000002 	 -0.0037103025615707 
	 12.7376650000000016 	 -0.0036618843463876 
	 12.7470599999999994 	 -0.0036135449159660 
	 12.7564550000000008 	 -0.0035652619455750 
	 12.7658500000000004 	 -0.0035170131104834 
	 12.7752450000000000 	 -0.0034687760859602 
	 12.7846399999999996 	 -0.0034205285472743 
	 12.7940350000000009 	 -0.0033722481696946 
	 12.8034300000000005 	 -0.0033239128242942 
	 12.8128250000000019 	 -0.0032755098344844 
	 12.8222199999999997 	 -0.0032270399881158 
	 12.8316150000000011 	 -0.0031785051028808 
	 12.8410099999999989 	 -0.0031299069964721 
	 12.8504050000000003 	 -0.0030812474865820 
	 12.8597999999999999 	 -0.0030325283909030 
	 12.8691949999999995 	 -0.0029837515271277 
	 12.8785899999999991 	 -0.0029349187129486 
	 12.8879850000000022 	 -0.0028860317660580 
	 12.8973800000000001 	 -0.0028370925041486 
	 12.9067750000000014 	 -0.0027881027449127 
	 12.9161700000000010 	 -0.0027390643060430 
	 12.9255650000000006 	 -0.0026899790052319 
	 12.9349600000000002 	 -0.0026408486601718 
	 12.9443550000000016 	 -0.0025916750885554 
	 12.9537499999999994 	 -0.0025424601080750 
	 12.9631449999999973 	 -0.0024932055364231 
	 12.9725400000000004 	 -0.0024439131912923 
	 12.9819350000000000 	 -0.0023945848903751 
	 12.9913299999999996 	 -0.0023452224513639 
	 13.0007249999999992 	 -0.0022958276955420 
	 13.0101200000000006 	 -0.0022464121960792 
	 13.0195149999999984 	 -0.0021970185139534 
	 13.0289099999999998 	 -0.0021476953512061 
	 13.0383049999999994 	 -0.0020984914098789 
	 13.0476999999999990 	 -0.0020494553920131 
	 13.0570950000000003 	 -0.0020006359996502 
	 13.0664900000000017 	 -0.0019520819348317 
	 13.0758849999999995 	 -0.0019038418995990 
	 13.0852800000000009 	 -0.0018559645959937 
	 13.0946749999999987 	 -0.0018084987260572 
	 13.1040700000000001 	 -0.0017614929918309 
	 13.1134649999999979 	 -0.0017149960953563 
	 13.1228599999999993 	 -0.0016690567386750 
	 13.1322549999999989 	 -0.0016237236238282 
	 13.1416499999999985 	 -0.0015790454528576 
	 13.1510449999999999 	 -0.0015350709278046 
	 13.1604400000000012 	 -0.0014918487507106 
	 13.1698349999999991 	 -0.0014494276236171 
	 13.1792300000000004 	 -0.0014078562485656 
	 13.1886250000000000 	 -0.0013671833275976 
	 13.1980199999999996 	 -0.0013274575627545 
	 13.2074149999999992 	 -0.0012887276560777 
	 13.2168100000000006 	 -0.0012510423096088 
	 13.2262049999999984 	 -0.0012144502253892 
	 13.2356000000000016 	 -0.0011790001054603 
	 13.2449949999999994 	 -0.0011447406518637 
	 13.2543900000000008 	 -0.0011117205666408 
	 13.2637849999999986 	 -0.0010799885518331 
	 13.2731800000000000 	 -0.0010495933094820 
	 13.2825749999999996 	 -0.0010205835416290 
	 13.2919699999999992 	 -0.0009930079503156 
	 13.3013649999999988 	 -0.0009669151516204 
	 13.3107600000000001 	 -0.0009423119989319 
	 13.3201549999999980 	 -0.0009190965228922 
	 13.3295500000000011 	 -0.0008971492532830 
	 13.3389450000000007 	 -0.0008763507198862 
	 13.3483400000000003 	 -0.0008565814524837 
	 13.3577349999999999 	 -0.0008377219808572 
	 13.3671300000000013 	 -0.0008196528347887 
	 13.3765249999999991 	 -0.0008022545440601 
	 13.3859200000000005 	 -0.0007854076384530 
	 13.3953149999999983 	 -0.0007689926477495 
	 13.4047099999999997 	 -0.0007528925165308 
	 13.4141049999999993 	 -0.0007370453843090 
	 13.4235000000000007 	 -0.0007214443942853 
	 13.4328950000000003 	 -0.0007060850662117 
	 13.4422899999999998 	 -0.0006909629198404 
	 13.4516849999999994 	 -0.0006760734749234 
	 13.4610800000000008 	 -0.0006614122512129 
	 13.4704749999999986 	 -0.0006469747684610 
	 13.4798700000000000 	 -0.0006327565464199 
	 13.4892649999999996 	 -0.0006187531048416 
	 13.4986599999999992 	 -0.0006049599634782 
	 13.5080550000000006 	 -0.0005913726420819 
	 13.5174500000000020 	 -0.0005779866604048 
	 13.5268449999999998 	 -0.0005647975381989 
	 13.5362400000000012 	 -0.0005518007952165 
	 13.5456349999999990 	 -0.0005389919512096 
	 13.5550300000000004 	 -0.0005263665259304 
	 13.5644249999999982 	 -0.0005139200391309 
	 13.5738199999999996 	 -0.0005016480105633 
	 13.5832149999999992 	 -0.0004895459599797 
	 13.5926100000000005 	 -0.0004776094071322 
	 13.6020050000000001 	 -0.0004658338717729 
	 13.6114000000000015 	 -0.0004542148736540 
	 13.6207949999999993 	 -0.0004427479325275 
	 13.6301900000000007 	 -0.0004314285681456 
	 13.6395850000000003 	 -0.0004202523002603 
	 13.6489799999999999 	 -0.0004092146486239 
	 13.6583749999999995 	 -0.0003983111329884 
	 13.6677700000000009 	 -0.0003875372731059 
	 13.6771649999999987 	 -0.0003768885887286 
	 13.6865600000000018 	 -0.0003663605996085 
	 13.6959549999999997 	 -0.0003559488254978 
	 13.7053500000000010 	 -0.0003456489881299 
	 13.7147449999999989 	 -0.0003354602297905 
	 13.7241400000000002 	 -0.0003253845457657 
	 13.7335349999999998 	 -0.0003154240186395 
	 13.7429299999999994 	 -0.0003055807309962 
	 13.7523249999999990 	 -0.0002958567654200 
	 13.7617200000000004 	 -0.0002862542044949 
	 13.7711150000000000 	 -0.0002767751308052 
	 13.7805100000000014 	 -0.0002674216269350 
	 13.7899050000000010 	 -0.0002581957754685 
	 13.7993000000000006 	 -0.0002490996589899 
	 13.8086950000000002 	 -0.0002401332665341 
	 13.8180900000000015 	 -0.0002312861079148 
	 13.8274849999999994 	 -0.0002225444209417 
	 13.8368800000000007 	 -0.0002138944423322 
	 13.8462749999999986 	 -0.0002053224088037 
	 13.8556699999999999 	 -0.0001968145570738 
	 13.8650649999999995 	 -0.0001883571238597 
	 13.8744600000000009 	 -0.0001799363458790 
	 13.8838550000000005 	 -0.0001715384598490 
	 13.8932500000000001 	 -0.0001631497024872 
	 13.9026449999999997 	 -0.0001547563105110 
	 13.9120400000000011 	 -0.0001463445206379 
	 13.9214349999999989 	 -0.0001379005695851 
	 13.9308300000000003 	 -0.0001294106940703 
	 13.9402249999999999 	 -0.0001208611308107 
	 13.9496200000000012 	 -0.0001122381165239 
	 13.9590150000000008 	 -0.0001035278879272 
	 13.9684100000000022 	 -0.0000947166817380 
	 13.9778050000000000 	 -0.0000857907346738 
	 13.9872000000000014 	 -0.0000767362834521 
	 13.9965949999999992 	 -0.0000675395647902 
	 14.0059900000000006 	 -0.0000581878698640 
	 14.0153849999999984 	 -0.0000486821386000 
	 14.0247799999999998 	 -0.0000390328253132 
	 14.0341750000000012 	 -0.0000292505780060 
	 14.0435700000000008 	 -0.0000193460446806 
	 14.0529650000000004 	 -0.0000093298733393 
	 14.0623600000000017 	 0.0000007872880158 
	 14.0717549999999996 	 0.0000109947913824 
	 14.0811500000000009 	 0.0000212819887583 
	 14.0905450000000005 	 0.0000316382321412 
	 14.0999400000000001 	 0.0000420528735289 
	 14.1093349999999997 	 0.0000525152649192 
	 14.1187300000000011 	 0.0000630147583098 
	 14.1281250000000007 	 0.0000735407056985 
	 14.1375199999999985 	 0.0000840824590831 
	 14.1469149999999999 	 0.0000946293704613 
	 14.1563099999999995 	 0.0001051707918309 
	 14.1657049999999991 	 0.0001156960751897 
	 14.1750999999999987 	 0.0001261945725355 
	 14.1844950000000001 	 0.0001366556358659 
	 14.1938899999999979 	 0.0001470686171788 
	 14.2032849999999993 	 0.0001574228684720 
	 14.2126800000000006 	 0.0001677077417431 
	 14.2220750000000002 	 0.0001779125889901 
	 14.2314699999999998 	 0.0001880267622105 
	 14.2408650000000012 	 0.0001980396134023 
	 14.2502599999999990 	 0.0002079404945631 
	 14.2596550000000004 	 0.0002177187576908 
	 14.2690499999999982 	 0.0002273637547831 
	 14.2784449999999996 	 0.0002368648378377 
	 14.2878399999999974 	 0.0002462113588525 
	 14.2972350000000006 	 0.0002553926698252 
	 14.3066300000000002 	 0.0002643994926113 
	 14.3160249999999998 	 0.0002732364128649 
	 14.3254199999999994 	 0.0002819160703271 
	 14.3348150000000008 	 0.0002904512041011 
	 14.3442099999999986 	 0.0002988545532901 
	 14.3536049999999999 	 0.0003071388569972 
	 14.3629999999999995 	 0.0003153168543256 
	 14.3723949999999991 	 0.0003234012843784 
	 14.3817899999999987 	 0.0003314048862588 
	 14.3911850000000019 	 0.0003393403990699 
	 14.4005799999999997 	 0.0003472205613569 
	 14.4099750000000011 	 0.0003550552756521 
	 14.4193699999999989 	 0.0003628450115135 
	 14.4287650000000003 	 0.0003705882797536 
	 14.4381599999999981 	 0.0003782835911847 
	 14.4475549999999995 	 0.0003859294566189 
	 14.4569499999999991 	 0.0003935243868687 
	 14.4663449999999987 	 0.0004010668927463 
	 14.4757400000000001 	 0.0004085554850641 
	 14.4851350000000014 	 0.0004159886746344 
	 14.4945299999999992 	 0.0004233649722694 
	 14.5039250000000006 	 0.0004306829042400 
	 14.5133200000000002 	 0.0004379415391516 
	 14.5227149999999998 	 0.0004451406179748 
	 14.5321099999999994 	 0.0004522799235215 
	 14.5415050000000008 	 0.0004593592386036 
	 14.5508999999999986 	 0.0004663783460332 
	 14.5602950000000000 	 0.0004733370286222 
	 14.5696899999999996 	 0.0004802350691824 
	 14.5790850000000010 	 0.0004870722505260 
	 14.5884799999999988 	 0.0004938483554649 
	 14.5978750000000002 	 0.0005005631668110 
	 14.6072699999999998 	 0.0005072164673762 
	 14.6166649999999994 	 0.0005138080399726 
	 14.6260599999999990 	 0.0005203376674121 
	 14.6354550000000003 	 0.0005268051325066 
	 14.6448499999999981 	 0.0005332102180681 
	 14.6542450000000013 	 0.0005395527069087 
	 14.6636400000000009 	 0.0005458323818401 
	 14.6730350000000005 	 0.0005520490256744 
	 14.6824300000000001 	 0.0005582024212236 
	 14.6918250000000015 	 0.0005642923512996 
	 14.7012199999999993 	 0.0005703186026032 
	 14.7106150000000007 	 0.0005762835078057 
	 14.7200099999999985 	 0.0005821963353353 
	 14.7294049999999999 	 0.0005880675236636 
	 14.7387999999999995 	 0.0005939075112624 
	 14.7481950000000008 	 0.0005997267366034 
	 14.7575900000000004 	 0.0006055356381584 
	 14.7669850000000000 	 0.0006113446543989 
	 14.7763799999999996 	 0.0006171642237968 
	 14.7857750000000010 	 0.0006230047848238 
	 14.7951699999999988 	 0.0006288767759516 
	 14.8045650000000002 	 0.0006347896590848 
	 14.8139599999999998 	 0.0006407288746469 
	 14.8233549999999994 	 0.0006466549412918 
	 14.8327500000000008 	 0.0006525272209728 
	 14.8421450000000021 	 0.0006583050756430 
	 14.8515400000000000 	 0.0006639478672558 
	 14.8609350000000013 	 0.0006694149577642 
	 14.8703299999999992 	 0.0006746657091215 
	 14.8797250000000005 	 0.0006796594832809 
	 14.8891199999999984 	 0.0006843556421955 
	 14.8985149999999997 	 0.0006887135478187 
	 14.9079099999999993 	 0.0006926985594455 
	 14.9173049999999989 	 0.0006963148447657 
	 14.9267000000000003 	 0.0006995820196140 
	 14.9360950000000017 	 0.0007025197395085 
	 14.9454899999999995 	 0.0007051476599672 
	 14.9548850000000009 	 0.0007074854365081 
	 14.9642800000000005 	 0.0007095527246493 
	 14.9736750000000001 	 0.0007113691799087 
	 14.9830699999999997 	 0.0007129544578045 
	 14.9924650000000010 	 0.0007143282138547 
	 15.0018600000000006 	 0.0007155101035773 
	 15.0112550000000020 	 0.0007165197824904 
	 15.0206499999999998 	 0.0007173769061119 
	 15.0300450000000012 	 0.0007181011299600 
	 15.0394399999999990 	 0.0007187121095526 
	 15.0488350000000004 	 0.0007192295004078 
	 15.0582300000000000 	 0.0007196729580437 
	 15.0676249999999996 	 0.0007200621379782 
	 15.0770199999999992 	 0.0007204166957294 
	 15.0864150000000006 	 0.0007207562868153 
	 15.0958100000000002 	 0.0007211005667541 
	 15.1052050000000015 	 0.0007214691910636 
	 15.1146000000000011 	 0.0007218818152620 
	 15.1239950000000007 	 0.0007223580948673 
	 15.1333900000000003 	 0.0007229176853976 
	 15.1427850000000017 	 0.0007235802423707 
	 15.1521799999999995 	 0.0007243654213049 
	 15.1615750000000009 	 0.0007252928777181 
	 15.1709699999999987 	 0.0007263822671284 
	 15.1803650000000001 	 0.0007276532450538 
	 15.1897599999999997 	 0.0007291254670124 
	 15.1991550000000011 	 0.0007308185885221 
	 15.2085500000000007 	 0.0007327460210473 
	 15.2179450000000003 	 0.0007348884226499 
	 15.2273399999999999 	 0.0007372157487522 
	 15.2367350000000012 	 0.0007396979487485 
	 15.2461299999999991 	 0.0007423049720336 
	 15.2555250000000004 	 0.0007450067680019 
	 15.2649200000000000 	 0.0007477732860480 
	 15.2743150000000014 	 0.0007505744755665 
	 15.2837100000000010 	 0.0007533802859520 
	 15.2931050000000024 	 0.0007561606665989 
	 15.3025000000000002 	 0.0007588856673094 
	 15.3118949999999980 	 0.0007615357515727 
	 15.3212899999999994 	 0.0007641107356495 
	 15.3306849999999990 	 0.0007666125422387 
	 15.3400799999999986 	 0.0007690430940392 
	 15.3494749999999982 	 0.0007714043137500 
	 15.3588699999999996 	 0.0007736981240700 
	 15.3682649999999992 	 0.0007759264476980 
	 15.3776600000000006 	 0.0007780912073330 
	 15.3870550000000001 	 0.0007801943256739 
	 15.3964499999999997 	 0.0007822377254197 
	 15.4058449999999993 	 0.0007842233292692 
	 15.4152400000000007 	 0.0007861530599213 
	 15.4246349999999985 	 0.0007880288400750 
	 15.4340299999999999 	 0.0007898525924292 
	 15.4434249999999977 	 0.0007916262396829 
	 15.4528200000000009 	 0.0007933517045348 
	 15.4622149999999987 	 0.0007950309096840 
	 15.4716100000000001 	 0.0007966657778293 
	 15.4810049999999997 	 0.0007982582316697 
	 15.4903999999999993 	 0.0007998101939040 
	 15.4997949999999989 	 0.0008013235872313 
	 15.5091900000000003 	 0.0008028003343504 
	 15.5185849999999981 	 0.0008042423579602 
	 15.5279799999999994 	 0.0008056515807597 
	 15.5373750000000008 	 0.0008070299254477 
	 15.5467700000000004 	 0.0008083793147232 
	 15.5561650000000000 	 0.0008097016712851 
	 15.5655600000000014 	 0.0008109989178322 
	 15.5749549999999992 	 0.0008122729770637 
	 15.5843500000000006 	 0.0008135257716782 
	 15.5937449999999984 	 0.0008147592243748 
	 15.6031399999999998 	 0.0008159752419697 
	 15.6125349999999976 	 0.0008171747843723 
	 15.6219299999999990 	 0.0008183573472598 
	 15.6313250000000004 	 0.0008195223007587 
	 15.6407200000000000 	 0.0008206690149954 
	 15.6501149999999996 	 0.0008217968600965 
	 15.6595100000000009 	 0.0008229052061886 
	 15.6689049999999988 	 0.0008239934233981 
	 15.6783000000000001 	 0.0008250608818516 
	 15.6876949999999997 	 0.0008261069516757 
	 15.6970899999999993 	 0.0008271310029967 
	 15.7064849999999989 	 0.0008281324059414 
	 15.7158800000000021 	 0.0008291105306361 
	 15.7252749999999999 	 0.0008300647472075 
	 15.7346700000000013 	 0.0008309944257820 
	 15.7440649999999991 	 0.0008318989364861 
	 15.7534600000000005 	 0.0008327776494465 
	 15.7628549999999983 	 0.0008336299347896 
	 15.7722499999999997 	 0.0008344551626420 
	 15.7816449999999993 	 0.0008352527031302 
	 15.7910399999999989 	 0.0008360219263806 
	 15.8004350000000002 	 0.0008367622025407 
	 15.8098300000000016 	 0.0008374731409604 
	 15.8192249999999994 	 0.0008381551839812 
	 15.8286200000000008 	 0.0008388089551536 
	 15.8380150000000004 	 0.0008394350780282 
	 15.8474100000000000 	 0.0008400341761557 
	 15.8568049999999996 	 0.0008406068730865 
	 15.8662000000000010 	 0.0008411537923713 
	 15.8755949999999988 	 0.0008416755575607 
	 15.8849900000000002 	 0.0008421727922052 
	 15.8943849999999998 	 0.0008426461198556 
	 15.9037800000000011 	 0.0008430961635553 
	 15.9131749999999990 	 0.0008435235269092 
	 15.9225700000000003 	 0.0008439287884257 
	 15.9319649999999999 	 0.0008443125249512 
	 15.9413599999999995 	 0.0008446753133324 
	 15.9507549999999991 	 0.0008450177304157 
	 15.9601500000000005 	 0.0008453403530477 
	 15.9695449999999983 	 0.0008456437580749 
	 15.9789400000000015 	 0.0008459285223440 
	 15.9883350000000011 	 0.0008461952227013 
	 15.9977300000000007 	 0.0008464444359936 
	 16.0071249999999985 	 0.0008466765651710 
	 16.0165199999999999 	 0.0008468905412347 
	 16.0259150000000012 	 0.0008470845545655 
	 16.0353100000000026 	 0.0008472567899203 
	 16.0447050000000004 	 0.0008474054320561 
	 16.0541000000000018 	 0.0008475286657299 
	 16.0634949999999996 	 0.0008476246756986 
	 16.0728900000000010 	 0.0008476916467192 
	 16.0822849999999988 	 0.0008477277635488 
	 16.0916800000000002 	 0.0008477312109443 
	 16.1010749999999980 	 0.0008477001749215 
	 16.1104699999999994 	 0.0008476339994502 
	 16.1198650000000008 	 0.0008475353274039 
	 16.1292600000000022 	 0.0008474073852428 
	 16.1386550000000000 	 0.0008472533994273 
	 16.1480500000000013 	 0.0008470765964178 
	 16.1574449999999992 	 0.0008468802026747 
	 16.1668400000000005 	 0.0008466674446583 
	 16.1762349999999984 	 0.0008464415488290 
	 16.1856299999999997 	 0.0008462057416472 
	 16.1950249999999976 	 0.0008459632495732 
	 16.2044200000000025 	 0.0008457172990674 
	 16.2138150000000003 	 0.0008454711165902 
	 16.2232100000000017 	 0.0008452279286020 
	 16.2326049999999995 	 0.0008449909615630 
	 16.2420000000000009 	 0.0008447634419337 
	 16.2513949999999987 	 0.0008445485961745 
	 16.2607900000000001 	 0.0008443496507457 
	 16.2701850000000015 	 0.0008441698321077 
	 16.2795799999999993 	 0.0008440123667209 
	 16.2889750000000006 	 0.0008438804810456 
	 16.2983700000000020 	 0.0008437774015422 
	 16.3077649999999998 	 0.0008437050745268 
	 16.3171600000000012 	 0.0008436567507632 
	 16.3265549999999990 	 0.0008436220642549 
	 16.3359500000000004 	 0.0008435906371640 
	 16.3453449999999982 	 0.0008435520916527 
	 16.3547399999999996 	 0.0008434960498831 
	 16.3641349999999974 	 0.0008434121340174 
	 16.3735299999999988 	 0.0008432899662178 
	 16.3829250000000002 	 0.0008431191686464 
	 16.3923200000000016 	 0.0008428893634653 
	 16.4017150000000029 	 0.0008425901728367 
	 16.4111100000000008 	 0.0008422112189229 
	 16.4205050000000021 	 0.0008417421238858 
	 16.4299000000000035 	 0.0008411725098878 
	 16.4392950000000013 	 0.0008404919990908 
	 16.4486900000000027 	 0.0008396902136572 
	 16.4580850000000005 	 0.0008387567757491 
	 16.4674800000000019 	 0.0008376813075286 
	 16.4768749999999997 	 0.0008364534311578 
	 16.4862699999999975 	 0.0008350627687990 
	 16.4956649999999989 	 0.0008334989426143 
	 16.5050599999999967 	 0.0008317524441785 
	 16.5144549999999981 	 0.0008298305562467 
	 16.5238499999999959 	 0.0008277557442592 
	 16.5332449999999973 	 0.0008255510203472 
	 16.5426399999999987 	 0.0008232393966419 
	 16.5520349999999965 	 0.0008208438852742 
	 16.5614300000000014 	 0.0008183874983754 
	 16.5708250000000028 	 0.0008158932480766 
	 16.5802200000000006 	 0.0008133841465088 
	 16.5896150000000020 	 0.0008108832058032 
	 16.5990099999999998 	 0.0008084134380910 
	 16.6084050000000012 	 0.0008059978555031 
	 16.6177999999999990 	 0.0008036594701708 
	 16.6271950000000004 	 0.0008014212942252 
	 16.6365899999999982 	 0.0007993063397974 
	 16.6459849999999996 	 0.0007973376190185 
	 16.6553799999999974 	 0.0007955381440196 
	 16.6647749999999988 	 0.0007939309269318 
	 16.6741700000000002 	 0.0007925389798863 
	 16.6835649999999980 	 0.0007913853150142 
	 16.6929599999999994 	 0.0007904929444466 
	 16.7023550000000007 	 0.0007898848803146 
	 16.7117499999999986 	 0.0007895841347494 
	 16.7211449999999999 	 0.0007896137198820 
	 16.7305400000000013 	 0.0007899966478435 
	 16.7399350000000027 	 0.0007907559307652 
	 16.7493300000000005 	 0.0007919145807781 
	 16.7587250000000019 	 0.0007934956100133 
	 16.7681199999999997 	 0.0007955220306019 
	 16.7775150000000011 	 0.0007980168546751 
	 16.7869099999999989 	 0.0008010030943640 
	 16.7963050000000003 	 0.0008045037617997 
	 16.8056999999999981 	 0.0008085357554519 
	 16.8150949999999995 	 0.0008130268813046 
	 16.8244899999999973 	 0.0008178375619631 
	 16.8338849999999987 	 0.0008228265546269 
	 16.8432800000000000 	 0.0008278526164950 
	 16.8526749999999979 	 0.0008327745047670 
	 16.8620699999999992 	 0.0008374509766420 
	 16.8714650000000006 	 0.0008417407893194 
	 16.8808599999999984 	 0.0008455026999984 
	 16.8902549999999998 	 0.0008485954658785 
	 16.8996499999999976 	 0.0008508778441588 
	 16.9090450000000025 	 0.0008522464263448 
	 16.9184400000000004 	 0.0008527670514308 
	 16.9278350000000017 	 0.0008525528653778 
	 16.9372299999999996 	 0.0008517170163385 
	 16.9466250000000009 	 0.0008503726524660 
	 16.9560199999999988 	 0.0008486329219133 
	 16.9654150000000001 	 0.0008466109728331 
	 16.9748100000000015 	 0.0008444199533785 
	 16.9842049999999993 	 0.0008421730117025 
	 16.9936000000000007 	 0.0008399832959579 
	 17.0029950000000021 	 0.0008379631808707 
	 17.0123899999999999 	 0.0008361733774896 
	 17.0217850000000013 	 0.0008345913388663 
	 17.0311799999999991 	 0.0008331869711507 
	 17.0405750000000005 	 0.0008319301804929 
	 17.0499699999999983 	 0.0008307908730427 
	 17.0593649999999997 	 0.0008297389549502 
	 17.0687599999999975 	 0.0008287443323653 
	 17.0781549999999989 	 0.0008277769114380 
	 17.0875500000000002 	 0.0008268065983182 
	 17.0969450000000016 	 0.0008258032991558 
	 17.1063399999999994 	 0.0008247388680549 
	 17.1157350000000008 	 0.0008236071463748 
	 17.1251299999999986 	 0.0008224158546152 
	 17.1345250000000000 	 0.0008211729312191 
	 17.1439200000000014 	 0.0008198863146298 
	 17.1533149999999992 	 0.0008185639432905 
	 17.1627100000000006 	 0.0008172137556445 
	 17.1721050000000020 	 0.0008158436901349 
	 17.1814999999999998 	 0.0008144616852050 
	 17.1908950000000011 	 0.0008130756792981 
	 17.2002899999999990 	 0.0008116936108103 
	 17.2096850000000003 	 0.0008103216686450 
	 17.2190799999999982 	 0.0008089596620276 
	 17.2284749999999995 	 0.0008076059463998 
	 17.2378699999999974 	 0.0008062588772031 
	 17.2472649999999987 	 0.0008049168098794 
	 17.2566599999999966 	 0.0008035780998702 
	 17.2660550000000015 	 0.0008022411026171 
	 17.2754500000000029 	 0.0008009041735619 
	 17.2848450000000007 	 0.0007995656681463 
	 17.2942400000000021 	 0.0007982239418118 
	 17.3036350000000034 	 0.0007968773672597 
	 17.3130300000000013 	 0.0007955250431219 
	 17.3224250000000026 	 0.0007941670441304 
	 17.3318200000000004 	 0.0007928035136899 
	 17.3412150000000018 	 0.0007914345952050 
	 17.3506099999999996 	 0.0007900604320805 
	 17.3600050000000010 	 0.0007886811677212 
	 17.3693999999999988 	 0.0007872969455316 
	 17.3787950000000002 	 0.0007859079089165 
	 17.3881899999999980 	 0.0007845142012806 
	 17.3975849999999994 	 0.0007831159660286 
	 17.4069799999999972 	 0.0007817133465652 
	 17.4163749999999986 	 0.0007803064862951 
	 17.4257699999999964 	 0.0007788955286230 
	 17.4351649999999978 	 0.0007774806169537 
	 17.4445600000000027 	 0.0007760618946917 
	 17.4539550000000006 	 0.0007746395052419 
	 17.4633500000000019 	 0.0007732135920089 
	 17.4727450000000033 	 0.0007717842983974 
	 17.4821400000000011 	 0.0007703517678121 
	 17.4915350000000025 	 0.0007689161436578 
	 17.5009300000000003 	 0.0007674775693391 
	 17.5103250000000017 	 0.0007660361882607 
	 17.5197199999999995 	 0.0007645921438274 
	 17.5291150000000009 	 0.0007631455794438 
	 17.5385099999999987 	 0.0007616966385146 
	 17.5479050000000001 	 0.0007602454644446 
	 17.5572999999999979 	 0.0007587922006385 
	 17.5666949999999993 	 0.0007573369905009 
	 17.5760900000000007 	 0.0007558799774366 
	 17.5854849999999985 	 0.0007544213048502 
	 17.5948799999999999 	 0.0007529611161465 
	 17.6042750000000012 	 0.0007514995525554 
	 17.6136700000000026 	 0.0007500366928976 
	 17.6230650000000040 	 0.0007485725458118 
	 17.6324600000000018 	 0.0007471071162005 
	 17.6418550000000032 	 0.0007456404089662 
	 17.6512500000000010 	 0.0007441724290115 
	 17.6606449999999988 	 0.0007427031812388 
	 17.6700400000000002 	 0.0007412326705505 
	 17.6794349999999980 	 0.0007397609018493 
	 17.6888299999999994 	 0.0007382878800377 
	 17.6982249999999972 	 0.0007368136100180 
	 17.7076199999999986 	 0.0007353380966929 
	 17.7170150000000000 	 0.0007338613449647 
	 17.7264099999999978 	 0.0007323833597361 
	 17.7358049999999992 	 0.0007309041459095 
	 17.7452000000000005 	 0.0007294237083875 
	 17.7545949999999984 	 0.0007279420520724 
	 17.7639899999999997 	 0.0007264591818669 
	 17.7733849999999975 	 0.0007249751026734 
	 17.7827799999999989 	 0.0007234898193944 
	 17.7921750000000003 	 0.0007220033369324 
	 17.8015700000000017 	 0.0007205156602343 
	 17.8109649999999995 	 0.0007190268091501 
	 17.8203600000000009 	 0.0007175368400171 
	 17.8297549999999987 	 0.0007160458146535 
	 17.8391500000000001 	 0.0007145537948773 
	 17.8485450000000014 	 0.0007130608425065 
	 17.8579399999999993 	 0.0007115670193592 
	 17.8673350000000006 	 0.0007100723872535 
	 17.8767300000000020 	 0.0007085770080075 
	 17.8861249999999998 	 0.0007070809434392 
	 17.8955200000000012 	 0.0007055842553667 
	 17.9049149999999990 	 0.0007040870050597 
	 17.9143100000000004 	 0.0007025892424498 
	 17.9237049999999982 	 0.0007010910067949 
	 17.9330999999999996 	 0.0006995923369374 
	 17.9424949999999974 	 0.0006980932717201 
	 17.9518899999999988 	 0.0006965938499856 
	 17.9612849999999966 	 0.0006950941105764 
	 17.9706800000000015 	 0.0006935940923353 
	 17.9800749999999994 	 0.0006920938341047 
	 17.9894700000000007 	 0.0006905933747273 
	 17.9988649999999986 	 0.0006890927530458 
	 18.0082599999999999 	 0.0006875920079028 
	 18.0176550000000013 	 0.0006860911781408 
	 18.0270499999999991 	 0.0006845903026025 
	 18.0364450000000005 	 0.0006830894201306 
	 18.0458400000000019 	 0.0006815885695675 
	 18.0552349999999997 	 0.0006800877897560 
	 18.0646300000000011 	 0.0006785871195387 
	 18.0740249999999989 	 0.0006770865977581 
	 18.0834200000000003 	 0.0006755862632569 
	 18.0928149999999981 	 0.0006740861548777 
	 18.1022099999999995 	 0.0006725863114292 
	 18.1116049999999973 	 0.0006710867669371 
	 18.1209999999999987 	 0.0006695875457525 
	 18.1303949999999965 	 0.0006680886710591 
	 18.1397899999999979 	 0.0006665901660407 
	 18.1491850000000028 	 0.0006650920538808 
	 18.1585800000000006 	 0.0006635943577633 
	 18.1679750000000020 	 0.0006620971008719 
	 18.1773700000000034 	 0.0006606003063902 
	 18.1867650000000012 	 0.0006591039975021 
	 18.1961600000000026 	 0.0006576081973911 
	 18.2055550000000004 	 0.0006561129292411 
	 18.2149500000000018 	 0.0006546182162357 
	 18.2243449999999996 	 0.0006531240815587 
	 18.2337400000000009 	 0.0006516305483937 
	 18.2431349999999988 	 0.0006501376399245 
	 18.2525300000000001 	 0.0006486453793348 
	 18.2619249999999980 	 0.0006471537898083 
	 18.2713199999999993 	 0.0006456628945288 
	 18.2807149999999972 	 0.0006441727166799 
	 18.2901099999999985 	 0.0006426832794453 
	 18.2995049999999964 	 0.0006411946060088 
	 18.3088999999999977 	 0.0006397067201113 
	 18.3182949999999991 	 0.0006382196481045 
	 18.3276900000000005 	 0.0006367334171042 
	 18.3370850000000019 	 0.0006352480542267 
	 18.3464800000000032 	 0.0006337635865877 
	 18.3558750000000011 	 0.0006322800413035 
	 18.3652700000000024 	 0.0006307974454899 
	 18.3746650000000002 	 0.0006293158262629 
	 18.3840600000000016 	 0.0006278352107387 
	 18.3934549999999994 	 0.0006263556260332 
	 18.4028500000000008 	 0.0006248770992624 
	 18.4122449999999986 	 0.0006233996575423 
	 18.4216400000000000 	 0.0006219233279890 
	 18.4310349999999978 	 0.0006204481377184 
	 18.4404299999999992 	 0.0006189741138466 
	 18.4498250000000006 	 0.0006175012834895 
	 18.4592199999999984 	 0.0006160296737633 
	 18.4686149999999998 	 0.0006145593117838 
	 18.4780100000000012 	 0.0006130902246672 
	 18.4874049999999990 	 0.0006116224395293 
	 18.4968000000000004 	 0.0006101559834863 
	 18.5061950000000017 	 0.0006086908822868 
	 18.5155900000000031 	 0.0006072271453562 
	 18.5249850000000009 	 0.0006057647713828 
	 18.5343800000000023 	 0.0006043037588664 
	 18.5437750000000001 	 0.0006028441063065 
	 18.5531700000000015 	 0.0006013858122030 
	 18.5625649999999993 	 0.0005999288750556 
	 18.5719600000000007 	 0.0005984732933639 
	 18.5813549999999985 	 0.0005970190656277 
	 18.5907499999999999 	 0.0005955661903467 
	 18.6001449999999977 	 0.0005941146660207 
	 18.6095399999999991 	 0.0005926644911493 
	 18.6189350000000005 	 0.0005912156642323 
	 18.6283299999999983 	 0.0005897681837694 
	 18.6377249999999997 	 0.0005883220482603 
	 18.6471200000000010 	 0.0005868772562047 
	 18.6565149999999988 	 0.0005854338061023 
	 18.6659100000000002 	 0.0005839916964530 
	 18.6753050000000016 	 0.0005825509257563 
	 18.6847000000000030 	 0.0005811114925120 
	 18.6940950000000008 	 0.0005796733952199 
	 18.7034900000000022 	 0.0005782366347731 
	 18.7128850000000000 	 0.0005768013229429 
	 18.7222800000000014 	 0.0005753677267931 
	 18.7316749999999992 	 0.0005739361249812 
	 18.7410700000000006 	 0.0005725067961648 
	 18.7504650000000019 	 0.0005710800190011 
	 18.7598599999999998 	 0.0005696560721478 
	 18.7692550000000011 	 0.0005682352342624 
	 18.7786500000000025 	 0.0005668177840022 
	 18.7880450000000003 	 0.0005654040000248 
	 18.7974400000000017 	 0.0005639941609877 
	 18.8068349999999995 	 0.0005625885099857 
	 18.8162300000000009 	 0.0005611869562253 
	 18.8256249999999987 	 0.0005597892260923 
	 18.8350199999999965 	 0.0005583950441039 
	 18.8444149999999979 	 0.0005570041347775 
	 18.8538099999999993 	 0.0005556162226303 
	 18.8632050000000007 	 0.0005542310321795 
	 18.8725999999999985 	 0.0005528482879425 
	 18.8819949999999999 	 0.0005514677144365 
	 18.8913900000000012 	 0.0005500890361789 
	 18.9007849999999991 	 0.0005487119776867 
	 18.9101800000000004 	 0.0005473362634775 
	 18.9195750000000018 	 0.0005459616180683 
	 18.9289699999999996 	 0.0005445877659765 
	 18.9383650000000010 	 0.0005432144317194 
	 18.9477599999999988 	 0.0005418413398142 
	 18.9571550000000002 	 0.0005404682147783 
	 18.9665499999999980 	 0.0005390947811288 
	 18.9759449999999994 	 0.0005377207633830 
	 18.9853399999999972 	 0.0005363458860583 
	 18.9947349999999986 	 0.0005349698736718 
	 19.0041299999999964 	 0.0005335924507410 
	 19.0135249999999978 	 0.0005322133417830 
	 19.0229199999999992 	 0.0005308322713151 
	 19.0323150000000005 	 0.0005294489638546 
	 19.0417100000000019 	 0.0005280631439187 
	 19.0511050000000033 	 0.0005266745360248 
	 19.0605000000000011 	 0.0005252828646901 
	 19.0698950000000025 	 0.0005238878544318 
	 19.0792900000000003 	 0.0005224892297673 
	 19.0886850000000017 	 0.0005210867152139 
	 19.0980799999999995 	 0.0005196800352887 
	 19.1074750000000009 	 0.0005182690824336 
	 19.1168699999999987 	 0.0005168550076954 
	 19.1262650000000001 	 0.0005154395331689 
	 19.1356599999999979 	 0.0005140243837944 
	 19.1450549999999993 	 0.0005126112845122 
	 19.1544499999999971 	 0.0005112019602625 
	 19.1638449999999985 	 0.0005097981359856 
	 19.1732399999999963 	 0.0005084015366219 
	 19.1826349999999977 	 0.0005070138871116 
	 19.1920299999999990 	 0.0005056369123950 
	 19.2014249999999969 	 0.0005042723374125 
	 19.2108200000000018 	 0.0005029218871043 
	 19.2202150000000032 	 0.0005015872864107 
	 19.2296100000000010 	 0.0005002702602720 
	 19.2390050000000024 	 0.0004989725336286 
	 19.2484000000000002 	 0.0004976958314206 
	 19.2577950000000016 	 0.0004964418785884 
	 19.2671899999999994 	 0.0004952124000724 
	 19.2765850000000007 	 0.0004940091208127 
	 19.2859799999999986 	 0.0004928337657497 
	 19.2953749999999999 	 0.0004916880598237 
	 19.3047699999999978 	 0.0004905736908360 
	 19.3141649999999991 	 0.0004894915225666 
	 19.3235600000000005 	 0.0004884416111969 
	 19.3329549999999983 	 0.0004874239790540 
	 19.3423499999999997 	 0.0004864386484655 
	 19.3517450000000011 	 0.0004854856417587 
	 19.3611399999999989 	 0.0004845649812608 
	 19.3705350000000003 	 0.0004836766892993 
	 19.3799300000000017 	 0.0004828207882015 
	 19.3893250000000030 	 0.0004819973002948 
	 19.3987200000000009 	 0.0004812062479065 
	 19.4081150000000022 	 0.0004804476533639 
	 19.4175100000000000 	 0.0004797215389944 
	 19.4269050000000014 	 0.0004790279271254 
	 19.4362999999999992 	 0.0004783668400843 
	 19.4456950000000006 	 0.0004777383001982 
	 19.4550899999999984 	 0.0004771423297947 
	 19.4644849999999998 	 0.0004765789512011 
	 19.4738799999999976 	 0.0004760481867446 
	 19.4832749999999990 	 0.0004755500587527 
	 19.4926700000000004 	 0.0004750845895527 
	 19.5020649999999982 	 0.0004746517947764 
	 19.5114599999999996 	 0.0004742505724239 
	 19.5208550000000010 	 0.0004738774609832 
	 19.5302499999999988 	 0.0004735286994805 
	 19.5396450000000002 	 0.0004732005269421 
	 19.5490399999999980 	 0.0004728891823942 
	 19.5584349999999993 	 0.0004725909048631 
	 19.5678300000000007 	 0.0004723019333750 
	 19.5772250000000021 	 0.0004720185069563 
	 19.5866199999999999 	 0.0004717368646332 
	 19.5960150000000013 	 0.0004714532454319 
	 19.6054099999999991 	 0.0004711640202972 
	 19.6148050000000005 	 0.0004708677360787 
	 19.6242000000000019 	 0.0004705647243741 
	 19.6335949999999997 	 0.0004702553695043 
	 19.6429900000000011 	 0.0004699400557899 
	 19.6523850000000024 	 0.0004696191675517 
	 19.6617800000000003 	 0.0004692930891103 
	 19.6711750000000016 	 0.0004689622047864 
	 19.6805699999999995 	 0.0004686268989007 
	 19.6899650000000008 	 0.0004682875557740 
	 19.6993599999999986 	 0.0004679445597269 
	 19.7087550000000000 	 0.0004675982950802 
	 19.7181499999999978 	 0.0004672491461545 
	 19.7275449999999992 	 0.0004668974972706 
	 19.7369400000000006 	 0.0004665437327491 
	 19.7463350000000020 	 0.0004661882369108 
	 19.7557299999999998 	 0.0004658313940764 
	 19.7651250000000012 	 0.0004654735885665 
	 19.7745199999999990 	 0.0004651152047019 
	 19.7839150000000004 	 0.0004647566268033 
	 19.7933100000000017 	 0.0004643982391913 
	 19.8027049999999996 	 0.0004640404241899 
	 19.8121000000000009 	 0.0004636833933789 
	 19.8214950000000023 	 0.0004633270593071 
	 19.8308900000000001 	 0.0004629713043152 
	 19.8402850000000015 	 0.0004626160107440 
	 19.8496799999999993 	 0.0004622610609343 
	 19.8590750000000007 	 0.0004619063372268 
	 19.8684699999999985 	 0.0004615517219622 
	 19.8778649999999999 	 0.0004611970974813 
	 19.8872599999999977 	 0.0004608423461249 
	 19.8966549999999991 	 0.0004604873502336 
	 19.9060499999999969 	 0.0004601319921482 
	 19.9154450000000018 	 0.0004597761542096 
	 19.9248400000000032 	 0.0004594197187583 
	 19.9342350000000010 	 0.0004590625681352 
	 19.9436300000000024 	 0.0004587045846811 
	 19.9530250000000038 	 0.0004583456507366 
	 19.9624200000000016 	 0.0004579856486425 
	 19.9718150000000030 	 0.0004576244607395 
	 19.9812100000000008 	 0.0004572619693685 
	 19.9906050000000022 	 0.0004568980568701 
	 20.0000000000000000 	 0.0004565326055851 
