	 1.2100000000000000 	 -5.9292263330000008 
	 1.2193950000000000 	 -5.9548709740969743 
	 1.2287900000000000 	 -5.9790883419218073 
	 1.2381850000000001 	 -6.0019522000888355 
	 1.2475799999999999 	 -6.0235311320779958 
	 1.2569750000000002 	 -6.0438914178289114 
	 1.2663700000000000 	 -6.0630955558868003 
	 1.2757650000000000 	 -6.0812024304187027 
	 1.2851600000000001 	 -6.0982675037530711 
	 1.2945550000000001 	 -6.1143431273578841 
	 1.3039499999999999 	 -6.1294802094675775 
	 1.3133450000000000 	 -6.1437218362040351 
	 1.3227400000000000 	 -6.1571074610497334 
	 1.3321350000000001 	 -6.1696848310666210 
	 1.3415300000000001 	 -6.1815023431330598 
	 1.3509249999999999 	 -6.1925890414042772 
	 1.3603200000000000 	 -6.2029594218333406 
	 1.3697150000000000 	 -6.2126950195216377 
	 1.3791099999999998 	 -6.2218036282755325 
	 1.3885049999999999 	 -6.2302785985218039 
	 1.3978999999999999 	 -6.2381472843963213 
	 1.4072950000000000 	 -6.2454483085551473 
	 1.4166900000000000 	 -6.2522186106413731 
	 1.4260850000000000 	 -6.2584789259563447 
	 1.4354799999999999 	 -6.2642470207444729 
	 1.4448749999999999 	 -6.2695449332206810 
	 1.4542700000000000 	 -6.2743929914855894 
	 1.4636650000000000 	 -6.2788098098662584 
	 1.4730600000000000 	 -6.2828137226427128 
	 1.4824550000000001 	 -6.2864223120185594 
	 1.4918499999999999 	 -6.2896523814824468 
	 1.5012450000000002 	 -6.2925203113153465 
	 1.5106400000000000 	 -6.2950416801725959 
	 1.5200350000000000 	 -6.2972317426570656 
	 1.5294300000000001 	 -6.2991050532425419 
	 1.5388250000000001 	 -6.3006760238006336 
	 1.5482200000000002 	 -6.3019588279139942 
	 1.5576150000000002 	 -6.3029662473558714 
	 1.5670099999999998 	 -6.3037105600271932 
	 1.5764049999999998 	 -6.3042042453762743 
	 1.5857999999999999 	 -6.3044620097827746 
	 1.5951949999999999 	 -6.3044996422028960 
	 1.6045900000000000 	 -6.3043275552892366 
	 1.6139850000000000 	 -6.3039515549696201 
	 1.6233799999999998 	 -6.3033804485581504 
	 1.6327749999999999 	 -6.3026268941053800 
	 1.6421699999999999 	 -6.3017037831202423 
	 1.6515649999999999 	 -6.3006239857685289 
	 1.6609600000000000 	 -6.2993931488233947 
	 1.6703550000000000 	 -6.2980266271667968 
	 1.6797499999999999 	 -6.2965876698410161 
	 1.6891450000000001 	 -6.2950452966866610 
	 1.6985399999999999 	 -6.2933550453084575 
	 1.7079350000000000 	 -6.2915296756243118 
	 1.7173300000000000 	 -6.2896007043108151 
	 1.7267250000000001 	 -6.2875975907629638 
	 1.7361199999999999 	 -6.2855295825980626 
	 1.7455150000000001 	 -6.2833948573038994 
	 1.7549100000000000 	 -6.2811970525633134 
	 1.7643049999999998 	 -6.2789449160067132 
	 1.7736999999999998 	 -6.2766634428758454 
	 1.7830949999999999 	 -6.2743027181372604 
	 1.7924899999999999 	 -6.2718557606670275 
	 1.8018850000000000 	 -6.2694667599356686 
	 1.8112800000000000 	 -6.2670973362939550 
	 1.8206750000000000 	 -6.2647041370571435 
	 1.8300700000000001 	 -6.2622907557178671 
	 1.8394650000000001 	 -6.2598740219917186 
	 1.8488600000000002 	 -6.2574921673879311 
	 1.8582550000000002 	 -6.2551886555921659 
	 1.8676499999999998 	 -6.2529174967936587 
	 1.8770449999999999 	 -6.2501648976294559 
	 1.8864399999999999 	 -6.2474858450329016 
	 1.8958349999999999 	 -6.2452344506321609 
	 1.9052300000000000 	 -6.2431974779485948 
	 1.9146250000000000 	 -6.2411598750038859 
	 1.9240199999999998 	 -6.2390615295495184 
	 1.9334150000000001 	 -6.2369994308623840 
	 1.9428099999999999 	 -6.2350294515995754 
	 1.9522050000000000 	 -6.2331385138070292 
	 1.9616000000000000 	 -6.2313165972351161 
	 1.9709950000000001 	 -6.2295706308640568 
	 1.9803900000000001 	 -6.2279072977844088 
	 1.9897850000000001 	 -6.2263276993104402 
	 1.9991800000000000 	 -6.2248356505594789 
	 2.0085750000000000 	 -6.2234357242395735 
	 2.0179700000000000 	 -6.2221319304398728 
	 2.0273649999999996 	 -6.2209249073615664 
	 2.0367600000000001 	 -6.2198139752709691 
	 2.0461549999999997 	 -6.2187989885150321 
	 2.0555499999999998 	 -6.2178863141539793 
	 2.0649449999999998 	 -6.2170863187968335 
	 2.0743399999999999 	 -6.2164026730855930 
	 2.0837349999999999 	 -6.2158333348697550 
	 2.0931299999999999 	 -6.2153767576569470 
	 2.1025250000000000 	 -6.2150338045653664 
	 2.1119199999999996 	 -6.2148078035640149 
	 2.1213150000000001 	 -6.2147002129274513 
	 2.1307099999999997 	 -6.2147124450682663 
	 2.1401050000000001 	 -6.2148457594754927 
	 2.1494999999999997 	 -6.2151008422075691 
	 2.1588950000000002 	 -6.2154782651311837 
	 2.1682899999999998 	 -6.2159786001130222 
	 2.1776850000000003 	 -6.2166024190197753 
	 2.1870799999999999 	 -6.2173503554947880 
	 2.1964750000000000 	 -6.2182234229127982 
	 2.2058700000000000 	 -6.2192213518226129 
	 2.2152650000000000 	 -6.2203438598421368 
	 2.2246600000000001 	 -6.2215913515794696 
	 2.2340550000000001 	 -6.2229642180242726 
	 2.2434500000000002 	 -6.2244619275139712 
	 2.2528449999999998 	 -6.2260839170752726 
	 2.2622400000000003 	 -6.2278306415416758 
	 2.2716349999999998 	 -6.2297018573313361 
	 2.2810300000000003 	 -6.2316954134617619 
	 2.2904249999999999 	 -6.2338073996490495 
	 2.2998200000000000 	 -6.2360408829992702 
	 2.3092150000000000 	 -6.2384002992420777 
	 2.3186100000000001 	 -6.2408900841071233 
	 2.3280050000000001 	 -6.2435105999521259 
	 2.3373999999999997 	 -6.2462400911737532 
	 2.3467950000000002 	 -6.2490732394711266 
	 2.3561899999999998 	 -6.2520169133086556 
	 2.3655850000000003 	 -6.2550776157158801 
	 2.3749799999999999 	 -6.2582552345947207 
	 2.3843749999999999 	 -6.2615445877709623 
	 2.3937700000000000 	 -6.2649429903380200 
	 2.4031650000000000 	 -6.2684506039380778 
	 2.4125600000000000 	 -6.2720657024391651 
	 2.4219550000000001 	 -6.2757842078522197 
	 2.4313500000000001 	 -6.2796040489881726 
	 2.4407449999999997 	 -6.2835251600978879 
	 2.4501400000000002 	 -6.2875477198189262 
	 2.4595349999999998 	 -6.2916707298745447 
	 2.4689300000000003 	 -6.2958894767796156 
	 2.4783249999999999 	 -6.3002018219954081 
	 2.4877199999999999 	 -6.3046064412900416 
	 2.4971150000000000 	 -6.3091004853012578 
	 2.5065100000000005 	 -6.3136817438503545 
	 2.5159050000000001 	 -6.3183486851239206 
	 2.5253000000000001 	 -6.3230997505638395 
	 2.5346950000000001 	 -6.3279328280338607 
	 2.5440899999999997 	 -6.3328453257770541 
	 2.5534850000000002 	 -6.3378342827859351 
	 2.5628799999999998 	 -6.3428967177741047 
	 2.5722749999999999 	 -6.3480298006323368 
	 2.5816699999999999 	 -6.3532316847705435 
	 2.5910650000000000 	 -6.3585037087028793 
	 2.6004600000000000 	 -6.3638469977291168 
	 2.6098550000000000 	 -6.3692609718889708 
	 2.6192500000000001 	 -6.3747447485694497 
	 2.6286449999999997 	 -6.3802961744632016 
	 2.6380400000000002 	 -6.3859066323981191 
	 2.6474349999999998 	 -6.3915654549852423 
	 2.6568300000000002 	 -6.3972632627796235 
	 2.6662249999999998 	 -6.4030027982552431 
	 2.6756200000000003 	 -6.4087927354462506 
	 2.6850149999999999 	 -6.4146312718958534 
	 2.6944100000000004 	 -6.4205129356985582 
	 2.7038050000000000 	 -6.4264360899270052 
	 2.7132000000000001 	 -6.4323989994244206 
	 2.7225950000000001 	 -6.4383996451552807 
	 2.7319900000000001 	 -6.4444362438860026 
	 2.7413850000000002 	 -6.4505072932352059 
	 2.7507800000000002 	 -6.4566099621167394 
	 2.7601750000000003 	 -6.4627428913603948 
	 2.7695699999999999 	 -6.4689046945670095 
	 2.7789650000000004 	 -6.4750888546024532 
	 2.7883599999999999 	 -6.4812952914252824 
	 2.7977550000000004 	 -6.4875262610491582 
	 2.8071500000000000 	 -6.4937831727977207 
	 2.8165450000000001 	 -6.5000608181356725 
	 2.8259399999999997 	 -6.5063555345415249 
	 2.8353349999999997 	 -6.5126666343612118 
	 2.8447299999999998 	 -6.5189929235236290 
	 2.8541249999999998 	 -6.5253327500648197 
	 2.8635199999999998 	 -6.5316844508084957 
	 2.8729149999999999 	 -6.5380464951772028 
	 2.8823099999999995 	 -6.5444175367457333 
	 2.8917050000000000 	 -6.5507962425254558 
	 2.9010999999999996 	 -6.5571812400377434 
	 2.9104950000000001 	 -6.5635710639984817 
	 2.9198899999999997 	 -6.5699643665156700 
	 2.9292850000000001 	 -6.5763602463239152 
	 2.9386799999999997 	 -6.5827578974656538 
	 2.9480750000000002 	 -6.5891558045421839 
	 2.9574699999999998 	 -6.5955509365006133 
	 2.9668650000000003 	 -6.6019569664618674 
	 2.9762599999999999 	 -6.6083702632556225 
	 2.9856549999999999 	 -6.6147734105115932 
	 2.9950500000000000 	 -6.6211607156758339 
	 3.0044450000000000 	 -6.6275355771021855 
	 3.0138400000000001 	 -6.6339016243552802 
	 3.0232350000000001 	 -6.6402624384035729 
	 3.0326300000000002 	 -6.6466189026603129 
	 3.0420250000000002 	 -6.6529678466702151 
	 3.0514200000000002 	 -6.6593068996893878 
	 3.0608149999999998 	 -6.6656361160185318 
	 3.0702099999999999 	 -6.6719554906429801 
	 3.0796049999999999 	 -6.6782640854602233 
	 3.0890000000000000 	 -6.6845615430100525 
	 3.0983950000000000 	 -6.6908476133473815 
	 3.1077900000000001 	 -6.6971216906287117 
	 3.1171850000000001 	 -6.7033835516971987 
	 3.1265800000000001 	 -6.7096329073842575 
	 3.1359749999999997 	 -6.7158693391921744 
	 3.1453699999999998 	 -6.7220926674928423 
	 3.1547649999999998 	 -6.7283027947486742 
	 3.1641599999999999 	 -6.7344995952751585 
	 3.1735549999999995 	 -6.7406829846324605 
	 3.1829499999999999 	 -6.7468528796452469 
	 3.1923449999999995 	 -6.7530091579589806 
	 3.2017400000000000 	 -6.7591516333955459 
	 3.2111349999999996 	 -6.7652801479951750 
	 3.2205300000000001 	 -6.7713946231476099 
	 3.2299249999999997 	 -6.7774949914988456 
	 3.2393200000000002 	 -6.7835811856948718 
	 3.2487149999999998 	 -6.7896531455259810 
	 3.2581100000000003 	 -6.7957108463133231 
	 3.2675049999999999 	 -6.8017542744025210 
	 3.2769000000000004 	 -6.8077834357597933 
	 3.2862950000000000 	 -6.8137985013163469 
	 3.2956900000000005 	 -6.8197995670712466 
	 3.3050850000000001 	 -6.8257866202343420 
	 3.3144800000000001 	 -6.8317596560932108 
	 3.3238750000000001 	 -6.8377189184175471 
	 3.3332700000000002 	 -6.8436647376603776 
	 3.3426650000000002 	 -6.8495972343847216 
	 3.3520600000000003 	 -6.8555171033447548 
	 3.3614549999999999 	 -6.8614252545722012 
	 3.3708500000000003 	 -6.8673209369210477 
	 3.3802449999999999 	 -6.8732031743198760 
	 3.3896400000000000 	 -6.8790699039534813 
	 3.3990350000000000 	 -6.8849170293448916 
	 3.4084300000000001 	 -6.8907477390273746 
	 3.4178249999999997 	 -6.8965639022390715 
	 3.4272200000000002 	 -6.9023660928357264 
	 3.4366149999999998 	 -6.9081548836227062 
	 3.4460099999999998 	 -6.9139308474053811 
	 3.4554049999999998 	 -6.9196945188904655 
	 3.4647999999999999 	 -6.9254458029977215 
	 3.4741949999999999 	 -6.9311840967700320 
	 3.4835900000000000 	 -6.9369090643980442 
	 3.4929850000000000 	 -6.9426206948793263 
	 3.5023799999999996 	 -6.9483189951459856 
	 3.5117750000000001 	 -6.9540039721301250 
	 3.5211699999999997 	 -6.9596756326197715 
	 3.5305649999999997 	 -6.9653338779250777 
	 3.5399599999999998 	 -6.9709784982813412 
	 3.5493550000000003 	 -6.9766097281074337 
	 3.5587499999999999 	 -6.9822274820571160 
	 3.5681449999999999 	 -6.9878316098183220 
	 3.5775399999999999 	 -6.9934221848580442 
	 3.5869350000000004 	 -6.9989989788689027 
	 3.5963300000000000 	 -7.0045620337505445 
	 3.6057249999999996 	 -7.0101114185809150 
	 3.6151200000000001 	 -7.0156470553864443 
	 3.6245150000000002 	 -7.0211688629367321 
	 3.6339100000000002 	 -7.0266767375184891 
	 3.6433049999999998 	 -7.0321705517667032 
	 3.6527000000000003 	 -7.0376501791406056 
	 3.6620950000000003 	 -7.0431156593513071 
	 3.6714900000000004 	 -7.0485671414164948 
	 3.6808850000000000 	 -7.0540043202314830 
	 3.6902800000000000 	 -7.0594268186196585 
	 3.6996750000000000 	 -7.0648348992439800 
	 3.7090700000000001 	 -7.0702287343567587 
	 3.7184650000000001 	 -7.0756077285847869 
	 3.7278600000000002 	 -7.0809720042427973 
	 3.7372550000000002 	 -7.0863214622167385 
	 3.7466499999999998 	 -7.0916559318409185 
	 3.7560450000000003 	 -7.0969753252830792 
	 3.7654399999999999 	 -7.1022795552582272 
	 3.7748350000000004 	 -7.1075685344813770 
	 3.7842300000000000 	 -7.1128421759580336 
	 3.7936250000000000 	 -7.1181004002642245 
	 3.8030200000000001 	 -7.1233430964110953 
	 3.8124150000000006 	 -7.1285700984705471 
	 3.8218100000000002 	 -7.1337812609623832 
	 3.8312049999999997 	 -7.1389764848523551 
	 3.8406000000000002 	 -7.1441556763180980 
	 3.8499950000000003 	 -7.1493187415372494 
	 3.8593899999999999 	 -7.1544655669046859 
	 3.8687849999999999 	 -7.1595959595577900 
	 3.8781799999999995 	 -7.1647097401512259 
	 3.8875749999999996 	 -7.1698069267852658 
	 3.8969699999999996 	 -7.1748875525499853 
	 3.9063649999999996 	 -7.1799512141943325 
	 3.9157599999999997 	 -7.1849980413753958 
	 3.9251549999999997 	 -7.1900279450029112 
	 3.9345499999999998 	 -7.1950406253721662 
	 3.9439449999999998 	 -7.2000359866581984 
	 3.9533399999999999 	 -7.2050138420285501 
	 3.9627349999999995 	 -7.2099741006090534 
	 3.9721299999999999 	 -7.2149168188230623 
	 3.9815249999999995 	 -7.2198420637933767 
	 3.9909200000000000 	 -7.2247495471180567 
	 4.0003149999999996 	 -7.2296380980584702 
	 4.0097100000000001 	 -7.2345070455699743 
	 4.0191049999999997 	 -7.2393580131056083 
	 4.0285000000000002 	 -7.2441924265855686 
	 4.0378949999999998 	 -7.2490083652029993 
	 4.0472900000000003 	 -7.2538056011498941 
	 4.0566849999999999 	 -7.2585842772451423 
	 4.0660799999999995 	 -7.2633441378616377 
	 4.0754750000000000 	 -7.2680850270063857 
	 4.0848700000000004 	 -7.2728068581476801 
	 4.0942650000000000 	 -7.2775095453221805 
	 4.1036599999999996 	 -7.2821929806895218 
	 4.1130550000000001 	 -7.2868570317389789 
	 4.1224499999999997 	 -7.2915015648887884 
	 4.1318450000000002 	 -7.2961264736289220 
	 4.1412399999999998 	 -7.3007317024326372 
	 4.1506349999999994 	 -7.3053171614905885 
	 4.1600299999999999 	 -7.3098826976398117 
	 4.1694250000000004 	 -7.3144282860815704 
	 4.1788200000000000 	 -7.3189539518570275 
	 4.1882149999999996 	 -7.3234598159496072 
	 4.1976100000000001 	 -7.3279460299268999 
	 4.2070049999999997 	 -7.3324127067885936 
	 4.2164000000000001 	 -7.3368595115753035 
	 4.2257949999999997 	 -7.3412858730024446 
	 4.2351900000000002 	 -7.3456912351540931 
	 4.2445849999999998 	 -7.3500753588195797 
	 4.2539800000000003 	 -7.3544382809843816 
	 4.2633749999999999 	 -7.3587800478925809 
	 4.2727700000000004 	 -7.3631007057882600 
	 4.2821650000000000 	 -7.3674003007039035 
	 4.2915600000000005 	 -7.3716788473075425 
	 4.3009550000000001 	 -7.3759362959778860 
	 4.3103499999999997 	 -7.3801725892133794 
	 4.3197450000000002 	 -7.3843876704476603 
	 4.3291400000000007 	 -7.3885814864601693 
	 4.3385350000000003 	 -7.3927539801074218 
	 4.3479299999999999 	 -7.3969050788920194 
	 4.3573250000000003 	 -7.4010347617988854 
	 4.3667199999999999 	 -7.4051430159889389 
	 4.3761150000000004 	 -7.4092296959276496 
	 4.3855100000000000 	 -7.4132947845215726 
	 4.3949049999999996 	 -7.4173383079064195 
	 4.4043000000000001 	 -7.4213602119923880 
	 4.4136950000000006 	 -7.4253604405299871 
	 4.4230900000000002 	 -7.4293389433086112 
	 4.4324849999999998 	 -7.4332956782077533 
	 4.4418799999999994 	 -7.4372306147787883 
	 4.4512749999999999 	 -7.4411437433302385 
	 4.4606700000000004 	 -7.4450350529847933 
	 4.4700650000000000 	 -7.4489045215348657 
	 4.4794599999999996 	 -7.4527521185479930 
	 4.4888550000000000 	 -7.4565778148244446 
	 4.4982499999999996 	 -7.4603815934420279 
	 4.5076450000000001 	 -7.4641634427898786 
	 4.5170399999999997 	 -7.4679233630451449 
	 4.5264349999999993 	 -7.4716613594401871 
	 4.5358299999999998 	 -7.4753774342952832 
	 4.5452250000000003 	 -7.4790715559505889 
	 4.5546199999999999 	 -7.4827437111685295 
	 4.5640149999999995 	 -7.4863939249533686 
	 4.5734100000000000 	 -7.4900222258691667 
	 4.5828049999999996 	 -7.4936286446055389 
	 4.5922000000000001 	 -7.4972131624625460 
	 4.6015949999999997 	 -7.5007757241693254 
	 4.6109900000000001 	 -7.5043163642423654 
	 4.6203849999999997 	 -7.5078351290700747 
	 4.6297799999999993 	 -7.5113320541437902 
	 4.6391749999999998 	 -7.5148071364002176 
	 4.6485700000000003 	 -7.5182603716028487 
	 4.6579649999999999 	 -7.5216917938180767 
	 4.6673599999999995 	 -7.5251014473818314 
	 4.6767550000000000 	 -7.5284893614701280 
	 4.6861499999999996 	 -7.5318555741607662 
	 4.6955450000000001 	 -7.5352001306838385 
	 4.7049399999999997 	 -7.5385230415415920 
	 4.7143350000000002 	 -7.5418242913841791 
	 4.7237299999999998 	 -7.5451039102370840 
	 4.7331250000000002 	 -7.5483619791370220 
	 4.7425199999999998 	 -7.5515985812404525 
	 4.7519150000000003 	 -7.5548137468674739 
	 4.7613099999999999 	 -7.5580074491390983 
	 4.7707049999999995 	 -7.5611797406369590 
	 4.7801000000000000 	 -7.5643306859778789 
	 4.7894950000000005 	 -7.5674603497786821 
	 4.7988900000000001 	 -7.5705687876290035 
	 4.8082849999999997 	 -7.5736560187696069 
	 4.8176800000000002 	 -7.5767220862058755 
	 4.8270749999999998 	 -7.5797670551119491 
	 4.8364700000000003 	 -7.5827909920857879 
	 4.8458649999999999 	 -7.5857939357836628 
	 4.8552599999999995 	 -7.5887759325662412 
	 4.8646550000000000 	 -7.5917370471109171 
	 4.8740500000000004 	 -7.5946773420959133 
	 4.8834450000000000 	 -7.5975968777574039 
	 4.8928399999999996 	 -7.6004957142231104 
	 4.9022350000000001 	 -7.6033739116207677 
	 4.9116300000000006 	 -7.6062315300820398 
	 4.9210250000000002 	 -7.6090686309429012 
	 4.9304199999999998 	 -7.6118852784347624 
	 4.9398150000000003 	 -7.6146815372152856 
	 4.9492100000000008 	 -7.6174574737596208 
	 4.9586050000000004 	 -7.6202131622553377 
	 4.9680000000000000 	 -7.6229486719597865 
	 4.9773949999999996 	 -7.6256640401045530 
	 4.9867900000000001 	 -7.6283593777290664 
	 4.9961850000000005 	 -7.6310348265042807 
	 5.0055800000000001 	 -7.6336903904155804 
	 5.0149750000000006 	 -7.6363259824670626 
	 5.0243700000000002 	 -7.6389415657233579 
	 5.0337649999999989 	 -7.6415383469874145 
	 5.0431600000000003 	 -7.6441128125962559 
	 5.0525549999999999 	 -7.6466591240113031 
	 5.0619499999999995 	 -7.6491798803704345 
	 5.0713449999999991 	 -7.6516784454842695 
	 5.0807400000000005 	 -7.6541581831634309 
	 5.0901350000000001 	 -7.6566224572185444 
	 5.0995299999999997 	 -7.6590746314602232 
	 5.1089249999999993 	 -7.6615158136855630 
	 5.1183200000000006 	 -7.6639384632739009 
	 5.1277150000000002 	 -7.6663419902492018 
	 5.1371099999999998 	 -7.6687267765464009 
	 5.1465049999999994 	 -7.6710927831925977 
	 5.1558999999999999 	 -7.6734401543218942 
	 5.1652949999999995 	 -7.6757689508160789 
	 5.1746900000000000 	 -7.6780792506047666 
	 5.1840849999999996 	 -7.6803711298935253 
	 5.1934800000000001 	 -7.6826447578475712 
	 5.2028749999999997 	 -7.6849002440894836 
	 5.2122700000000002 	 -7.6871374599689544 
	 5.2216649999999998 	 -7.6893562624505218 
	 5.2310600000000003 	 -7.6915576550957265 
	 5.2404549999999999 	 -7.6937428566284938 
	 5.2498499999999995 	 -7.6959062741516115 
	 5.2592449999999999 	 -7.6980435732267996 
	 5.2686400000000004 	 -7.7001610783433918 
	 5.2780350000000000 	 -7.7022667060107706 
	 5.2874299999999996 	 -7.7043609021393182 
	 5.2968249999999992 	 -7.7064412500361801 
	 5.3062200000000006 	 -7.7085053271730546 
	 5.3156150000000002 	 -7.7105508375481744 
	 5.3250099999999998 	 -7.7125773960410626 
	 5.3344049999999994 	 -7.7145860976212033 
	 5.3437999999999999 	 -7.7165780586012334 
	 5.3531950000000004 	 -7.7185537417510757 
	 5.3625900000000000 	 -7.7205127737349315 
	 5.3719849999999996 	 -7.7224550056434911 
	 5.3813800000000001 	 -7.7243806967753974 
	 5.3907749999999997 	 -7.7262899462029582 
	 5.4001700000000001 	 -7.7281828251232465 
	 5.4095649999999997 	 -7.7300594095089457 
	 5.4189600000000002 	 -7.7319197934262389 
	 5.4283549999999998 	 -7.7337640760651647 
	 5.4377500000000003 	 -7.7355923613074946 
	 5.4471449999999999 	 -7.7374047413415177 
	 5.4565400000000004 	 -7.7392012217771171 
	 5.4659350000000000 	 -7.7409820179987152 
	 5.4753299999999996 	 -7.7427474133446283 
	 5.4847250000000001 	 -7.7444964405536796 
	 5.4941200000000006 	 -7.7462330423649162 
	 5.5035150000000002 	 -7.7479583038190736 
	 5.5129099999999998 	 -7.7496627078423161 
	 5.5223049999999994 	 -7.7513362887143833 
	 5.5317000000000007 	 -7.7529909711987628 
	 5.5410950000000003 	 -7.7546816655665651 
	 5.5504899999999999 	 -7.7564010994769896 
	 5.5598849999999995 	 -7.7580272946028837 
	 5.5692800000000009 	 -7.7596353906767614 
	 5.5786750000000005 	 -7.7612389229252656 
	 5.5880700000000001 	 -7.7628239698950949 
	 5.5974649999999997 	 -7.7643932393043569 
	 5.6068600000000011 	 -7.7659490353181040 
	 5.6162549999999998 	 -7.7674905230907818 
	 5.6256499999999994 	 -7.7690175840817695 
	 5.6350449999999999 	 -7.7705305645847149 
	 5.6444399999999995 	 -7.7720296459286118 
	 5.6538349999999999 	 -7.7735148535165619 
	 5.6632300000000004 	 -7.7749862468600375 
	 5.6726250000000000 	 -7.7764439359693220 
	 5.6820199999999996 	 -7.7778880240025137 
	 5.6914149999999992 	 -7.7793185978201711 
	 5.7008099999999997 	 -7.7807357463935816 
	 5.7102050000000002 	 -7.7821395603171331 
	 5.7195999999999998 	 -7.7835301336117340 
	 5.7289949999999994 	 -7.7849075599532078 
	 5.7383899999999999 	 -7.7862719284456716 
	 5.7477850000000004 	 -7.7876233274931739 
	 5.7571800000000000 	 -7.7889618489662054 
	 5.7665749999999996 	 -7.7902875816724801 
	 5.7759699999999992 	 -7.7916006129233253 
	 5.7853649999999996 	 -7.7929010402672469 
	 5.7947600000000001 	 -7.7941889568590161 
	 5.8041549999999997 	 -7.7954644460417679 
	 5.8135500000000002 	 -7.7967275929359134 
	 5.8229449999999998 	 -7.7979784851326475 
	 5.8323400000000003 	 -7.7992172138535816 
	 5.8417349999999999 	 -7.8004438759866490 
	 5.8511299999999995 	 -7.8016585570186461 
	 5.8605250000000000 	 -7.8028613272310752 
	 5.8699199999999996 	 -7.8040522842619282 
	 5.8793150000000001 	 -7.8052315178828504 
	 5.8887100000000006 	 -7.8063991135257824 
	 5.8981050000000002 	 -7.8075551562497321 
	 5.9074999999999998 	 -7.8086997300949470 
	 5.9168950000000002 	 -7.8098329115310765 
	 5.9262899999999998 	 -7.8109547757487352 
	 5.9356850000000003 	 -7.8120654224342321 
	 5.9450799999999999 	 -7.8131649669686549 
	 5.9544749999999995 	 -7.8142535204146215 
	 5.9638700000000000 	 -7.8153310759213044 
	 5.9732650000000005 	 -7.8163975052141677 
	 5.9826600000000001 	 -7.8174528914328514 
	 5.9920549999999997 	 -7.8184976423163981 
	 6.0014499999999993 	 -7.8195321921130958 
	 6.0108449999999998 	 -7.8205569738018692 
	 6.0202400000000003 	 -7.8215701665170814 
	 6.0296349999999999 	 -7.8225675137898101 
	 6.0390300000000003 	 -7.8235574127044583 
	 6.0484249999999999 	 -7.8245405635040379 
	 6.0578200000000004 	 -7.8255144296588082 
	 6.0672150000000000 	 -7.8264768805203637 
	 6.0766099999999996 	 -7.8274289165358377 
	 6.0860050000000001 	 -7.8283711719034539 
	 6.0953999999999997 	 -7.8293035014130865 
	 6.1047950000000002 	 -7.8302260189793458 
	 6.1141900000000007 	 -7.8311388434761788 
	 6.1235850000000003 	 -7.8320420876516428 
	 6.1329799999999999 	 -7.8329356296589410 
	 6.1423750000000004 	 -7.8338195546135294 
	 6.1517700000000000 	 -7.8346947894073358 
	 6.1611650000000004 	 -7.8355611845451758 
	 6.1705600000000000 	 -7.8364159270587521 
	 6.1799549999999996 	 -7.8372588786198500 
	 6.1893500000000010 	 -7.8381001056654682 
	 6.1987450000000006 	 -7.8389440945732529 
	 6.2081400000000002 	 -7.8397573426952407 
	 6.2175349999999998 	 -7.8405051489557920 
	 6.2269299999999994 	 -7.8412297467123233 
	 6.2363250000000008 	 -7.8420006981107147 
	 6.2457200000000004 	 -7.8428093008474740 
	 6.2551150000000000 	 -7.8436067399077922 
	 6.2645100000000005 	 -7.8443773976851681 
	 6.2739050000000010 	 -7.8451303838159188 
	 6.2833000000000006 	 -7.8458755751154055 
	 6.2926950000000001 	 -7.8466180091414968 
	 6.3020899999999997 	 -7.8473555380079327 
	 6.3114850000000002 	 -7.8480799111592550 
	 6.3208800000000007 	 -7.8487812650027742 
	 6.3302750000000003 	 -7.8494734506068387 
	 6.3396700000000008 	 -7.8501742100822547 
	 6.3490650000000004 	 -7.8509012855398392 
	 6.3584600000000000 	 -7.8516519372355615 
	 6.3678550000000005 	 -7.8523398499187254 
	 6.3772500000000001 	 -7.8530074577537388 
	 6.3866450000000006 	 -7.8536719998251137 
	 6.3960400000000002 	 -7.8543271431357091 
	 6.4054350000000007 	 -7.8549755215767467 
	 6.4148300000000011 	 -7.8556164074269565 
	 6.4242250000000007 	 -7.8562497200016557 
	 6.4336200000000003 	 -7.8568757367575053 
	 6.4430149999999999 	 -7.8574944574535834 
	 6.4524100000000004 	 -7.8581059633263619 
	 6.4618050000000009 	 -7.8587103161146104 
	 6.4712000000000005 	 -7.8593075750357642 
	 6.4805950000000001 	 -7.8598977993072880 
	 6.4899900000000006 	 -7.8604810482784249 
	 6.4993849999999993 	 -7.8610573817346507 
	 6.5087799999999998 	 -7.8616268595782781 
	 6.5181749999999994 	 -7.8621895418416239 
	 6.5275699999999990 	 -7.8627454884956283 
	 6.5369650000000004 	 -7.8632947585221524 
	 6.5463600000000000 	 -7.8638374082776856 
	 6.5557549999999996 	 -7.8643734930882907 
	 6.5651499999999992 	 -7.8649030709037300 
	 6.5745449999999988 	 -7.8654262015641434 
	 6.5839400000000001 	 -7.8659429431730423 
	 6.5933349999999997 	 -7.8664533519733535 
	 6.6027299999999993 	 -7.8669574841306122 
	 6.6121249999999998 	 -7.8674553965093130 
	 6.6215199999999994 	 -7.8679471287390781 
	 6.6309149999999999 	 -7.8684327696782415 
	 6.6403099999999995 	 -7.8689123222030011 
	 6.6497049999999991 	 -7.8693854274184858 
	 6.6590999999999996 	 -7.8698533925977348 
	 6.6684950000000001 	 -7.8703158096007639 
	 6.6778899999999997 	 -7.8707635404876939 
	 6.6872850000000001 	 -7.8712009144015891 
	 6.6966799999999997 	 -7.8716383535404058 
	 6.7060749999999993 	 -7.8720782252496004 
	 6.7154699999999998 	 -7.8725167013402624 
	 6.7248649999999994 	 -7.8729270705338266 
	 6.7342599999999999 	 -7.8733139317934553 
	 6.7436549999999995 	 -7.8737306460368846 
	 6.7530500000000000 	 -7.8742304199837081 
	 6.7624450000000005 	 -7.8747322649454610 
	 6.7718400000000001 	 -7.8751165337063522 
	 6.7812349999999997 	 -7.8755072541307243 
	 6.7906299999999993 	 -7.8759038078881289 
	 6.8000249999999998 	 -7.8762892517332208 
	 6.8094200000000003 	 -7.8766658225552240 
	 6.8188149999999998 	 -7.8770386194775917 
	 6.8282099999999994 	 -7.8774076514636411 
	 6.8376049999999999 	 -7.8777715595025866 
	 6.8469999999999995 	 -7.8781301485069886 
	 6.8563950000000000 	 -7.8784837314960985 
	 6.8657899999999996 	 -7.8788326023824222 
	 6.8751849999999992 	 -7.8791767666684205 
	 6.8845799999999997 	 -7.8795161828558662 
	 6.8939750000000002 	 -7.8798509216104051 
	 6.9033699999999998 	 -7.8801810229041500 
	 6.9127650000000003 	 -7.8805065328740342 
	 6.9221599999999999 	 -7.8808274983244475 
	 6.9315549999999995 	 -7.8811439572886384 
	 6.9409500000000000 	 -7.8814559613095163 
	 6.9503449999999996 	 -7.8817635559091963 
	 6.9597400000000000 	 -7.8820667857207409 
	 6.9691349999999996 	 -7.8823656966941336 
	 6.9785299999999992 	 -7.8826603335395413 
	 6.9879250000000006 	 -7.8829507338991105 
	 6.9973200000000002 	 -7.8832369394117565 
	 7.0067149999999998 	 -7.8835189943542119 
	 7.0161099999999994 	 -7.8837969430098163 
	 7.0255049999999990 	 -7.8840708295362232 
	 7.0349000000000004 	 -7.8843406961018045 
	 7.0442950000000000 	 -7.8846065833044312 
	 7.0536899999999996 	 -7.8848685322216863 
	 7.0630850000000001 	 -7.8851265845011707 
	 7.0724800000000005 	 -7.8853807808238008 
	 7.0818750000000001 	 -7.8856311603065379 
	 7.0912699999999997 	 -7.8858777625640446 
	 7.1006649999999993 	 -7.8861206286291319 
	 7.1100599999999998 	 -7.8863597992068106 
	 7.1194550000000003 	 -7.8865953133183488 
	 7.1288499999999999 	 -7.8868272095614929 
	 7.1382450000000004 	 -7.8870555261372308 
	 7.1476400000000000 	 -7.8872803011285688 
	 7.1570350000000005 	 -7.8875015726184960 
	 7.1664300000000001 	 -7.8877193786899999 
	 7.1758249999999997 	 -7.8879337573703445 
	 7.1852200000000002 	 -7.8881447459156382 
	 7.1946149999999998 	 -7.8883523810188434 
	 7.2040100000000002 	 -7.8885566993472018 
	 7.2134050000000007 	 -7.8887577371374755 
	 7.2228000000000003 	 -7.8889555301031358 
	 7.2321949999999999 	 -7.8891501137588156 
	 7.2415900000000004 	 -7.8893415233328739 
	 7.2509850000000000 	 -7.8895297938018141 
	 7.2603800000000005 	 -7.8897149595970353 
	 7.2697750000000001 	 -7.8898970553537691 
	 7.2791699999999997 	 -7.8900761173407243 
	 7.2885650000000002 	 -7.8902521828439482 
	 7.2979600000000007 	 -7.8904252800354540 
	 7.3073550000000003 	 -7.8905954365844897 
	 7.3167499999999999 	 -7.8907626983579524 
	 7.3261449999999995 	 -7.8909270946082888 
	 7.3355399999999999 	 -7.8910886528563289 
	 7.3449350000000004 	 -7.8912474094536647 
	 7.3543300000000000 	 -7.8914033977824358 
	 7.3637250000000005 	 -7.8915566482961905 
	 7.3731200000000001 	 -7.8917071916312187 
	 7.3825150000000006 	 -7.8918550588115899 
	 7.3919100000000002 	 -7.8920002808854726 
	 7.4013049999999998 	 -7.8921428884594880 
	 7.4107000000000003 	 -7.8922829119018427 
	 7.4200949999999999 	 -7.8924203834153532 
	 7.4294900000000004 	 -7.8925553339568468 
	 7.4388850000000009 	 -7.8926877894126513 
	 7.4482800000000005 	 -7.8928177789763190 
	 7.4576750000000001 	 -7.8929453332480444 
	 7.4670700000000005 	 -7.8930704826202192 
	 7.4764650000000001 	 -7.8931932556901430 
	 7.4858600000000006 	 -7.8933136801372275 
	 7.4952550000000002 	 -7.8934317836334902 
	 7.5046499999999998 	 -7.8935475938509398 
	 7.5140450000000012 	 -7.8936611384431856 
	 7.5234400000000008 	 -7.8937724444619688 
	 7.5328350000000004 	 -7.8938815382639271 
	 7.5422300000000000 	 -7.8939884481581659 
	 7.5516249999999996 	 -7.8940932026156547 
	 7.5610200000000010 	 -7.8941958252255846 
	 7.5704150000000006 	 -7.8942963419775962 
	 7.5798100000000002 	 -7.8943947791480547 
	 7.5892050000000006 	 -7.8944911623731961 
	 7.5986000000000002 	 -7.8945855171490855 
	 7.6079950000000007 	 -7.8946778689717965 
	 7.6173900000000003 	 -7.8947682432055499 
	 7.6267849999999999 	 -7.8948566641970270 
	 7.6361800000000004 	 -7.8949431558194298 
	 7.6455750000000009 	 -7.8950277419455848 
	 7.6549700000000005 	 -7.8951104464832005 
	 7.6643650000000010 	 -7.8951912933672945 
	 7.6737599999999988 	 -7.8952703065152230 
	 7.6831549999999993 	 -7.8953475091302199 
	 7.6925499999999998 	 -7.8954229235061737 
	 7.7019449999999994 	 -7.8954965736352340 
	 7.7113399999999999 	 -7.8955684867207774 
	 7.7207349999999995 	 -7.8956386838226145 
	 7.7301299999999991 	 -7.8957071689643135 
	 7.7395249999999995 	 -7.8957739603171566 
	 7.7489199999999991 	 -7.8958391409436288 
	 7.7583149999999996 	 -7.8959027810167131 
	 7.7677099999999992 	 -7.8959647896097493 
	 7.7771049999999997 	 -7.8960250191605699 
	 7.7865000000000002 	 -7.8960835017330604 
	 7.7958949999999998 	 -7.8961419897492551 
	 7.8052899999999994 	 -7.8962008515669240 
	 7.8146849999999990 	 -7.8962586562189836 
	 7.8240799999999995 	 -7.8963139332863586 
	 7.8334750000000000 	 -7.8963652123499752 
	 7.8428699999999996 	 -7.8964110229907538 
	 7.8522649999999992 	 -7.8964499543645781 
	 7.8616600000000005 	 -7.8964884847861381 
	 7.8710550000000001 	 -7.8965487653179469 
	 7.8804499999999997 	 -7.8966261618004410 
	 7.8898449999999993 	 -7.8966339299988686 
	 7.8992399999999989 	 -7.8965330062961909 
	 7.9086350000000003 	 -7.8965010009961594 
	 7.9180299999999999 	 -7.8965537500355625 
	 7.9274249999999995 	 -7.8966337311572810 
	 7.9368200000000000 	 -7.8966888721785828 
	 7.9462149999999996 	 -7.8967188401304425 
	 7.9556100000000001 	 -7.8967500901563410 
	 7.9650049999999997 	 -7.8967847528594675 
	 7.9743999999999993 	 -7.8968168482962087 
	 7.9837949999999998 	 -7.8968481713664094 
	 7.9931900000000002 	 -7.8968784230270908 
	 8.0025849999999998 	 -7.8969073871730702 
	 8.0119799999999994 	 -7.8969351646044439 
	 8.0213749999999990 	 -7.8969618468525153 
	 8.0307700000000004 	 -7.8969874476451105 
	 8.0401650000000000 	 -7.8970119705412340 
	 8.0495599999999996 	 -7.8970354190998906 
	 8.0589549999999992 	 -7.8970577995544122 
	 8.0683500000000006 	 -7.8970791304513428 
	 8.0777450000000002 	 -7.8970994331621132 
	 8.0871399999999998 	 -7.8971187241580418 
	 8.0965349999999994 	 -7.8971370177764317 
	 8.1059300000000007 	 -7.8971543274727356 
	 8.1153250000000003 	 -7.8971706662915695 
	 8.1247199999999999 	 -7.8971860491798385 
	 8.1341149999999995 	 -7.8972004926393709 
	 8.1435099999999991 	 -7.8972140116934364 
	 8.1529050000000005 	 -7.8972266195683209 
	 8.1623000000000001 	 -7.8972383293857709 
	 8.1716949999999997 	 -7.8972491540532088 
	 8.1810899999999993 	 -7.8972591059979891 
	 8.1904849999999989 	 -7.8972681974609902 
	 8.1998800000000003 	 -7.8972764415031147 
	 8.2092749999999999 	 -7.8972838540637706 
	 8.2186699999999995 	 -7.8972904505788346 
	 8.2280649999999991 	 -7.8972962408338443 
	 8.2374600000000004 	 -7.8973012343233968 
	 8.2468550000000000 	 -7.8973054496049979 
	 8.2562499999999996 	 -7.8973088913842684 
	 8.2656449999999992 	 -7.8973115661648468 
	 8.2750399999999988 	 -7.8973135027064831 
	 8.2844350000000002 	 -7.8973147354120652 
	 8.2938299999999998 	 -7.8973151535146853 
	 8.3032249999999994 	 -7.8973148183613935 
	 8.3126200000000008 	 -7.8973142094918138 
	 8.3220150000000004 	 -7.8973134298223480 
	 8.3314100000000000 	 -7.8973118561624558 
	 8.3408049999999996 	 -7.8973087896517011 
	 8.3501999999999992 	 -7.8973035314366387 
	 8.3595950000000006 	 -7.8972961535413457 
	 8.3689900000000002 	 -7.8972896208294845 
	 8.3783849999999997 	 -7.8972875766202328 
	 8.3877800000000011 	 -7.8972909700199150 
	 8.3971750000000007 	 -7.8972825413157466 
	 8.4065700000000003 	 -7.8972542097614484 
	 8.4159649999999999 	 -7.8973533474803297 
	 8.4253599999999995 	 -7.8976003219518747 
	 8.4347550000000009 	 -7.8978558817114077 
	 8.4441500000000005 	 -7.8979814222094529 
	 8.4535450000000001 	 -7.8979608284202500 
	 8.4629399999999997 	 -7.8979195021646174 
	 8.4723350000000011 	 -7.8979139110801277 
	 8.4817300000000007 	 -7.8979025883591465 
	 8.4911250000000003 	 -7.8978878450313275 
	 8.5005199999999999 	 -7.8978751440782364 
	 8.5099149999999995 	 -7.8978619480968009 
	 8.5193100000000008 	 -7.8978479500241017 
	 8.5287050000000004 	 -7.8978335746166879 
	 8.5381000000000000 	 -7.8978188645968288 
	 8.5474949999999996 	 -7.8978037437760840 
	 8.5568900000000010 	 -7.8977881467331876 
	 8.5662850000000006 	 -7.8977721032682702 
	 8.5756800000000002 	 -7.8977556480003352 
	 8.5850749999999998 	 -7.8977387847939147 
	 8.5944700000000012 	 -7.8977215171115072 
	 8.6038650000000008 	 -7.8977038512733939 
	 8.6132600000000004 	 -7.8976857966440246 
	 8.6226550000000000 	 -7.8976673626777032 
	 8.6320499999999996 	 -7.8976485536945757 
	 8.6414450000000009 	 -7.8976293751688864 
	 8.6508400000000005 	 -7.8976098418436962 
	 8.6602350000000001 	 -7.8975899502112838 
	 8.6696299999999997 	 -7.8975697159325904 
	 8.6790249999999993 	 -7.8975491450028024 
	 8.6884200000000007 	 -7.8975282406869072 
	 8.6978150000000003 	 -7.8975070103464216 
	 8.7072099999999999 	 -7.8974854624818152 
	 8.7166049999999995 	 -7.8974636034995989 
	 8.7259999999999991 	 -7.8974414387980785 
	 8.7353950000000005 	 -7.8974189740258725 
	 8.7447900000000001 	 -7.8973962150872188 
	 8.7541850000000014 	 -7.8973731695154257 
	 8.7635800000000010 	 -7.8973498446862083 
	 8.7729750000000006 	 -7.8973262459552283 
	 8.7823700000000002 	 -7.8973023777095666 
	 8.7917649999999998 	 -7.8972782442808427 
	 8.8011599999999994 	 -7.8972538524710592 
	 8.8105549999999990 	 -7.8972292093783603 
	 8.8199500000000022 	 -7.8972043212656207 
	 8.8293450000000018 	 -7.8971791915954750 
	 8.8387400000000014 	 -7.8971538232443796 
	 8.8481349999999992 	 -7.8971282203745341 
	 8.8575299999999988 	 -7.8971023935542233 
	 8.8669249999999984 	 -7.8970763464121783 
	 8.8763199999999998 	 -7.8970500782704249 
	 8.8857149999999994 	 -7.8970235999273513 
	 8.8951099999999990 	 -7.8969969146563939 
	 8.9045050000000003 	 -7.8969700225510957 
	 8.9138999999999999 	 -7.8969429312862980 
	 8.9232949999999995 	 -7.8969156426386586 
	 8.9326899999999991 	 -7.8968881624364053 
	 8.9420850000000005 	 -7.8968604993572749 
	 8.9514800000000001 	 -7.8968326473271082 
	 8.9608749999999997 	 -7.8968046149032309 
	 8.9702699999999993 	 -7.8967764048123881 
	 8.9796649999999989 	 -7.8967480193242663 
	 8.9890599999999985 	 -7.8967194630546578 
	 8.9984549999999999 	 -7.8966907379245299 
	 9.0078499999999995 	 -7.8966618461762108 
	 9.0172449999999991 	 -7.8966327961916782 
	 9.0266400000000004 	 -7.8966035831841248 
	 9.0360350000000000 	 -7.8965742094962703 
	 9.0454299999999996 	 -7.8965446813829230 
	 9.0548249999999992 	 -7.8965150013382619 
	 9.0642199999999988 	 -7.8964851701679653 
	 9.0736149999999984 	 -7.8964551871707540 
	 9.0830099999999980 	 -7.8964250537318312 
	 9.0924050000000012 	 -7.8963947741142331 
	 9.1018000000000008 	 -7.8963643494526607 
	 9.1111950000000004 	 -7.8963337772918099 
	 9.1205900000000000 	 -7.8963030608601574 
	 9.1299849999999996 	 -7.8962722029465660 
	 9.1393799999999992 	 -7.8962412019308497 
	 9.1487749999999988 	 -7.8962100557870221 
	 9.1581699999999984 	 -7.8961787649456898 
	 9.1675649999999997 	 -7.8961473304971035 
	 9.1769600000000011 	 -7.8961157532347634 
	 9.1863550000000007 	 -7.8960840315939160 
	 9.1957500000000003 	 -7.8960521627785205 
	 9.2051449999999999 	 -7.8960201441794142 
	 9.2145399999999995 	 -7.8959879733351892 
	 9.2239349999999991 	 -7.8959556478787292 
	 9.2333299999999987 	 -7.8959231684568048 
	 9.2427250000000001 	 -7.8958905318551516 
	 9.2521200000000015 	 -7.8958577270294557 
	 9.2615150000000011 	 -7.8958247479290060 
	 9.2709100000000007 	 -7.8957915983570421 
	 9.2803050000000002 	 -7.8957582917986251 
	 9.2896999999999998 	 -7.8957248050755515 
	 9.2990949999999994 	 -7.8956911075065914 
	 9.3084899999999990 	 -7.8956571684105246 
	 9.3178849999999986 	 -7.8956230768094295 
	 9.3272800000000000 	 -7.8955897028010966 
	 9.3366749999999996 	 -7.8955576845732134 
	 9.3460700000000010 	 -7.8955228583952000 
	 9.3554650000000006 	 -7.8954857726812078 
	 9.3648600000000002 	 -7.8954514500190669 
	 9.3742549999999998 	 -7.8954082791813951 
	 9.3836499999999994 	 -7.8953483516477245 
	 9.3930450000000008 	 -7.8952861285764726 
	 9.4024400000000004 	 -7.8952371751928192 
	 9.4118350000000000 	 -7.8952023905580209 
	 9.4212299999999995 	 -7.8951654997818377 
	 9.4306249999999991 	 -7.8951288509247188 
	 9.4400200000000005 	 -7.8950920791650185 
	 9.4494150000000001 	 -7.8950550914995441 
	 9.4588099999999997 	 -7.8950180719728564 
	 9.4682049999999993 	 -7.8949811828664833 
	 9.4776000000000007 	 -7.8949444695321160 
	 9.4869950000000003 	 -7.8949080075112201 
	 9.4963899999999999 	 -7.8948718973444789 
	 9.5057849999999995 	 -7.8948362344052798 
	 9.5151799999999991 	 -7.8948011042775361 
	 9.5245749999999987 	 -7.8947665799913835 
	 9.5339700000000001 	 -7.8947327289855105 
	 9.5433650000000014 	 -7.8946995997917240 
	 9.5527600000000010 	 -7.8946672180442778 
	 9.5621550000000006 	 -7.8946356021396751 
	 9.5715500000000002 	 -7.8946047515726878 
	 9.5809449999999998 	 -7.8945746470512095 
	 9.5903399999999994 	 -7.8945452600608172 
	 9.5997349999999990 	 -7.8945165412127762 
	 9.6091299999999986 	 -7.8944884372658972 
	 9.6185250000000000 	 -7.8944608928755633 
	 9.6279200000000014 	 -7.8944338415738518 
	 9.6373150000000010 	 -7.8944072132296261 
	 9.6467100000000006 	 -7.8943809380850150 
	 9.6561050000000002 	 -7.8943549500721151 
	 9.6654999999999998 	 -7.8943291852609976 
	 9.6748949999999994 	 -7.8943035807554782 
	 9.6842899999999990 	 -7.8942780811502340 
	 9.6936850000000003 	 -7.8942526419702794 
	 9.7030800000000017 	 -7.8942272240233589 
	 9.7124750000000013 	 -7.8942017884812339 
	 9.7218700000000009 	 -7.8941763068969673 
	 9.7312650000000005 	 -7.8941507605347185 
	 9.7406600000000001 	 -7.8941251108760779 
	 9.7500549999999997 	 -7.8940993693575425 
	 9.7594499999999993 	 -7.8940736196655736 
	 9.7688449999999989 	 -7.8940475894508593 
	 9.7782400000000003 	 -7.8940213342020966 
	 9.7876350000000016 	 -7.8939967580561499 
	 9.7970300000000012 	 -7.8939723156368720 
	 9.8064250000000008 	 -7.8939445879987842 
	 9.8158200000000004 	 -7.8939110837304405 
	 9.8252150000000000 	 -7.8938822770891761 
	 9.8346099999999996 	 -7.8938770784344481 
	 9.8440050000000010 	 -7.8938894862323563 
	 9.8534000000000006 	 -7.8938881770112177 
	 9.8627950000000002 	 -7.8938615928816498 
	 9.8721899999999998 	 -7.8938281945198083 
	 9.8815850000000012 	 -7.8938008076234070 
	 9.8909800000000008 	 -7.8937760565352457 
	 9.9003750000000004 	 -7.8937499980976176 
	 9.9097700000000000 	 -7.8937228006067510 
	 9.9191649999999996 	 -7.8936953825612566 
	 9.9285600000000009 	 -7.8936684329324764 
	 9.9379550000000005 	 -7.8936415423745760 
	 9.9473500000000001 	 -7.8936145594689577 
	 9.9567449999999997 	 -7.8935875775308357 
	 9.9661400000000011 	 -7.8935605982250578 
	 9.9755350000000007 	 -7.8935336070105713 
	 9.9849300000000003 	 -7.8935066135261636 
	 9.9943250000000017 	 -7.8934796239988536 
	 10.0037200000000013 	 -7.8934526406557373 
	 10.0131150000000009 	 -7.8934256658693123 
	 10.0225099999999987 	 -7.8933987029533705 
	 10.0319049999999983 	 -7.8933717552925780 
	 10.0412999999999979 	 -7.8933448273637810 
	 10.0506950000000010 	 -7.8933179236600504 
	 10.0600900000000006 	 -7.8932910425901310 
	 10.0694850000000002 	 -7.8932641844043765 
	 10.0788799999999998 	 -7.8932373585309783 
	 10.0882749999999994 	 -7.8932105673522726 
	 10.0976699999999990 	 -7.8931838104789769 
	 10.1070649999999986 	 -7.8931570884467410 
	 10.1164600000000000 	 -7.8931304035305887 
	 10.1258549999999996 	 -7.8931037585727370 
	 10.1352499999999992 	 -7.8930771544615679 
	 10.1446450000000006 	 -7.8930505938955120 
	 10.1540400000000002 	 -7.8930240799416751 
	 10.1634349999999998 	 -7.8929976131443027 
	 10.1728299999999994 	 -7.8929711939350655 
	 10.1822249999999990 	 -7.8929448230899979 
	 10.1916199999999986 	 -7.8929185036009981 
	 10.2010149999999999 	 -7.8928922402077708 
	 10.2104099999999995 	 -7.8928660340753076 
	 10.2198049999999991 	 -7.8928398857813100 
	 10.2291999999999987 	 -7.8928137959034812 
	 10.2385950000000001 	 -7.8927877650195173 
	 10.2479899999999997 	 -7.8927617937071224 
	 10.2573849999999993 	 -7.8927358825439953 
	 10.2667800000000007 	 -7.8927100321078356 
	 10.2761750000000003 	 -7.8926842429763466 
	 10.2855699999999999 	 -7.8926585157272253 
	 10.2949649999999995 	 -7.8926328509381767 
	 10.3043599999999991 	 -7.8926072491868986 
	 10.3137550000000005 	 -7.8925817110510899 
	 10.3231500000000000 	 -7.8925562371084563 
	 10.3325449999999996 	 -7.8925308279366950 
	 10.3419399999999992 	 -7.8925054841135056 
	 10.3513350000000006 	 -7.8924802062165913 
	 10.3607300000000002 	 -7.8924549948236518 
	 10.3701249999999998 	 -7.8924298505123867 
	 10.3795199999999994 	 -7.8924047738604965 
	 10.3889149999999990 	 -7.8923797654456838 
	 10.3983099999999986 	 -7.8923548258456462 
	 10.4077050000000000 	 -7.8923299556380870 
	 10.4171000000000014 	 -7.8923051554007060 
	 10.4264950000000010 	 -7.8922804257112045 
	 10.4358900000000006 	 -7.8922557671472813 
	 10.4452850000000002 	 -7.8922311802866378 
	 10.4546799999999998 	 -7.8922066657069747 
	 10.4640749999999993 	 -7.8921822239859916 
	 10.4734699999999989 	 -7.8921578557013916 
	 10.4828649999999985 	 -7.8921335614308727 
	 10.4922599999999981 	 -7.8921093417521373 
	 10.5016550000000013 	 -7.8920851972420758 
	 10.5110500000000009 	 -7.8920611282404121 
	 10.5204450000000005 	 -7.8920371345209279 
	 10.5298400000000001 	 -7.8920132157747993 
	 10.5392349999999997 	 -7.8919893716931844 
	 10.5486299999999993 	 -7.8919656019672555 
	 10.5580249999999989 	 -7.8919419062881833 
	 10.5674200000000003 	 -7.8919182843471321 
	 10.5768149999999999 	 -7.8918947358352671 
	 10.5862100000000012 	 -7.8918712604437617 
	 10.5956050000000008 	 -7.8918478578637812 
	 10.6050000000000004 	 -7.8918245277905257 
	 10.6143949999999982 	 -7.8918012699992861 
	 10.6237899999999996 	 -7.8917780843389851 
	 10.6331849999999992 	 -7.8917549706612871 
	 10.6425799999999988 	 -7.8917319288178556 
	 10.6519749999999984 	 -7.8917089586603550 
	 10.6613699999999998 	 -7.8916860600404437 
	 10.6707649999999994 	 -7.8916632328097904 
	 10.6801600000000008 	 -7.8916404768200561 
	 10.6895550000000004 	 -7.8916177919229051 
	 10.6989500000000000 	 -7.8915951779699975 
	 10.7083449999999996 	 -7.8915726348057529 
	 10.7177400000000009 	 -7.8915501622339592 
	 10.7271349999999988 	 -7.8915277600442497 
	 10.7365300000000001 	 -7.8915054280262460 
	 10.7459249999999980 	 -7.8914831659695706 
	 10.7553199999999993 	 -7.8914609736638424 
	 10.7647149999999989 	 -7.8914388508986848 
	 10.7741100000000003 	 -7.8914167974637177 
	 10.7835049999999999 	 -7.8913948131485645 
	 10.7928999999999995 	 -7.8913728977428415 
	 10.8022949999999991 	 -7.8913510510361755 
	 10.8116900000000005 	 -7.8913292728181839 
	 10.8210849999999983 	 -7.8913075628784881 
	 10.8304799999999997 	 -7.8912859210067108 
	 10.8398749999999993 	 -7.8912643469924717 
	 10.8492700000000006 	 -7.8912428406253925 
	 10.8586650000000002 	 -7.8912214016950966 
	 10.8680600000000016 	 -7.8912000299911993 
	 10.8774549999999994 	 -7.8911787253033268 
	 10.8868500000000008 	 -7.8911574874210997 
	 10.8962449999999986 	 -7.8911363161341361 
	 10.9056400000000000 	 -7.8911152112320631 
	 10.9150349999999978 	 -7.8910941725044950 
	 10.9244299999999992 	 -7.8910731997410570 
	 10.9338249999999988 	 -7.8910522927313682 
	 10.9432200000000002 	 -7.8910314512650528 
	 10.9526149999999998 	 -7.8910106751317279 
	 10.9620100000000011 	 -7.8909899641210188 
	 10.9714049999999990 	 -7.8909693180225418 
	 10.9808000000000003 	 -7.8909487366259237 
	 10.9901949999999999 	 -7.8909282197207808 
	 10.9995899999999995 	 -7.8909077670967376 
	 11.0089849999999991 	 -7.8908873785507980 
	 11.0183800000000005 	 -7.8908670539136407 
	 11.0277750000000001 	 -7.8908467930255402 
	 11.0371700000000015 	 -7.8908265957267716 
	 11.0465649999999993 	 -7.8908064618576024 
	 11.0559600000000007 	 -7.8907863912583123 
	 11.0653549999999985 	 -7.8907663837691748 
	 11.0747499999999999 	 -7.8907464392304627 
	 11.0841449999999995 	 -7.8907265574824468 
	 11.0935399999999991 	 -7.8907067383654068 
	 11.1029349999999987 	 -7.8906869817195595 
	 11.1123300000000000 	 -7.8906672873816159 
	 11.1217249999999996 	 -7.8906476551825149 
	 11.1311200000000010 	 -7.8906280849526622 
	 11.1405150000000006 	 -7.8906085765224665 
	 11.1499100000000002 	 -7.8905891297223318 
	 11.1593049999999998 	 -7.8905697443826623 
	 11.1687000000000012 	 -7.8905504203338674 
	 11.1780949999999990 	 -7.8905311574063512 
	 11.1874900000000004 	 -7.8905119554305179 
	 11.1968849999999982 	 -7.8904928142367767 
	 11.2062799999999996 	 -7.8904737336555328 
	 11.2156749999999992 	 -7.8904547135171930 
	 11.2250700000000005 	 -7.8904357536521594 
	 11.2344650000000001 	 -7.8904168538908417 
	 11.2438599999999997 	 -7.8903980140636456 
	 11.2532549999999993 	 -7.8903792340009744 
	 11.2626500000000007 	 -7.8903605135332375 
	 11.2720449999999985 	 -7.8903418524908382 
	 11.2814399999999999 	 -7.8903232507041832 
	 11.2908350000000013 	 -7.8903047080036801 
	 11.3002300000000009 	 -7.8902862242197314 
	 11.3096250000000005 	 -7.8902677991827481 
	 11.3190200000000019 	 -7.8902494327231301 
	 11.3284149999999997 	 -7.8902311246712884 
	 11.3378100000000011 	 -7.8902128748576272 
	 11.3472049999999989 	 -7.8901946831125507 
	 11.3566000000000003 	 -7.8901765492664691 
	 11.3659949999999981 	 -7.8901584731497847 
	 11.3753899999999994 	 -7.8901404545929061 
	 11.3847850000000008 	 -7.8901224934262357 
	 11.3941800000000004 	 -7.8901045894801793 
	 11.4035750000000000 	 -7.8900867425851224 
	 11.4129700000000014 	 -7.8900689525702212 
	 11.4223649999999992 	 -7.8900512192629799 
	 11.4317600000000006 	 -7.8900335424907810 
	 11.4411550000000002 	 -7.8900159220810062 
	 11.4505499999999998 	 -7.8899983578610389 
	 11.4599449999999994 	 -7.8899808496582615 
	 11.4693400000000025 	 -7.8899633973000540 
	 11.4787350000000004 	 -7.8899460006138016 
	 11.4881300000000017 	 -7.8899286594268849 
	 11.4975249999999996 	 -7.8899113735666884 
	 11.5069200000000009 	 -7.8898941428610962 
	 11.5163149999999987 	 -7.8898769671426248 
	 11.5257100000000001 	 -7.8898598462462344 
	 11.5351049999999997 	 -7.8898427800069237 
	 11.5444999999999993 	 -7.8898257682596959 
	 11.5538950000000007 	 -7.8898088108395381 
	 11.5632900000000021 	 -7.8897919075814498 
	 11.5726849999999999 	 -7.8897750583204243 
	 11.5820800000000013 	 -7.8897582628914584 
	 11.5914750000000009 	 -7.8897415211295465 
	 11.6008700000000005 	 -7.8897248328696881 
	 11.6102650000000001 	 -7.8897081979452608 
	 11.6196600000000014 	 -7.8896916161847654 
	 11.6290549999999993 	 -7.8896750874157764 
	 11.6384500000000006 	 -7.8896586114658662 
	 11.6478450000000002 	 -7.8896421881626084 
	 11.6572400000000016 	 -7.8896258173335738 
	 11.6666349999999994 	 -7.8896094988063394 
	 11.6760300000000008 	 -7.8895932324084770 
	 11.6854250000000004 	 -7.8895770179675591 
	 11.6948200000000000 	 -7.8895608553111618 
	 11.7042149999999996 	 -7.8895447442670461 
	 11.7136100000000010 	 -7.8895286846685941 
	 11.7230049999999988 	 -7.8895126763556176 
	 11.7324000000000002 	 -7.8894967191682737 
	 11.7417950000000015 	 -7.8894808129467249 
	 11.7511900000000011 	 -7.8894649575311311 
	 11.7605850000000007 	 -7.8894491527616557 
	 11.7699800000000021 	 -7.8894333984784568 
	 11.7793749999999999 	 -7.8894176945216961 
	 11.7887699999999978 	 -7.8894020407315351 
	 11.7981649999999991 	 -7.8893864369481346 
	 11.8075599999999987 	 -7.8893708830116527 
	 11.8169549999999983 	 -7.8893553787622537 
	 11.8263499999999997 	 -7.8893399240400965 
	 11.8357450000000011 	 -7.8893245186853420 
	 11.8451399999999989 	 -7.8893091625381517 
	 11.8545350000000003 	 -7.8892938554386882 
	 11.8639299999999999 	 -7.8892785972271078 
	 11.8733249999999995 	 -7.8892633877435703 
	 11.8827199999999991 	 -7.8892482268282453 
	 11.8921150000000004 	 -7.8892331143212866 
	 11.9015099999999983 	 -7.8892180500628699 
	 11.9109049999999996 	 -7.8892030338987462 
	 11.9202999999999992 	 -7.8891880656885522 
	 11.9296950000000006 	 -7.8891731452940572 
	 11.9390899999999984 	 -7.8891582725770295 
	 11.9484849999999998 	 -7.8891434473992383 
	 11.9578799999999994 	 -7.8891286696224530 
	 11.9672749999999990 	 -7.8891139391084391 
	 11.9766699999999986 	 -7.8890992557189650 
	 11.9860650000000000 	 -7.8890846193158026 
	 11.9954599999999978 	 -7.8890700297607186 
	 12.0048550000000009 	 -7.8890554869154812 
	 12.0142500000000005 	 -7.8890409906418579 
	 12.0236450000000001 	 -7.8890265408016198 
	 12.0330399999999997 	 -7.8890121372565334 
	 12.0424350000000011 	 -7.8889977798683670 
	 12.0518299999999989 	 -7.8889834684988900 
	 12.0612250000000003 	 -7.8889692030098688 
	 12.0706199999999981 	 -7.8889549832630745 
	 12.0800149999999995 	 -7.8889408091202773 
	 12.0894099999999991 	 -7.8889266804432392 
	 12.0988050000000005 	 -7.8889125970937339 
	 12.1082000000000001 	 -7.8888985589355336 
	 12.1175949999999997 	 -7.8888845658441928 
	 12.1269899999999993 	 -7.8888706176995642 
	 12.1363850000000006 	 -7.8888567143815012 
	 12.1457799999999985 	 -7.8888428557698607 
	 12.1551749999999998 	 -7.8888290417444997 
	 12.1645699999999994 	 -7.8888152721852736 
	 12.1739649999999990 	 -7.8888015469720365 
	 12.1833600000000004 	 -7.8887878659846473 
	 12.1927550000000018 	 -7.8887742291029603 
	 12.2021499999999996 	 -7.8887606362068672 
	 12.2115450000000010 	 -7.8887470871815912 
	 12.2209399999999988 	 -7.8887335819233639 
	 12.2303350000000002 	 -7.8887201203297499 
	 12.2397299999999980 	 -7.8887067022983288 
	 12.2491249999999994 	 -7.8886933277266724 
	 12.2585199999999990 	 -7.8886799965123542 
	 12.2679150000000003 	 -7.8886667085529467 
	 12.2773099999999999 	 -7.8886534637460279 
	 12.2867050000000013 	 -7.8886402619891696 
	 12.2960999999999991 	 -7.8886271031799460 
	 12.3054950000000005 	 -7.8886139872159289 
	 12.3148900000000001 	 -7.8886009139946962 
	 12.3242849999999997 	 -7.8885878834138197 
	 12.3336799999999993 	 -7.8885748953708736 
	 12.3430750000000007 	 -7.8885619497634307 
	 12.3524700000000003 	 -7.8885490464890689 
	 12.3618650000000017 	 -7.8885361854453571 
	 12.3712599999999995 	 -7.8885233665298724 
	 12.3806550000000009 	 -7.8885105896401893 
	 12.3900499999999987 	 -7.8884978546738802 
	 12.3994450000000001 	 -7.8884851615285196 
	 12.4088399999999996 	 -7.8884725101034707 
	 12.4182349999999992 	 -7.8884599003066507 
	 12.4276299999999988 	 -7.8884473320485240 
	 12.4370250000000002 	 -7.8884348052395579 
	 12.4464199999999998 	 -7.8884223197902150 
	 12.4558150000000012 	 -7.8884098756109671 
	 12.4652100000000008 	 -7.8883974726122750 
	 12.4746050000000004 	 -7.8883851107046139 
	 12.4840000000000000 	 -7.8883727897984404 
	 12.4933950000000014 	 -7.8883605098042251 
	 12.5027899999999992 	 -7.8883482706324024 
	 12.5121850000000006 	 -7.8883360721907945 
	 12.5215799999999984 	 -7.8883239143827604 
	 12.5309750000000015 	 -7.8883117971112302 
	 12.5403699999999994 	 -7.8882997202791252 
	 12.5497650000000007 	 -7.8882876837893710 
	 12.5591600000000003 	 -7.8882756875448914 
	 12.5685549999999999 	 -7.8882637314486157 
	 12.5779499999999995 	 -7.8882518154034660 
	 12.5873450000000009 	 -7.8882399393123670 
	 12.5967399999999987 	 -7.8882281030782453 
	 12.6061350000000001 	 -7.8882163066040238 
	 12.6155299999999997 	 -7.8882045497926301 
	 12.6249250000000011 	 -7.8881928325469879 
	 12.6343200000000007 	 -7.8881811547700229 
	 12.6437150000000020 	 -7.8881695163646581 
	 12.6531099999999999 	 -7.8881579172338201 
	 12.6625050000000012 	 -7.8881463572804371 
	 12.6718999999999991 	 -7.8881348364074269 
	 12.6812950000000004 	 -7.8881233545177203 
	 12.6906899999999982 	 -7.8881119115142404 
	 12.7000849999999996 	 -7.8881005072999120 
	 12.7094800000000010 	 -7.8880891417776624 
	 12.7188750000000006 	 -7.8880778148504120 
	 12.7282700000000002 	 -7.8880665264210901 
	 12.7376650000000016 	 -7.8880552763926213 
	 12.7470599999999994 	 -7.8880440646679277 
	 12.7564550000000008 	 -7.8880328911499387 
	 12.7658500000000004 	 -7.8880217557415744 
	 12.7752450000000000 	 -7.8880106583457641 
	 12.7846399999999996 	 -7.8879995988654308 
	 12.7940350000000009 	 -7.8879885772034992 
	 12.8034300000000005 	 -7.8879775932625851 
	 12.8128250000000019 	 -7.8879666469304155 
	 12.8222199999999997 	 -7.8879557380734910 
	 12.8316150000000011 	 -7.8879448665566949 
	 12.8410099999999989 	 -7.8879340322449103 
	 12.8504050000000003 	 -7.8879232350030195 
	 12.8597999999999999 	 -7.8879124746959102 
	 12.8691949999999995 	 -7.8879017511884584 
	 12.8785899999999991 	 -7.8878910643455491 
	 12.8879850000000022 	 -7.8878804140320664 
	 12.8973800000000001 	 -7.8878698001128926 
	 12.9067750000000014 	 -7.8878592224529109 
	 12.9161700000000010 	 -7.8878486809170036 
	 12.9255650000000006 	 -7.8878381753700495 
	 12.9349600000000002 	 -7.8878277056769388 
	 12.9443550000000016 	 -7.8878172717025477 
	 12.9537499999999994 	 -7.8878068733117637 
	 12.9631449999999973 	 -7.8877965103694665 
	 12.9725400000000004 	 -7.8877861827405402 
	 12.9819350000000000 	 -7.8877758902898671 
	 12.9913299999999996 	 -7.8877656328823313 
	 13.0007249999999992 	 -7.8877554103828125 
	 13.0101200000000006 	 -7.8877452226505662 
	 13.0195149999999984 	 -7.8877350695269870 
	 13.0289099999999998 	 -7.8877249508499254 
	 13.0383049999999994 	 -7.8877148664572276 
	 13.0476999999999990 	 -7.8877048161867487 
	 13.0570950000000003 	 -7.8876947998763365 
	 13.0664900000000017 	 -7.8876848173638416 
	 13.0758849999999995 	 -7.8876748684871156 
	 13.0852800000000009 	 -7.8876649530840073 
	 13.0946749999999987 	 -7.8876550709923672 
	 13.1040700000000001 	 -7.8876452220500459 
	 13.1134649999999979 	 -7.8876354060948932 
	 13.1228599999999993 	 -7.8876256229647606 
	 13.1322549999999989 	 -7.8876158724974967 
	 13.1416499999999985 	 -7.8876061545309550 
	 13.1510449999999999 	 -7.8875964689029807 
	 13.1604400000000012 	 -7.8875868154514279 
	 13.1698349999999991 	 -7.8875771940141464 
	 13.1792300000000004 	 -7.8875676044289875 
	 13.1886250000000000 	 -7.8875580465337976 
	 13.1980199999999996 	 -7.8875485201664315 
	 13.2074149999999992 	 -7.8875390251647346 
	 13.2168100000000006 	 -7.8875295613665628 
	 13.2262049999999984 	 -7.8875201286097640 
	 13.2356000000000016 	 -7.8875107267321880 
	 13.2449949999999994 	 -7.8875013555716844 
	 13.2543900000000008 	 -7.8874920149661065 
	 13.2637849999999986 	 -7.8874827047532996 
	 13.2731800000000000 	 -7.8874734247711196 
	 13.2825749999999996 	 -7.8874641748574135 
	 13.2919699999999992 	 -7.8874549548500301 
	 13.3013649999999988 	 -7.8874457645868263 
	 13.3107600000000001 	 -7.8874366039060888 
	 13.3201549999999980 	 -7.8874274726472580 
	 13.3295500000000011 	 -7.8874183706499608 
	 13.3389450000000007 	 -7.8874092977538171 
	 13.3483400000000003 	 -7.8874002537984538 
	 13.3577349999999999 	 -7.8873912386234926 
	 13.3671300000000013 	 -7.8873822520685621 
	 13.3765249999999991 	 -7.8873732939732832 
	 13.3859200000000005 	 -7.8873643641772819 
	 13.3953149999999983 	 -7.8873554625201798 
	 13.4047099999999997 	 -7.8873465888421572 
	 13.4141049999999993 	 -7.8873377429960545 
	 13.4235000000000007 	 -7.8873289248473375 
	 13.4328950000000003 	 -7.8873201342620138 
	 13.4422899999999998 	 -7.8873113711060938 
	 13.4516849999999994 	 -7.8873026352455851 
	 13.4610800000000008 	 -7.8872939265464952 
	 13.4704749999999986 	 -7.8872852448748363 
	 13.4798700000000000 	 -7.8872765900966151 
	 13.4892649999999996 	 -7.8872679620778374 
	 13.4986599999999992 	 -7.8872593606845172 
	 13.5080550000000006 	 -7.8872507857826593 
	 13.5174500000000020 	 -7.8872422372382767 
	 13.5268449999999998 	 -7.8872337149173726 
	 13.5362400000000012 	 -7.8872252186859617 
	 13.5456349999999990 	 -7.8872167484100473 
	 13.5550300000000004 	 -7.8872083039556404 
	 13.5644249999999982 	 -7.8871998851887524 
	 13.5738199999999996 	 -7.8871914919753872 
	 13.5832149999999992 	 -7.8871831241815578 
	 13.5926100000000005 	 -7.8871747816732727 
	 13.6020050000000001 	 -7.8871664643165351 
	 13.6114000000000015 	 -7.8871581719773616 
	 13.6207949999999993 	 -7.8871499045217561 
	 13.6301900000000007 	 -7.8871416618157282 
	 13.6395850000000003 	 -7.8871334437252889 
	 13.6489799999999999 	 -7.8871252501164424 
	 13.6583749999999995 	 -7.8871170808552025 
	 13.6677700000000009 	 -7.8871089358075741 
	 13.6771649999999987 	 -7.8871008148395685 
	 13.6865600000000018 	 -7.8870927178171932 
	 13.6959549999999997 	 -7.8870846446064586 
	 13.7053500000000010 	 -7.8870765950744790 
	 13.7147449999999989 	 -7.8870685691071323 
	 13.7241400000000002 	 -7.8870605666059399 
	 13.7335349999999998 	 -7.8870525874729109 
	 13.7429299999999994 	 -7.8870446316100438 
	 13.7523249999999990 	 -7.8870366989193421 
	 13.7617200000000004 	 -7.8870287893028079 
	 13.7711150000000000 	 -7.8870209026624467 
	 13.7805100000000014 	 -7.8870130389002613 
	 13.7899050000000010 	 -7.8870051979182509 
	 13.7993000000000006 	 -7.8869973796184221 
	 13.8086950000000002 	 -7.8869895839034116 
	 13.8180900000000015 	 -7.8869818106790257 
	 13.8274849999999994 	 -7.8869740598520561 
	 13.8368800000000007 	 -7.8869663313293001 
	 13.8462749999999986 	 -7.8869586250175585 
	 13.8556699999999999 	 -7.8869509408236214 
	 13.8650649999999995 	 -7.8869432786542886 
	 13.8744600000000009 	 -7.8869356384163574 
	 13.8838550000000005 	 -7.8869280200166187 
	 13.8932500000000001 	 -7.8869204233618735 
	 13.9026449999999997 	 -7.8869128483589179 
	 13.9120400000000011 	 -7.8869052949145457 
	 13.9214349999999989 	 -7.8868977629355541 
	 13.9308300000000003 	 -7.8868902523287403 
	 13.9402249999999999 	 -7.8868827630008953 
	 13.9496200000000012 	 -7.8868752948588243 
	 13.9590150000000008 	 -7.8868678478093175 
	 13.9684100000000022 	 -7.8868604217591702 
	 13.9778050000000000 	 -7.8868530166151816 
	 13.9872000000000014 	 -7.8868456322841496 
	 13.9965949999999992 	 -7.8868382686728626 
	 14.0059900000000006 	 -7.8868309256890132 
	 14.0153849999999984 	 -7.8868236032517984 
	 14.0247799999999998 	 -7.8868163012884356 
	 14.0341750000000012 	 -7.8868090197263161 
	 14.0435700000000008 	 -7.8868017584928172 
	 14.0529650000000004 	 -7.8867945175153329 
	 14.0623600000000017 	 -7.8867872967212449 
	 14.0717549999999996 	 -7.8867800960379375 
	 14.0811500000000009 	 -7.8867729153927959 
	 14.0905450000000005 	 -7.8867657547132071 
	 14.0999400000000001 	 -7.8867586139265553 
	 14.1093349999999997 	 -7.8867514929602276 
	 14.1187300000000011 	 -7.8867443917416091 
	 14.1281250000000007 	 -7.8867373101980807 
	 14.1375199999999985 	 -7.8867302482570345 
	 14.1469149999999999 	 -7.8867232058458532 
	 14.1563099999999995 	 -7.8867161828919174 
	 14.1657049999999991 	 -7.8867091793226205 
	 14.1750999999999987 	 -7.8867021950653422 
	 14.1844950000000001 	 -7.8866952300474704 
	 14.1938899999999979 	 -7.8866882841963886 
	 14.2032849999999993 	 -7.8866813574394836 
	 14.2126800000000006 	 -7.8866744497041408 
	 14.2220750000000002 	 -7.8866675609177435 
	 14.2314699999999998 	 -7.8866606910076795 
	 14.2408650000000012 	 -7.8866538399013315 
	 14.2502599999999990 	 -7.8866470075260890 
	 14.2596550000000004 	 -7.8866401938093365 
	 14.2690499999999982 	 -7.8866333986784554 
	 14.2784449999999996 	 -7.8866266220608328 
	 14.2878399999999974 	 -7.8866198638838565 
	 14.2972350000000006 	 -7.8866131240749073 
	 14.3066300000000002 	 -7.8866064025616396 
	 14.3160249999999998 	 -7.8865996992743685 
	 14.3254199999999994 	 -7.8865930141449576 
	 14.3348150000000008 	 -7.8865863471052942 
	 14.3442099999999986 	 -7.8865796980872664 
	 14.3536049999999999 	 -7.8865730670227592 
	 14.3629999999999995 	 -7.8865664538436553 
	 14.3723949999999991 	 -7.8865598584818430 
	 14.3817899999999987 	 -7.8865532808692098 
	 14.3911850000000019 	 -7.8865467209376385 
	 14.4005799999999997 	 -7.8865401786190183 
	 14.4099750000000011 	 -7.8865336538490052 
	 14.4193699999999989 	 -7.8865271465757916 
	 14.4287650000000003 	 -7.8865206567501804 
	 14.4381599999999981 	 -7.8865141843229685 
	 14.4475549999999995 	 -7.8865077292449559 
	 14.4569499999999991 	 -7.8865012914669421 
	 14.4663449999999987 	 -7.8864948709397265 
	 14.4757400000000001 	 -7.8864884676141074 
	 14.4851350000000014 	 -7.8864820814408843 
	 14.4945299999999992 	 -7.8864757123708582 
	 14.5039250000000006 	 -7.8864693603546190 
	 14.5133200000000002 	 -7.8864630253355310 
	 14.5227149999999998 	 -7.8864567072479854 
	 14.5321099999999994 	 -7.8864504060258254 
	 14.5415050000000008 	 -7.8864441216028833 
	 14.5508999999999986 	 -7.8864378539129989 
	 14.5602950000000000 	 -7.8864316028900081 
	 14.5696899999999996 	 -7.8864253684677523 
	 14.5790850000000010 	 -7.8864191505800614 
	 14.5884799999999988 	 -7.8864129491607828 
	 14.5978750000000002 	 -7.8864067641437465 
	 14.6072699999999998 	 -7.8864005954627920 
	 14.6166649999999994 	 -7.8863944430517572 
	 14.6260599999999990 	 -7.8863883068444780 
	 14.6354550000000003 	 -7.8863821867747959 
	 14.6448499999999981 	 -7.8863760827765432 
	 14.6542450000000013 	 -7.8863699947835597 
	 14.6636400000000009 	 -7.8863639227296840 
	 14.6730350000000005 	 -7.8863578665487521 
	 14.6824300000000001 	 -7.8863518261746011 
	 14.6918250000000015 	 -7.8863458015410677 
	 14.7012199999999993 	 -7.8863397925820067 
	 14.7106150000000007 	 -7.8863337992397762 
	 14.7200099999999985 	 -7.8863278214799362 
	 14.7294049999999999 	 -7.8863218592719537 
	 14.7387999999999995 	 -7.8863159125852977 
	 14.7481950000000008 	 -7.8863099813894388 
	 14.7575900000000004 	 -7.8863040656538406 
	 14.7669850000000000 	 -7.8862981653479762 
	 14.7763799999999996 	 -7.8862922804413120 
	 14.7857750000000010 	 -7.8862864109033195 
	 14.7951699999999988 	 -7.8862805567034631 
	 14.8045650000000002 	 -7.8862747178105055 
	 14.8139599999999998 	 -7.8862688941756955 
	 14.8233549999999994 	 -7.8862630857321276 
	 14.8327500000000008 	 -7.8862572924120595 
	 14.8421450000000021 	 -7.8862515141477418 
	 14.8515400000000000 	 -7.8862457508714225 
	 14.8609350000000013 	 -7.8862400025153594 
	 14.8703299999999992 	 -7.8862342690118039 
	 14.8797250000000005 	 -7.8862285502930067 
	 14.8891199999999984 	 -7.8862228462912203 
	 14.8985149999999997 	 -7.8862171569386987 
	 14.9079099999999993 	 -7.8862114821696698 
	 14.9173049999999989 	 -7.8862058219311990 
	 14.9267000000000003 	 -7.8862001761754330 
	 14.9360950000000017 	 -7.8861945448545496 
	 14.9454899999999995 	 -7.8861889279207134 
	 14.9548850000000009 	 -7.8861833253260976 
	 14.9642800000000005 	 -7.8861777370228747 
	 14.9736750000000001 	 -7.8861721629632129 
	 14.9830699999999997 	 -7.8861666030992854 
	 14.9924650000000010 	 -7.8861610573832586 
	 15.0018600000000006 	 -7.8861555257673039 
	 15.0112550000000020 	 -7.8861500082035949 
	 15.0206499999999998 	 -7.8861445046442995 
	 15.0300450000000012 	 -7.8861390150415902 
	 15.0394399999999990 	 -7.8861335393476359 
	 15.0488350000000004 	 -7.8861280775146065 
	 15.0582300000000000 	 -7.8861226294946754 
	 15.0676249999999996 	 -7.8861171952400113 
	 15.0770199999999992 	 -7.8861117747027860 
	 15.0864150000000006 	 -7.8861063678351666 
	 15.0958100000000002 	 -7.8861009745893265 
	 15.1052050000000015 	 -7.8860955949174354 
	 15.1146000000000011 	 -7.8860902287716659 
	 15.1239950000000007 	 -7.8860848761041851 
	 15.1333900000000003 	 -7.8860795368671672 
	 15.1427850000000017 	 -7.8860742110127777 
	 15.1521799999999995 	 -7.8860688984931944 
	 15.1615750000000009 	 -7.8860635992605808 
	 15.1709699999999987 	 -7.8860583132671120 
	 15.1803650000000001 	 -7.8860530404649563 
	 15.1897599999999997 	 -7.8860477808062868 
	 15.1991550000000011 	 -7.8860425342432698 
	 15.2085500000000007 	 -7.8860373007286588 
	 15.2179450000000003 	 -7.8860320802182438 
	 15.2273399999999999 	 -7.8860268726688121 
	 15.2367350000000012 	 -7.8860216780371486 
	 15.2461299999999991 	 -7.8860164962800381 
	 15.2555250000000004 	 -7.8860113273542662 
	 15.2649200000000000 	 -7.8860061712166187 
	 15.2743150000000014 	 -7.8860010278238848 
	 15.2837100000000010 	 -7.8859958971328474 
	 15.2931050000000024 	 -7.8859907791002906 
	 15.3025000000000002 	 -7.8859856736830061 
	 15.3118949999999980 	 -7.8859805808379955 
	 15.3212899999999994 	 -7.8859755005226679 
	 15.3306849999999990 	 -7.8859704326944744 
	 15.3400799999999986 	 -7.8859653773108658 
	 15.3494749999999982 	 -7.8859603343292894 
	 15.3588699999999996 	 -7.8859553037072034 
	 15.3682649999999992 	 -7.8859502854020533 
	 15.3776600000000006 	 -7.8859452793712927 
	 15.3870550000000001 	 -7.8859402855723708 
	 15.3964499999999997 	 -7.8859353039627411 
	 15.4058449999999993 	 -7.8859303344998519 
	 15.4152400000000007 	 -7.8859253771411559 
	 15.4246349999999985 	 -7.8859204318441050 
	 15.4340299999999999 	 -7.8859154985661455 
	 15.4434249999999977 	 -7.8859105772647347 
	 15.4528200000000009 	 -7.8859056678973225 
	 15.4622149999999987 	 -7.8859007704213528 
	 15.4716100000000001 	 -7.8858958847942873 
	 15.4810049999999997 	 -7.8858910109735687 
	 15.4903999999999993 	 -7.8858861489166525 
	 15.4997949999999989 	 -7.8858812985809879 
	 15.5091900000000003 	 -7.8858764599240274 
	 15.5185849999999981 	 -7.8858716329032212 
	 15.5279799999999994 	 -7.8858668174760185 
	 15.5373750000000008 	 -7.8858620135998736 
	 15.5467700000000004 	 -7.8858572212322358 
	 15.5561650000000000 	 -7.8858524403305577 
	 15.5655600000000014 	 -7.8858476708522875 
	 15.5749549999999992 	 -7.8858429127548764 
	 15.5843500000000006 	 -7.8858381659957795 
	 15.5937449999999984 	 -7.8858334305324433 
	 15.6031399999999998 	 -7.8858287063223553 
	 15.6125349999999976 	 -7.8858239933250625 
	 15.6219299999999990 	 -7.8858192915032959 
	 15.6313250000000004 	 -7.8858146008200611 
	 15.6407200000000000 	 -7.8858099212383603 
	 15.6501149999999996 	 -7.8858052527212026 
	 15.6595100000000009 	 -7.8858005952315899 
	 15.6689049999999988 	 -7.8857959487325306 
	 15.6783000000000001 	 -7.8857913131870276 
	 15.6876949999999997 	 -7.8857866885580856 
	 15.6970899999999993 	 -7.8857820748087137 
	 15.7064849999999989 	 -7.8857774719019114 
	 15.7158800000000021 	 -7.8857728798006868 
	 15.7252749999999999 	 -7.8857682984680464 
	 15.7346700000000013 	 -7.8857637278669923 
	 15.7440649999999991 	 -7.8857591679605301 
	 15.7534600000000005 	 -7.8857546187116689 
	 15.7628549999999983 	 -7.8857500800834082 
	 15.7722499999999997 	 -7.8857455520387578 
	 15.7816449999999993 	 -7.8857410345407191 
	 15.7910399999999989 	 -7.8857365275523001 
	 15.8004350000000002 	 -7.8857320310365049 
	 15.8098300000000016 	 -7.8857275449596269 
	 15.8192249999999994 	 -7.8857230692994138 
	 15.8286200000000008 	 -7.8857186040361089 
	 15.8380150000000004 	 -7.8857141491499467 
	 15.8474100000000000 	 -7.8857097046211662 
	 15.8568049999999996 	 -7.8857052704300079 
	 15.8662000000000010 	 -7.8857008465567091 
	 15.8755949999999988 	 -7.8856964329815087 
	 15.8849900000000002 	 -7.8856920296846509 
	 15.8943849999999998 	 -7.8856876366463684 
	 15.9037800000000011 	 -7.8856832538464348 
	 15.9131749999999990 	 -7.8856788812466947 
	 15.9225700000000003 	 -7.8856745187858426 
	 15.9319649999999999 	 -7.8856701664010442 
	 15.9413599999999995 	 -7.8856658240294673 
	 15.9507549999999991 	 -7.8856614916082739 
	 15.9601500000000005 	 -7.8856571690746291 
	 15.9695449999999983 	 -7.8856528563657005 
	 15.9789400000000015 	 -7.8856485534186458 
	 15.9883350000000011 	 -7.8856442601706354 
	 15.9977300000000007 	 -7.8856399765588341 
	 16.0071249999999985 	 -7.8856357025244250 
	 16.0165199999999999 	 -7.8856314380426271 
	 16.0259150000000012 	 -7.8856271831057816 
	 16.0353100000000026 	 -7.8856229377063576 
	 16.0447050000000004 	 -7.8856187018368260 
	 16.0541000000000018 	 -7.8856144754896595 
	 16.0634949999999996 	 -7.8856102586573273 
	 16.0728900000000010 	 -7.8856060513323012 
	 16.0822849999999988 	 -7.8856018535070502 
	 16.0916800000000002 	 -7.8855976651740480 
	 16.1010749999999980 	 -7.8855934863257566 
	 16.1104699999999994 	 -7.8855893169484501 
	 16.1198650000000008 	 -7.8855851570107678 
	 16.1292600000000022 	 -7.8855810064782261 
	 16.1386550000000000 	 -7.8855768653163478 
	 16.1480500000000013 	 -7.8855727334906449 
	 16.1574449999999992 	 -7.8855686109666392 
	 16.1668400000000005 	 -7.8855644977098498 
	 16.1762349999999984 	 -7.8855603936857923 
	 16.1856299999999997 	 -7.8855562988599868 
	 16.1950249999999976 	 -7.8855522131979550 
	 16.2044200000000025 	 -7.8855481366652089 
	 16.2138150000000003 	 -7.8855440692272696 
	 16.2232100000000017 	 -7.8855400108496561 
	 16.2326049999999995 	 -7.8855359614978848 
	 16.2420000000000009 	 -7.8855319211374777 
	 16.2513949999999987 	 -7.8855278897339485 
	 16.2607900000000001 	 -7.8855238672528207 
	 16.2701850000000015 	 -7.8855198536596083 
	 16.2795799999999993 	 -7.8855158489198320 
	 16.2889750000000006 	 -7.8855118529990085 
	 16.2983700000000020 	 -7.8855078658626585 
	 16.3077649999999998 	 -7.8855038874772019 
	 16.3171600000000012 	 -7.8854999178151903 
	 16.3265549999999990 	 -7.8854959568517380 
	 16.3359500000000004 	 -7.8854920045619536 
	 16.3453449999999982 	 -7.8854880609209559 
	 16.3547399999999996 	 -7.8854841259038544 
	 16.3641349999999974 	 -7.8854801994857704 
	 16.3735299999999988 	 -7.8854762816418136 
	 16.3829250000000002 	 -7.8854723723471043 
	 16.3923200000000016 	 -7.8854684715767513 
	 16.4017150000000029 	 -7.8854645793058715 
	 16.4111100000000008 	 -7.8854606955095807 
	 16.4205050000000021 	 -7.8854568201629966 
	 16.4299000000000035 	 -7.8854529532412299 
	 16.4392950000000013 	 -7.8854490947193936 
	 16.4486900000000027 	 -7.8854452445726082 
	 16.4580850000000005 	 -7.8854414027759843 
	 16.4674800000000019 	 -7.8854375693046395 
	 16.4768749999999997 	 -7.8854337441336861 
	 16.4862699999999975 	 -7.8854299272382402 
	 16.4956649999999989 	 -7.8854261185934194 
	 16.5050599999999967 	 -7.8854223181743892 
	 16.5144549999999981 	 -7.8854185259574230 
	 16.5238499999999959 	 -7.8854147419197798 
	 16.5332449999999973 	 -7.8854109660387550 
	 16.5426399999999987 	 -7.8854071982916469 
	 16.5520349999999965 	 -7.8854034386557483 
	 16.5614300000000014 	 -7.8853996871083565 
	 16.5708250000000028 	 -7.8853959436267695 
	 16.5802200000000006 	 -7.8853922081882830 
	 16.5896150000000020 	 -7.8853884807701888 
	 16.5990099999999998 	 -7.8853847613497869 
	 16.6084050000000012 	 -7.8853810499043746 
	 16.6177999999999990 	 -7.8853773464112447 
	 16.6271950000000004 	 -7.8853736508476953 
	 16.6365899999999982 	 -7.8853699631910219 
	 16.6459849999999996 	 -7.8853662834185192 
	 16.6553799999999974 	 -7.8853626115074853 
	 16.6647749999999988 	 -7.8853589474352166 
	 16.6741700000000002 	 -7.8853552911790077 
	 16.6835649999999980 	 -7.8853516427161550 
	 16.6929599999999994 	 -7.8853480020239539 
	 16.7023550000000007 	 -7.8853443690797018 
	 16.7117499999999986 	 -7.8853407438606959 
	 16.7211449999999999 	 -7.8853371263442273 
	 16.7305400000000013 	 -7.8853335165075986 
	 16.7399350000000027 	 -7.8853299143281008 
	 16.7493300000000005 	 -7.8853263197830330 
	 16.7587250000000019 	 -7.8853227328496889 
	 16.7681199999999997 	 -7.8853191535053657 
	 16.7775150000000011 	 -7.8853155817273608 
	 16.7869099999999989 	 -7.8853120174929714 
	 16.7963050000000003 	 -7.8853084607794894 
	 16.8056999999999981 	 -7.8853049115639360 
	 16.8150949999999995 	 -7.8853013698193362 
	 16.8244899999999973 	 -7.8852978355156766 
	 16.8338849999999987 	 -7.8852943086228757 
	 16.8432800000000000 	 -7.8852907891108543 
	 16.8526749999999979 	 -7.8852872769495308 
	 16.8620699999999992 	 -7.8852837721088171 
	 16.8714650000000006 	 -7.8852802745586317 
	 16.8808599999999984 	 -7.8852767842688962 
	 16.8902549999999998 	 -7.8852733012095255 
	 16.8996499999999976 	 -7.8852698253504379 
	 16.9090450000000025 	 -7.8852663566658352 
	 16.9184400000000004 	 -7.8852628951490695 
	 16.9278350000000017 	 -7.8852594407988583 
	 16.9372299999999996 	 -7.8852559936139084 
	 16.9466250000000009 	 -7.8852525535929345 
	 16.9560199999999988 	 -7.8852491207346498 
	 16.9654150000000001 	 -7.8852456950377618 
	 16.9748100000000015 	 -7.8852422765009882 
	 16.9842049999999993 	 -7.8852388651230374 
	 16.9936000000000007 	 -7.8852354609026225 
	 17.0029950000000021 	 -7.8852320638381972 
	 17.0123899999999999 	 -7.8852286739108761 
	 17.0217850000000013 	 -7.8852252910738425 
	 17.0311799999999991 	 -7.8852219152777465 
	 17.0405750000000005 	 -7.8852185464732401 
	 17.0499699999999983 	 -7.8852151846109715 
	 17.0593649999999997 	 -7.8852118296415901 
	 17.0687599999999975 	 -7.8852084815157468 
	 17.0781549999999989 	 -7.8852051401840937 
	 17.0875500000000002 	 -7.8852018055972790 
	 17.0969450000000016 	 -7.8851984777059503 
	 17.1063399999999994 	 -7.8851951564642908 
	 17.1157350000000008 	 -7.8851918418663223 
	 17.1251299999999986 	 -7.8851885339312178 
	 17.1345250000000000 	 -7.8851852326785457 
	 17.1439200000000014 	 -7.8851819381278716 
	 17.1533149999999992 	 -7.8851786502987657 
	 17.1627100000000006 	 -7.8851753692107946 
	 17.1721050000000020 	 -7.8851720948835302 
	 17.1814999999999998 	 -7.8851688273365337 
	 17.1908950000000011 	 -7.8851655665893823 
	 17.2002899999999990 	 -7.8851623126616310 
	 17.2096850000000003 	 -7.8851590655612789 
	 17.2190799999999982 	 -7.8851558252540963 
	 17.2284749999999995 	 -7.8851525916962357 
	 17.2378699999999974 	 -7.8851493648438469 
	 17.2472649999999987 	 -7.8851461446530822 
	 17.2566599999999966 	 -7.8851429310800940 
	 17.2660550000000015 	 -7.8851397240810330 
	 17.2754500000000029 	 -7.8851365236120508 
	 17.2848450000000007 	 -7.8851333296293014 
	 17.2942400000000021 	 -7.8851301420889328 
	 17.3036350000000034 	 -7.8851269609474040 
	 17.3130300000000013 	 -7.8851237861739065 
	 17.3224250000000026 	 -7.8851206177547688 
	 17.3318200000000004 	 -7.8851174556775270 
	 17.3412150000000018 	 -7.8851142999297092 
	 17.3506099999999996 	 -7.8851111504988527 
	 17.3600050000000010 	 -7.8851080073724908 
	 17.3693999999999988 	 -7.8851048705381510 
	 17.3787950000000002 	 -7.8851017399833694 
	 17.3881899999999980 	 -7.8850986156956813 
	 17.3975849999999994 	 -7.8850954976626175 
	 17.4069799999999972 	 -7.8850923858717108 
	 17.4163749999999986 	 -7.8850892803104955 
	 17.4257699999999964 	 -7.8850861809665016 
	 17.4351649999999978 	 -7.8850830878272671 
	 17.4445600000000027 	 -7.8850800008803210 
	 17.4539550000000006 	 -7.8850769201131952 
	 17.4633500000000019 	 -7.8850738455134266 
	 17.4727450000000033 	 -7.8850707770685471 
	 17.4821400000000011 	 -7.8850677147660893 
	 17.4915350000000025 	 -7.8850646585935831 
	 17.5009300000000003 	 -7.8850616085385656 
	 17.5103250000000017 	 -7.8850585645885696 
	 17.5197199999999995 	 -7.8850555267311258 
	 17.5291150000000009 	 -7.8850524949537704 
	 17.5385099999999987 	 -7.8850494692440307 
	 17.5479050000000001 	 -7.8850464495894439 
	 17.5572999999999979 	 -7.8850434359775443 
	 17.5666949999999993 	 -7.8850404283958619 
	 17.5760900000000007 	 -7.8850374268319321 
	 17.5854849999999985 	 -7.8850344312732847 
	 17.5948799999999999 	 -7.8850314417074534 
	 17.6042750000000012 	 -7.8850284581218970 
	 17.6136700000000026 	 -7.8850254805018576 
	 17.6230650000000040 	 -7.8850225088300903 
	 17.6324600000000018 	 -7.8850195430892223 
	 17.6418550000000032 	 -7.8850165832618746 
	 17.6512500000000010 	 -7.8850136293306718 
	 17.6606449999999988 	 -7.8850106812782386 
	 17.6700400000000002 	 -7.8850077390871984 
	 17.6794349999999980 	 -7.8850048027401733 
	 17.6888299999999994 	 -7.8850018722197923 
	 17.6982249999999972 	 -7.8849989475086737 
	 17.7076199999999986 	 -7.8849960285894438 
	 17.7170150000000000 	 -7.8849931154447281 
	 17.7264099999999978 	 -7.8849902080571468 
	 17.7358049999999992 	 -7.8849873064093288 
	 17.7452000000000005 	 -7.8849844104838924 
	 17.7545949999999984 	 -7.8849815202634659 
	 17.7639899999999997 	 -7.8849786357306719 
	 17.7733849999999975 	 -7.8849757568681333 
	 17.7827799999999989 	 -7.8849728836584774 
	 17.7921750000000003 	 -7.8849700160843232 
	 17.8015700000000017 	 -7.8849671541283044 
	 17.8109649999999995 	 -7.8849642977753112 
	 17.8203600000000009 	 -7.8849614470157565 
	 17.8297549999999987 	 -7.8849586018408919 
	 17.8391500000000001 	 -7.8849557622419670 
	 17.8485450000000014 	 -7.8849529282102271 
	 17.8579399999999993 	 -7.8849500997369208 
	 17.8673350000000006 	 -7.8849472768132980 
	 17.8767300000000020 	 -7.8849444594306055 
	 17.8861249999999998 	 -7.8849416475800922 
	 17.8955200000000012 	 -7.8849388412530050 
	 17.9049149999999990 	 -7.8849360404404987 
	 17.9143100000000004 	 -7.8849332451317737 
	 17.9237049999999982 	 -7.8849304553141906 
	 17.9330999999999996 	 -7.8849276709750402 
	 17.9424949999999974 	 -7.8849248921016111 
	 17.9518899999999988 	 -7.8849221186811942 
	 17.9612849999999966 	 -7.8849193507010789 
	 17.9706800000000015 	 -7.8849165881485526 
	 17.9800749999999994 	 -7.8849138310109117 
	 17.9894700000000007 	 -7.8849110792754376 
	 17.9988649999999986 	 -7.8849083329294256 
	 18.0082599999999999 	 -7.8849055919601652 
	 18.0176550000000013 	 -7.8849028563549437 
	 18.0270499999999991 	 -7.8849001261010505 
	 18.0364450000000005 	 -7.8848974011857793 
	 18.0458400000000019 	 -7.8848946815964158 
	 18.0552349999999997 	 -7.8848919673202520 
	 18.0646300000000011 	 -7.8848892583445780 
	 18.0740249999999989 	 -7.8848865546566831 
	 18.0834200000000003 	 -7.8848838562438548 
	 18.0928149999999981 	 -7.8848811630933868 
	 18.1022099999999995 	 -7.8848784751925631 
	 18.1116049999999973 	 -7.8848757925283675 
	 18.1209999999999987 	 -7.8848731150871663 
	 18.1303949999999965 	 -7.8848704428552505 
	 18.1397899999999979 	 -7.8848677758189059 
	 18.1491850000000028 	 -7.8848651139644277 
	 18.1585800000000006 	 -7.8848624572781052 
	 18.1679750000000020 	 -7.8848598057462240 
	 18.1773700000000034 	 -7.8848571593550814 
	 18.1867650000000012 	 -7.8848545180909628 
	 18.1961600000000026 	 -7.8848518819401621 
	 18.2055550000000004 	 -7.8848492508889656 
	 18.2149500000000018 	 -7.8848466249236688 
	 18.2243449999999996 	 -7.8848440040305592 
	 18.2337400000000009 	 -7.8848413881959267 
	 18.2431349999999988 	 -7.8848387774060633 
	 18.2525300000000001 	 -7.8848361716472590 
	 18.2619249999999980 	 -7.8848335709058013 
	 18.2713199999999993 	 -7.8848309751679846 
	 18.2807149999999972 	 -7.8848283844200999 
	 18.2901099999999985 	 -7.8848257986484329 
	 18.2995049999999964 	 -7.8848232178392772 
	 18.3088999999999977 	 -7.8848206419795064 
	 18.3182949999999991 	 -7.8848180710587492 
	 18.3276900000000005 	 -7.8848155050674311 
	 18.3370850000000019 	 -7.8848129439959767 
	 18.3464800000000032 	 -7.8848103878348148 
	 18.3558750000000011 	 -7.8848078365743737 
	 18.3652700000000024 	 -7.8848052902050823 
	 18.3746650000000002 	 -7.8848027487173669 
	 18.3840600000000016 	 -7.8848002121016547 
	 18.3934549999999994 	 -7.8847976803483721 
	 18.4028500000000008 	 -7.8847951534479508 
	 18.4122449999999986 	 -7.8847926313908134 
	 18.4216400000000000 	 -7.8847901141673882 
	 18.4310349999999978 	 -7.8847876017681067 
	 18.4404299999999992 	 -7.8847850941833926 
	 18.4498250000000006 	 -7.8847825914036775 
	 18.4592199999999984 	 -7.8847800934193817 
	 18.4686149999999998 	 -7.8847776002209402 
	 18.4780100000000012 	 -7.8847751117987759 
	 18.4874049999999990 	 -7.8847726281433186 
	 18.4968000000000004 	 -7.8847701492449973 
	 18.5061950000000017 	 -7.8847676750942055 
	 18.5155900000000031 	 -7.8847652056809894 
	 18.5249850000000009 	 -7.8847627409951571 
	 18.5343800000000023 	 -7.8847602810265105 
	 18.5437750000000001 	 -7.8847578257648587 
	 18.5531700000000015 	 -7.8847553752000072 
	 18.5625649999999993 	 -7.8847529293217580 
	 18.5719600000000007 	 -7.8847504881199182 
	 18.5813549999999985 	 -7.8847480515842907 
	 18.5907499999999999 	 -7.8847456197046792 
	 18.6001449999999977 	 -7.8847431924708955 
	 18.6095399999999991 	 -7.8847407698727379 
	 18.6189350000000005 	 -7.8847383519000109 
	 18.6283299999999983 	 -7.8847359385425246 
	 18.6377249999999997 	 -7.8847335297900827 
	 18.6471200000000010 	 -7.8847311256324870 
	 18.6565149999999988 	 -7.8847287260595449 
	 18.6659100000000002 	 -7.8847263310610600 
	 18.6753050000000016 	 -7.8847239406268379 
	 18.6847000000000030 	 -7.8847215547466858 
	 18.6940950000000008 	 -7.8847191734104047 
	 18.7034900000000022 	 -7.8847167966078002 
	 18.7128850000000000 	 -7.8847144243286493 
	 18.7222800000000014 	 -7.8847120565626829 
	 18.7316749999999992 	 -7.8847096932996346 
	 18.7410700000000006 	 -7.8847073345292289 
	 18.7504650000000019 	 -7.8847049802411977 
	 18.7598599999999998 	 -7.8847026304252763 
	 18.7692550000000011 	 -7.8847002850711894 
	 18.7786500000000025 	 -7.8846979441686704 
	 18.7880450000000003 	 -7.8846956077074477 
	 18.7974400000000017 	 -7.8846932756772521 
	 18.8068349999999995 	 -7.8846909480678304 
	 18.8162300000000009 	 -7.8846886248690806 
	 18.8256249999999987 	 -7.8846863060709849 
	 18.8350199999999965 	 -7.8846839916635254 
	 18.8444149999999979 	 -7.8846816816366871 
	 18.8538099999999993 	 -7.8846793759804523 
	 18.8632050000000007 	 -7.8846770746848005 
	 18.8725999999999985 	 -7.8846747777397193 
	 18.8819949999999999 	 -7.8846724851351881 
	 18.8913900000000012 	 -7.8846701968611930 
	 18.9007849999999991 	 -7.8846679129077133 
	 18.9101800000000004 	 -7.8846656332647340 
	 18.9195750000000018 	 -7.8846633579222400 
	 18.9289699999999996 	 -7.8846610868702092 
	 18.9383650000000010 	 -7.8846588200986263 
	 18.9477599999999988 	 -7.8846565575974772 
	 18.9571550000000002 	 -7.8846542993567414 
	 18.9665499999999980 	 -7.8846520453664004 
	 18.9759449999999994 	 -7.8846497956164434 
	 18.9853399999999972 	 -7.8846475500968491 
	 18.9947349999999986 	 -7.8846453087975981 
	 19.0041299999999964 	 -7.8846430717086786 
	 19.0135249999999978 	 -7.8846408388200686 
	 19.0229199999999992 	 -7.8846386101217529 
	 19.0323150000000005 	 -7.8846363856037165 
	 19.0417100000000019 	 -7.8846341652559397 
	 19.0511050000000033 	 -7.8846319490684049 
	 19.0605000000000011 	 -7.8846297370310978 
	 19.0698950000000025 	 -7.8846275291339953 
	 19.0792900000000003 	 -7.8846253253670895 
	 19.0886850000000017 	 -7.8846231257203554 
	 19.0980799999999995 	 -7.8846209301837789 
	 19.1074750000000009 	 -7.8846187387475748 
	 19.1168699999999987 	 -7.8846165514036857 
	 19.1262650000000001 	 -7.8846143681448435 
	 19.1356599999999979 	 -7.8846121889637786 
	 19.1450549999999993 	 -7.8846100138532282 
	 19.1544499999999971 	 -7.8846078428059236 
	 19.1638449999999985 	 -7.8846056758146004 
	 19.1732399999999963 	 -7.8846035128719905 
	 19.1826349999999977 	 -7.8846013539708313 
	 19.1920299999999990 	 -7.8845991991038531 
	 19.2014249999999969 	 -7.8845970482637897 
	 19.2108200000000018 	 -7.8845949014433767 
	 19.2202150000000032 	 -7.8845927586353461 
	 19.2296100000000010 	 -7.8845906198324345 
	 19.2390050000000024 	 -7.8845884850273729 
	 19.2484000000000002 	 -7.8845863542128960 
	 19.2577950000000016 	 -7.8845842273817350 
	 19.2671899999999994 	 -7.8845821045266282 
	 19.2765850000000007 	 -7.8845799856403067 
	 19.2859799999999986 	 -7.8845778707155061 
	 19.2953749999999999 	 -7.8845757597449557 
	 19.3047699999999978 	 -7.8845736527213415 
	 19.3141649999999991 	 -7.8845715496361137 
	 19.3235600000000005 	 -7.8845694504795389 
	 19.3329549999999983 	 -7.8845673552418249 
	 19.3423499999999997 	 -7.8845652639131805 
	 19.3517450000000011 	 -7.8845631764838213 
	 19.3611399999999989 	 -7.8845610929439518 
	 19.3705350000000003 	 -7.8845590132837904 
	 19.3799300000000017 	 -7.8845569374935396 
	 19.3893250000000030 	 -7.8845548655634152 
	 19.3987200000000009 	 -7.8845527974836251 
	 19.4081150000000022 	 -7.8845507332443834 
	 19.4175100000000000 	 -7.8845486728358969 
	 19.4269050000000014 	 -7.8845466162483770 
	 19.4362999999999992 	 -7.8845445634720370 
	 19.4456950000000006 	 -7.8845425144970829 
	 19.4550899999999984 	 -7.8845404693137313 
	 19.4644849999999998 	 -7.8845384279121893 
	 19.4738799999999976 	 -7.8845363902826655 
	 19.4832749999999990 	 -7.8845343564153749 
	 19.4926700000000004 	 -7.8845323263005254 
	 19.5020649999999982 	 -7.8845302999283353 
	 19.5114599999999996 	 -7.8845282772902969 
	 19.5208550000000010 	 -7.8845262583805900 
	 19.5302499999999988 	 -7.8845242431937299 
	 19.5396450000000002 	 -7.8845222317242438 
	 19.5490399999999980 	 -7.8845202239666436 
	 19.5584349999999993 	 -7.8845182199154529 
	 19.5678300000000007 	 -7.8845162195651950 
	 19.5772250000000021 	 -7.8845142229103828 
	 19.5866199999999999 	 -7.8845122299455461 
	 19.5960150000000013 	 -7.8845102406651941 
	 19.6054099999999991 	 -7.8845082550637109 
	 19.6148050000000005 	 -7.8845062731331863 
	 19.6242000000000019 	 -7.8845042948638175 
	 19.6335949999999997 	 -7.8845023202457618 
	 19.6429900000000011 	 -7.8845003492691577 
	 19.6523850000000024 	 -7.8844983819241614 
	 19.6617800000000003 	 -7.8844964182009143 
	 19.6711750000000016 	 -7.8844944580895726 
	 19.6805699999999995 	 -7.8844925015802758 
	 19.6899650000000008 	 -7.8844905486631767 
	 19.6993599999999986 	 -7.8844885993284217 
	 19.7087550000000000 	 -7.8844866535661611 
	 19.7181499999999978 	 -7.8844847113665431 
	 19.7275449999999992 	 -7.8844827727197142 
	 19.7369400000000006 	 -7.8844808376158246 
	 19.7463350000000020 	 -7.8844789060450182 
	 19.7557299999999998 	 -7.8844769779974468 
	 19.7651250000000012 	 -7.8844750534632588 
	 19.7745199999999990 	 -7.8844731324326025 
	 19.7839150000000004 	 -7.8844712148956244 
	 19.7933100000000017 	 -7.8844693008424729 
	 19.8027049999999996 	 -7.8844673902633140 
	 19.8121000000000009 	 -7.8844654831498060 
	 19.8214950000000023 	 -7.8844635794962219 
	 19.8308900000000001 	 -7.8844616792970950 
	 19.8402850000000015 	 -7.8844597825469629 
	 19.8496799999999993 	 -7.8844578892403616 
	 19.8590750000000007 	 -7.8844559993718271 
	 19.8684699999999985 	 -7.8844541129358969 
	 19.8778649999999999 	 -7.8844522299271054 
	 19.8872599999999977 	 -7.8844503503399892 
	 19.8966549999999991 	 -7.8844484741690817 
	 19.9060499999999969 	 -7.8844466014089232 
	 19.9154450000000018 	 -7.8844447320540461 
	 19.9248400000000032 	 -7.8844428660989898 
	 19.9342350000000010 	 -7.8844410035382868 
	 19.9436300000000024 	 -7.8844391443664739 
	 19.9530250000000038 	 -7.8844372885780896 
	 19.9624200000000016 	 -7.8844354361676672 
	 19.9718150000000030 	 -7.8844335871297462 
	 19.9812100000000008 	 -7.8844317414588589 
	 19.9906050000000022 	 -7.8844298991495423 
	 20.0000000000000000 	 -7.8844280601963312 
