21392	3	3	A	10	0	X	0	1	32AlHa.138
21381.8	3	3	A	10	1	X	0	2	32AlHa.139
21400.4	3	3	A	10	1	X	0	0	32AlHa.112
21110	3	3	A	10	10	X	0	11	32AlHa.148
21250.3	3	3	A	10	10	X	0	9	32AlHa.121
21060.8	3	3	A	10	11	X	0	12	32AlHa.149
21214.5	3	3	A	10	11	X	0	10	32AlHa.122
21007.6	3	3	A	10	12	X	0	13	32AlHa.150
21173.6	3	3	A	10	12	X	0	11	32AlHa.123
20950.5	3	3	A	10	13	X	0	14	32AlHa.151
21129.2	3	3	A	10	13	X	0	12	32AlHa.124
20889.6	3	3	A	10	14	X	0	15	32AlHa.152
21081.6	3	3	A	10	14	X	0	13	32AlHa.125
20825	3	3	A	10	15	X	0	16	32AlHa.153
21029.3	3	3	A	10	15	X	0	14	32AlHa.126
20756.6	3	3	A	10	16	X	0	17	32AlHa.154
20974.3	3	3	A	10	16	X	0	15	32AlHa.127
20684.5	3	3	A	10	17	X	0	18	32AlHa.155
20914.2	3	3	A	10	17	X	0	16	32AlHa.128
20609.5	3	3	A	10	18	X	0	19	32AlHa.156
20850.8	3	3	A	10	18	X	0	17	32AlHa.129
20529.2	3	3	A	10	19	X	0	20	32AlHa.157
20783.4	3	3	A	10	19	X	0	18	32AlHa.130
21367.2	3	3	A	10	2	X	0	3	32AlHa.140
21400.4	3	3	A	10	2	X	0	1	32AlHa.113
20447.6	3	3	A	10	20	X	0	21	32AlHa.158
20713.1	3	3	A	10	20	X	0	19	32AlHa.131
20360.4	3	3	A	10	21	X	0	22	32AlHa.159
20638.2	3	3	A	10	21	X	0	20	32AlHa.132
-20271.7	3	3	A	10	22	X	0	23	32AlHa.160
-20460.2	3	3	A	10	22	X	0	21	32AlHa.133
20177.6	3	3	A	10	23	X	0	24	32AlHa.161
20479.1	3	3	A	10	23	X	0	22	32AlHa.134
20080.8	3	3	A	10	24	X	0	25	32AlHa.162
20394.2	3	3	A	10	24	X	0	23	32AlHa.135
19979.9	3	3	A	10	25	X	0	26	32AlHa.163
20305.1	3	3	A	10	25	X	0	24	32AlHa.136
19876.4	3	3	A	10	26	X	0	27	32AlHa.164
20213.5	3	3	A	10	26	X	0	25	32AlHa.137
21348.6	3	3	A	10	3	X	0	4	32AlHa.141
21396	3	3	A	10	3	X	0	2	32AlHa.114
21326.4	3	3	A	10	4	X	0	5	32AlHa.142
21386.9	3	3	A	10	4	X	0	3	32AlHa.115
21299.5	3	3	A	10	5	X	0	6	32AlHa.143
21373.6	3	3	A	10	5	X	0	4	32AlHa.116
21269.1	3	3	A	10	6	X	0	7	32AlHa.144
21357.2	3	3	A	10	6	X	0	5	32AlHa.117
21235.6	3	3	A	10	7	X	0	8	32AlHa.145
21336.9	3	3	A	10	7	X	0	6	32AlHa.118
21197.7	3	3	A	10	8	X	0	9	32AlHa.146
21311.5	3	3	A	10	8	X	0	7	32AlHa.119
21155.8	3	3	A	10	9	X	0	10	32AlHa.147
21282.4	3	3	A	10	9	X	0	8	32AlHa.120
21684.2	3	3	A	11	0	X	0	1	32AlHa.192
21675.3	3	3	A	11	1	X	0	2	32AlHa.193
21694.3	3	3	A	11	1	X	0	0	32AlHa.165
21402.2	3	3	A	11	10	X	0	11	32AlHa.202
21542.5	3	3	A	11	10	X	0	9	32AlHa.174
21352.6	3	3	A	11	11	X	0	12	32AlHa.203
21505.7	3	3	A	11	11	X	0	10	32AlHa.175
21299.5	3	3	A	11	12	X	0	13	32AlHa.204
21465.2	3	3	A	11	12	X	0	11	32AlHa.176
21241.5	3	3	A	11	13	X	0	14	32AlHa.205
21421	3	3	A	11	13	X	0	12	32AlHa.177
21180.7	3	3	A	11	14	X	0	15	32AlHa.206
21372.4	3	3	A	11	14	X	0	13	32AlHa.178
21115.7	3	3	A	11	15	X	0	16	32AlHa.207
21320.2	3	3	A	11	15	X	0	14	32AlHa.179
21047.1	3	3	A	11	16	X	0	17	32AlHa.208
21264.3	3	3	A	11	16	X	0	15	32AlHa.180
20974.3	3	3	A	11	17	X	0	18	32AlHa.209
21204.2	3	3	A	11	17	X	0	16	32AlHa.181
20899.1	3	3	A	11	18	X	0	19	32AlHa.210
21140.6	3	3	A	11	18	X	0	17	32AlHa.182
20819	3	3	A	11	19	X	0	20	32AlHa.211
21073.1	3	3	A	11	19	X	0	18	32AlHa.183
21660.7	3	3	A	11	2	X	0	3	32AlHa.194
21694.3	3	3	A	11	2	X	0	1	32AlHa.166
20736.4	3	3	A	11	20	X	0	21	32AlHa.212
21002.1	3	3	A	11	20	X	0	19	32AlHa.184
20649.5	3	3	A	11	21	X	0	22	32AlHa.213
20927	3	3	A	11	21	X	0	20	32AlHa.185
20560.2	3	3	A	11	22	X	0	23	32AlHa.214
20848.5	3	3	A	11	22	X	0	21	32AlHa.186
20466.1	3	3	A	11	23	X	0	24	32AlHa.215
20766.3	3	3	A	11	23	X	0	22	32AlHa.187
20368.9	3	3	A	11	24	X	0	25	32AlHa.216
20680.4	3	3	A	11	24	X	0	23	32AlHa.188
20267.5	3	3	A	11	25	X	0	26	32AlHa.217
20590.6	3	3	A	11	25	X	0	24	32AlHa.189
20162.5	3	3	A	11	26	X	0	27	32AlHa.218
20497.3	3	3	A	11	26	X	0	25	32AlHa.190
20399.8	3	3	A	11	27	X	0	26	32AlHa.191
21641.5	3	3	A	11	3	X	0	4	32AlHa.195
21689	3	3	A	11	3	X	0	2	32AlHa.167
21619.2	3	3	A	11	4	X	0	5	32AlHa.196
21679.7	3	3	A	11	4	X	0	3	32AlHa.168
21592.7	3	3	A	11	5	X	0	6	32AlHa.197
21666.7	3	3	A	11	5	X	0	4	32AlHa.169
21562.4	3	3	A	11	6	X	0	7	32AlHa.198
21649.6	3	3	A	11	6	X	0	5	32AlHa.170
21528.3	3	3	A	11	7	X	0	8	32AlHa.199
21628.8	3	3	A	11	7	X	0	6	32AlHa.171
21490.2	3	3	A	11	8	X	0	9	32AlHa.200
21604	3	3	A	11	8	X	0	7	32AlHa.172
21448	3	3	A	11	9	X	0	10	32AlHa.201
21575.1	3	3	A	11	9	X	0	8	32AlHa.173
21977.7	3	3	A	12	0	X	0	1	32AlHa.247
21968.4	3	3	A	12	1	X	0	2	32AlHa.248
21987.9	3	3	A	12	1	X	0	0	32AlHa.219
21694.3	3	3	A	12	10	X	0	11	32AlHa.257
21834.3	3	3	A	12	10	X	0	9	32AlHa.228
21644.1	3	3	A	12	11	X	0	12	32AlHa.258
21797.4	3	3	A	12	11	X	0	10	32AlHa.229
21590.3	3	3	A	12	12	X	0	13	32AlHa.259
21756.2	3	3	A	12	12	X	0	11	32AlHa.230
21532.7	3	3	A	12	13	X	0	14	32AlHa.260
21711.6	3	3	A	12	13	X	0	12	32AlHa.231
21471.4	3	3	A	12	14	X	0	15	32AlHa.261
21663.4	3	3	A	12	14	X	0	13	32AlHa.232
21405.9	3	3	A	12	15	X	0	16	32AlHa.262
21610.6	3	3	A	12	15	X	0	14	32AlHa.233
21336.9	3	3	A	12	16	X	0	17	32AlHa.263
21553.3	3	3	A	12	16	X	0	15	32AlHa.234
21264.3	3	3	A	12	17	X	0	18	32AlHa.264
21493.8	3	3	A	12	17	X	0	16	32AlHa.235
21188.4	3	3	A	12	18	X	0	19	32AlHa.265
21429.7	3	3	A	12	18	X	0	17	32AlHa.236
21108.4	3	3	A	12	19	X	0	20	32AlHa.266
21361.9	3	3	A	12	19	X	0	18	32AlHa.237
21953.1	3	3	A	12	2	X	0	3	32AlHa.249
21987.9	3	3	A	12	2	X	0	1	32AlHa.220
21024.7	3	3	A	12	20	X	0	21	32AlHa.267
21290.5	3	3	A	12	20	X	0	19	32AlHa.238
20937.5	3	3	A	12	21	X	0	22	32AlHa.268
21214.5	3	3	A	12	21	X	0	20	32AlHa.239
20846.7	3	3	A	12	22	X	0	23	32AlHa.269
21135.8	3	3	A	12	22	X	0	21	32AlHa.240
20752.5	3	3	A	12	23	X	0	24	32AlHa.270
21053	3	3	A	12	23	X	0	22	32AlHa.241
20653.9	3	3	A	12	24	X	0	25	32AlHa.271
20966.8	3	3	A	12	24	X	0	23	32AlHa.242
20553.9	3	3	A	12	25	X	0	26	32AlHa.272
20876.6	3	3	A	12	25	X	0	24	32AlHa.243
20449.6	3	3	A	12	26	X	0	27	32AlHa.273
20783.4	3	3	A	12	26	X	0	25	32AlHa.244
20340.9	3	3	A	12	27	X	0	28	32AlHa.274
20686.8	3	3	A	12	27	X	0	26	32AlHa.245
20586	3	3	A	12	28	X	0	27	32AlHa.246
21935.3	3	3	A	12	3	X	0	4	32AlHa.250
21982.9	3	3	A	12	3	X	0	2	32AlHa.221
21912.5	3	3	A	12	4	X	0	5	32AlHa.251
21973	3	3	A	12	4	X	0	3	32AlHa.222
21885.5	3	3	A	12	5	X	0	6	32AlHa.252
21959.7	3	3	A	12	5	X	0	4	32AlHa.223
21855.3	3	3	A	12	6	X	0	7	32AlHa.253
21942.7	3	3	A	12	6	X	0	5	32AlHa.224
21821	3	3	A	12	7	X	0	8	32AlHa.254
21921.5	3	3	A	12	7	X	0	6	32AlHa.225
21782.6	3	3	A	12	8	X	0	9	32AlHa.255
21896.6	3	3	A	12	8	X	0	7	32AlHa.226
21740.2	3	3	A	12	9	X	0	10	32AlHa.256
21867.4	3	3	A	12	9	X	0	8	32AlHa.227
22259.1	3	3	A	13	1	X	0	2	32AlHa.301
21985.3	3	3	A	13	10	X	0	11	32AlHa.310
22125.6	3	3	A	13	10	X	0	9	32AlHa.281
21935.3	3	3	A	13	11	X	0	12	32AlHa.311
22088.4	3	3	A	13	11	X	0	10	32AlHa.282
21881.1	3	3	A	13	12	X	0	13	32AlHa.312
22047.1	3	3	A	13	12	X	0	11	32AlHa.283
21823	3	3	A	13	13	X	0	14	32AlHa.313
22002.2	3	3	A	13	13	X	0	12	32AlHa.284
21761.2	3	3	A	13	14	X	0	15	32AlHa.314
21953.1	3	3	A	13	14	X	0	13	32AlHa.285
21695.3	3	3	A	13	15	X	0	16	32AlHa.315
21900.3	3	3	A	13	15	X	0	14	32AlHa.286
21626.4	3	3	A	13	16	X	0	17	32AlHa.316
21843	3	3	A	13	16	X	0	15	32AlHa.287
21553.3	3	3	A	13	17	X	0	18	32AlHa.317
21782.6	3	3	A	13	17	X	0	16	32AlHa.288
21476.6	3	3	A	13	18	X	0	19	32AlHa.318
21718	3	3	A	13	18	X	0	17	32AlHa.289
21396	3	3	A	13	19	X	0	20	32AlHa.319
21649.6	3	3	A	13	19	X	0	18	32AlHa.290
22243.4	3	3	A	13	2	X	0	3	32AlHa.302
21311.5	3	3	A	13	20	X	0	21	32AlHa.320
21577.3	3	3	A	13	20	X	0	19	32AlHa.291
21223.7	3	3	A	13	21	X	0	22	32AlHa.321
21502	3	3	A	13	21	X	0	20	32AlHa.292
21132.6	3	3	A	13	22	X	0	23	32AlHa.322
21421	3	3	A	13	22	X	0	21	32AlHa.293
21037.8	3	3	A	13	23	X	0	24	32AlHa.323
21336.9	3	3	A	13	23	X	0	22	32AlHa.294
20939.5	3	3	A	13	24	X	0	25	32AlHa.324
21250.3	3	3	A	13	24	X	0	23	32AlHa.295
20838.3	3	3	A	13	25	X	0	26	32AlHa.325
21160.9	3	3	A	13	25	X	0	24	32AlHa.296
20732.7	3	3	A	13	26	X	0	27	32AlHa.326
21066	3	3	A	13	26	X	0	25	32AlHa.297
20624	3	3	A	13	27	X	0	28	32AlHa.327
20966.8	3	3	A	13	27	X	0	26	32AlHa.298
20864.3	3	3	A	13	28	X	0	27	32AlHa.299
20756.6	3	3	A	13	29	X	0	28	32AlHa.300
22224.8	3	3	A	13	3	X	0	4	32AlHa.303
22275.2	3	3	A	13	3	X	0	2	32AlHa.275
22201.2	3	3	A	13	4	X	0	5	32AlHa.304
22175.8	3	3	A	13	5	X	0	6	32AlHa.305
22250.3	3	3	A	13	5	X	0	4	32AlHa.276
22146.1	3	3	A	13	6	X	0	7	32AlHa.306
22233.1	3	3	A	13	6	X	0	5	32AlHa.277
22112.4	3	3	A	13	7	X	0	8	32AlHa.307
22213.6	3	3	A	13	7	X	0	6	32AlHa.278
22074.2	3	3	A	13	8	X	0	9	32AlHa.308
22188.1	3	3	A	13	8	X	0	7	32AlHa.279
22031.8	3	3	A	13	9	X	0	10	32AlHa.309
22158.9	3	3	A	13	9	X	0	8	32AlHa.280
22563.5	3	3	A	14	0	X	0	1	32AlHa.357
22553	3	3	A	14	1	X	0	2	32AlHa.358
22570.8	3	3	A	14	1	X	0	0	32AlHa.328
22275.2	3	3	A	14	10	X	0	11	32AlHa.367
22415.9	3	3	A	14	10	X	0	9	32AlHa.337
22224.8	3	3	A	14	11	X	0	12	32AlHa.368
22377.9	3	3	A	14	11	X	0	10	32AlHa.338
22170.1	3	3	A	14	12	X	0	13	32AlHa.369
22336.2	3	3	A	14	12	X	0	11	32AlHa.339
22112.4	3	3	A	14	13	X	0	14	32AlHa.370
22290.7	3	3	A	14	13	X	0	12	32AlHa.340
22049.4	3	3	A	14	14	X	0	15	32AlHa.371
22241.6	3	3	A	14	14	X	0	13	32AlHa.341
21982.9	3	3	A	14	15	X	0	16	32AlHa.372
22188.1	3	3	A	14	15	X	0	14	32AlHa.342
21913.7	3	3	A	14	16	X	0	17	32AlHa.373
22130.7	3	3	A	14	16	X	0	15	32AlHa.343
21840.6	3	3	A	14	17	X	0	18	32AlHa.374
22069.1	3	3	A	14	17	X	0	16	32AlHa.344
21762.8	3	3	A	14	18	X	0	19	32AlHa.375
22004.3	3	3	A	14	18	X	0	17	32AlHa.345
21681.8	3	3	A	14	19	X	0	20	32AlHa.376
21935.3	3	3	A	14	19	X	0	18	32AlHa.346
22538	3	3	A	14	2	X	0	3	32AlHa.359
22570.8	3	3	A	14	2	X	0	1	32AlHa.329
21597.1	3	3	A	14	20	X	0	21	32AlHa.377
21862.3	3	3	A	14	20	X	0	19	32AlHa.347
21508.6	3	3	A	14	21	X	0	22	32AlHa.378
21786.4	3	3	A	14	21	X	0	20	32AlHa.348
21416.8	3	3	A	14	22	X	0	23	32AlHa.379
21705.3	3	3	A	14	22	X	0	21	32AlHa.349
21320.2	3	3	A	14	23	X	0	24	32AlHa.380
21619.2	3	3	A	14	23	X	0	22	32AlHa.350
21222.2	3	3	A	14	24	X	0	25	32AlHa.381
21534.8	3	3	A	14	24	X	0	23	32AlHa.351
21119.7	3	3	A	14	25	X	0	26	32AlHa.382
21443.4	3	3	A	14	25	X	0	24	32AlHa.352
21013.6	3	3	A	14	26	X	0	27	32AlHa.383
21348.6	3	3	A	14	26	X	0	25	32AlHa.353
20905.5	3	3	A	14	27	X	0	28	32AlHa.384
21250.3	3	3	A	14	27	X	0	26	32AlHa.354
21147.7	3	3	A	14	28	X	0	27	32AlHa.355
21042	3	3	A	14	29	X	0	28	32AlHa.356
22518.6	3	3	A	14	3	X	0	4	32AlHa.360
22566.3	3	3	A	14	3	X	0	2	32AlHa.330
22496.2	3	3	A	14	4	X	0	5	32AlHa.361
22556.4	3	3	A	14	4	X	0	3	32AlHa.331
22469.4	3	3	A	14	5	X	0	6	32AlHa.362
22543.1	3	3	A	14	5	X	0	4	32AlHa.332
22438.5	3	3	A	14	6	X	0	7	32AlHa.363
22525.3	3	3	A	14	6	X	0	5	32AlHa.333
22403.7	3	3	A	14	7	X	0	8	32AlHa.364
22503.8	3	3	A	14	7	X	0	6	32AlHa.334
22364.7	3	3	A	14	8	X	0	9	32AlHa.365
22479	3	3	A	14	8	X	0	7	32AlHa.335
22321.9	3	3	A	14	9	X	0	10	32AlHa.366
22449.2	3	3	A	14	9	X	0	8	32AlHa.336
22851.5	3	3	A	15	0	X	0	1	32AlHa.411
22842.1	3	3	A	15	1	X	0	2	32AlHa.412
21619.2	3	3	A	15	10	X	1	11	32AlHa.703
21756.2	3	3	A	15	10	X	1	9	32AlHa.685
22563.5	3	3	A	15	10	X	0	11	32AlHa.421
22704.1	3	3	A	15	10	X	0	9	32AlHa.392
-21669.3	3	3	A	15	11	X	1	12	32AlHa.704
21718	3	3	A	15	11	X	1	10	32AlHa.686
22512.9	3	3	A	15	11	X	0	12	32AlHa.422
22665.5	3	3	A	15	11	X	0	10	32AlHa.393
21516.9	3	3	A	15	12	X	1	13	32AlHa.705
21679.7	3	3	A	15	12	X	1	11	32AlHa.687
22457.2	3	3	A	15	12	X	0	13	32AlHa.423
22623.8	3	3	A	15	12	X	0	11	32AlHa.394
-21560.6	3	3	A	15	13	X	1	14	32AlHa.706
21635	3	3	A	15	13	X	1	12	32AlHa.688
22398.6	3	3	A	15	13	X	0	14	32AlHa.424
22577.6	3	3	A	15	13	X	0	12	32AlHa.395
21400.4	3	3	A	15	14	X	1	15	32AlHa.707
21587	3	3	A	15	14	X	1	13	32AlHa.689
22336.2	3	3	A	15	14	X	0	15	32AlHa.425
22527.7	3	3	A	15	14	X	0	13	32AlHa.396
21336.9	3	3	A	15	15	X	1	16	32AlHa.708
21536.7	3	3	A	15	15	X	1	14	32AlHa.690
22269.7	3	3	A	15	15	X	0	16	32AlHa.426
22473.7	3	3	A	15	15	X	0	14	32AlHa.397
21269.1	3	3	A	15	16	X	1	17	32AlHa.709
21480.5	3	3	A	15	16	X	1	15	32AlHa.691
22199.3	3	3	A	15	16	X	0	17	32AlHa.427
22415.9	3	3	A	15	16	X	0	15	32AlHa.398
21197.7	3	3	A	15	17	X	1	18	32AlHa.710
21421	3	3	A	15	17	X	1	16	32AlHa.692
22125.6	3	3	A	15	17	X	0	18	32AlHa.428
22354.6	3	3	A	15	17	X	0	16	32AlHa.399
21123	3	3	A	15	18	X	1	19	32AlHa.711
21357.2	3	3	A	15	18	X	1	17	32AlHa.693
22047.1	3	3	A	15	18	X	0	19	32AlHa.429
22289	3	3	A	15	18	X	0	17	32AlHa.400
21044.6	3	3	A	15	19	X	1	20	32AlHa.712
21290.5	3	3	A	15	19	X	1	18	32AlHa.694
21965.6	3	3	A	15	19	X	0	20	32AlHa.430
22219.5	3	3	A	15	19	X	0	18	32AlHa.401
22827.7	3	3	A	15	2	X	0	3	32AlHa.413
21220.7	3	3	A	15	20	X	1	19	32AlHa.695
21881.1	3	3	A	15	20	X	0	21	32AlHa.431
22146.1	3	3	A	15	20	X	0	19	32AlHa.402
21147.4	3	3	A	15	21	X	1	20	32AlHa.696
21791.3	3	3	A	15	21	X	0	22	32AlHa.432
22069.1	3	3	A	15	21	X	0	20	32AlHa.403
21698.9	3	3	A	15	22	X	0	23	32AlHa.433
21987.9	3	3	A	15	22	X	0	21	32AlHa.404
21602.5	3	3	A	15	23	X	0	24	32AlHa.434
21903.2	3	3	A	15	23	X	0	22	32AlHa.405
21502	3	3	A	15	24	X	0	25	32AlHa.435
21815.4	3	3	A	15	24	X	0	23	32AlHa.406
21400.4	3	3	A	15	25	X	0	26	32AlHa.436
21722.7	3	3	A	15	25	X	0	24	32AlHa.407
21292.9	3	3	A	15	26	X	0	27	32AlHa.437
21626.4	3	3	A	15	26	X	0	25	32AlHa.408
21528.3	3	3	A	15	27	X	0	26	32AlHa.409
21424.6	3	3	A	15	28	X	0	27	32AlHa.410
22808.8	3	3	A	15	3	X	0	4	32AlHa.414
22855.6	3	3	A	15	3	X	0	2	32AlHa.385
21834.3	3	3	A	15	4	X	1	5	32AlHa.697
22786	3	3	A	15	4	X	0	5	32AlHa.415
22846.3	3	3	A	15	4	X	0	3	32AlHa.386
21806.6	3	3	A	15	5	X	1	6	32AlHa.698
21879.1	3	3	A	15	5	X	1	4	32AlHa.680
22758.3	3	3	A	15	5	X	0	6	32AlHa.416
22833.1	3	3	A	15	5	X	0	4	32AlHa.387
21776.6	3	3	A	15	6	X	1	7	32AlHa.699
21862.3	3	3	A	15	6	X	1	5	32AlHa.681
22728	3	3	A	15	6	X	0	7	32AlHa.417
22815	3	3	A	15	6	X	0	5	32AlHa.388
21742.5	3	3	A	15	7	X	1	8	32AlHa.700
21840.6	3	3	A	15	7	X	1	6	32AlHa.682
22692.8	3	3	A	15	7	X	0	8	32AlHa.418
22793.5	3	3	A	15	7	X	0	6	32AlHa.389
21705.3	3	3	A	15	8	X	1	9	32AlHa.701
21815.4	3	3	A	15	8	X	1	7	32AlHa.683
22653.3	3	3	A	15	8	X	0	9	32AlHa.419
22767.4	3	3	A	15	8	X	0	7	32AlHa.390
21663.4	3	3	A	15	9	X	1	10	32AlHa.702
21786.4	3	3	A	15	9	X	1	8	32AlHa.684
22610.3	3	3	A	15	9	X	0	10	32AlHa.420
22737.3	3	3	A	15	9	X	0	8	32AlHa.391
21905.5	3	3	A	16	10	X	1	11	32AlHa.731
22041	3	3	A	16	10	X	1	9	32AlHa.717
21855.3	3	3	A	16	11	X	1	12	32AlHa.732
22004.3	3	3	A	16	11	X	1	10	32AlHa.718
21802.6	3	3	A	16	12	X	1	13	32AlHa.733
21963.8	3	3	A	16	12	X	1	11	32AlHa.719
21744.9	3	3	A	16	13	X	1	14	32AlHa.734
21919.5	3	3	A	16	13	X	1	12	32AlHa.720
21684.2	3	3	A	16	14	X	1	15	32AlHa.735
21871	3	3	A	16	14	X	1	13	32AlHa.721
21619.2	3	3	A	16	15	X	1	16	32AlHa.736
21819	3	3	A	16	15	X	1	14	32AlHa.722
21762.8	3	3	A	16	16	X	1	15	32AlHa.723
22142.2	3	3	A	16	3	X	1	4	32AlHa.724
22119.7	3	3	A	16	4	X	1	5	32AlHa.725
22092.8	3	3	A	16	5	X	1	6	32AlHa.726
22063.6	3	3	A	16	6	X	1	7	32AlHa.727
22147.9	3	3	A	16	6	X	1	5	32AlHa.713
22029.5	3	3	A	16	7	X	1	8	32AlHa.728
22127.3	3	3	A	16	7	X	1	6	32AlHa.714
21991.4	3	3	A	16	8	X	1	9	32AlHa.729
22102.7	3	3	A	16	8	X	1	7	32AlHa.715
21950	3	3	A	16	9	X	1	10	32AlHa.730
22074.2	3	3	A	16	9	X	1	8	32AlHa.716
22188.1	3	3	A	17	10	X	1	11	32AlHa.765
22324	3	3	A	17	10	X	1	9	32AlHa.743
22137.5	3	3	A	17	11	X	1	12	32AlHa.766
22287.2	3	3	A	17	11	X	1	10	32AlHa.744
22083.7	3	3	A	17	12	X	1	13	32AlHa.767
22246.5	3	3	A	17	12	X	1	11	32AlHa.745
22026.7	3	3	A	17	13	X	1	14	32AlHa.768
22201.2	3	3	A	17	13	X	1	12	32AlHa.746
21965.6	3	3	A	17	14	X	1	15	32AlHa.769
22152.5	3	3	A	17	14	X	1	13	32AlHa.747
21900.3	3	3	A	17	15	X	1	16	32AlHa.770
22100.2	3	3	A	17	15	X	1	14	32AlHa.748
21832	3	3	A	17	16	X	1	17	32AlHa.771
22043.8	3	3	A	17	16	X	1	15	32AlHa.749
21761.2	3	3	A	17	17	X	1	18	32AlHa.772
21983.3	3	3	A	17	17	X	1	16	32AlHa.750
21684.2	3	3	A	17	18	X	1	19	32AlHa.773
21919.5	3	3	A	17	18	X	1	17	32AlHa.751
21604	3	3	A	17	19	X	1	20	32AlHa.774
21851.6	3	3	A	17	19	X	1	18	32AlHa.752
22445	3	3	A	17	2	X	1	3	32AlHa.757
21521.5	3	3	A	17	20	X	1	21	32AlHa.775
21780.4	3	3	A	17	20	X	1	19	32AlHa.753
21434.2	3	3	A	17	21	X	1	22	32AlHa.776
21705.3	3	3	A	17	21	X	1	20	32AlHa.754
21343.8	3	3	A	17	22	X	1	23	32AlHa.777
21626.4	3	3	A	17	22	X	1	21	32AlHa.755
21250.3	3	3	A	17	23	X	1	24	32AlHa.778
21542.5	3	3	A	17	23	X	1	22	32AlHa.756
21155.8	3	3	A	17	24	X	1	25	32AlHa.779
22426.8	3	3	A	17	3	X	1	4	32AlHa.758
22403.7	3	3	A	17	4	X	1	5	32AlHa.759
22461.8	3	3	A	17	4	X	1	3	32AlHa.737
22377.9	3	3	A	17	5	X	1	6	32AlHa.760
22449.2	3	3	A	17	5	X	1	4	32AlHa.738
22348	3	3	A	17	6	X	1	7	32AlHa.761
22432.7	3	3	A	17	6	X	1	5	32AlHa.739
22313.1	3	3	A	17	7	X	1	8	32AlHa.762
22411.5	3	3	A	17	7	X	1	6	32AlHa.740
22275.3	3	3	A	17	8	X	1	9	32AlHa.763
22386.4	3	3	A	17	8	X	1	7	32AlHa.741
22233.1	3	3	A	17	9	X	1	10	32AlHa.764
22357.3	3	3	A	17	9	X	1	8	32AlHa.742
22466.8	3	3	A	18	10	X	1	11	32AlHa.805
22604.2	3	3	A	18	10	X	1	9	32AlHa.785
22415.9	3	3	A	18	11	X	1	12	32AlHa.806
22566.3	3	3	A	18	11	X	1	10	32AlHa.786
22363.2	3	3	A	18	12	X	1	13	32AlHa.807
22525.3	3	3	A	18	12	X	1	11	32AlHa.787
22305.5	3	3	A	18	13	X	1	14	32AlHa.808
22479	3	3	A	18	13	X	1	12	32AlHa.788
22243.4	3	3	A	18	14	X	1	15	32AlHa.809
22430.5	3	3	A	18	14	X	1	13	32AlHa.789
22178.2	3	3	A	18	15	X	1	16	32AlHa.810
22377.9	3	3	A	18	15	X	1	14	32AlHa.790
22109.1	3	3	A	18	16	X	1	17	32AlHa.811
22320.4	3	3	A	18	16	X	1	15	32AlHa.791
22036.1	3	3	A	18	17	X	1	18	32AlHa.812
22259.1	3	3	A	18	17	X	1	16	32AlHa.792
21959.7	3	3	A	18	18	X	1	19	32AlHa.813
22194.6	3	3	A	18	18	X	1	17	32AlHa.793
21879.1	3	3	A	18	19	X	1	20	32AlHa.814
22125.6	3	3	A	18	19	X	1	18	32AlHa.794
21795.3	3	3	A	18	20	X	1	21	32AlHa.815
22053.7	3	3	A	18	20	X	1	19	32AlHa.795
21977.7	3	3	A	18	21	X	1	20	32AlHa.796
21896.6	3	3	A	18	22	X	1	21	32AlHa.797
22708.9	3	3	A	18	3	X	1	4	32AlHa.798
22686.9	3	3	A	18	4	X	1	5	32AlHa.799
22659.6	3	3	A	18	5	X	1	6	32AlHa.800
22731.5	3	3	A	18	5	X	1	4	32AlHa.780
22629.1	3	3	A	18	6	X	1	7	32AlHa.801
22713.1	3	3	A	18	6	X	1	5	32AlHa.781
22593.4	3	3	A	18	7	X	1	8	32AlHa.802
22692.8	3	3	A	18	7	X	1	6	32AlHa.782
22556.4	3	3	A	18	8	X	1	9	32AlHa.803
22666.3	3	3	A	18	8	X	1	7	32AlHa.783
22512.9	3	3	A	18	9	X	1	10	32AlHa.804
22637.4	3	3	A	18	9	X	1	8	32AlHa.784
15266.2	3	3	A	2	10	X	4	11	32AlHa.1145
15392.9	3	3	A	2	10	X	4	9	32AlHa.1131
-16079.7	3	3	A	2	10	X	3	11	32AlHa.983
-16221.4	3	3	A	2	10	X	3	9	32AlHa.966
15224	3	3	A	2	11	X	4	12	32AlHa.1146
15361	3	3	A	2	11	X	4	10	32AlHa.1132
-16031.1	3	3	A	2	11	X	3	12	32AlHa.984
-16189.5	3	3	A	2	11	X	3	10	32AlHa.967
15177.7	3	3	A	2	12	X	4	13	32AlHa.1147
15327.3	3	3	A	2	12	X	4	11	32AlHa.1133
-15979.1	3	3	A	2	12	X	3	13	32AlHa.985
-16143.1	3	3	A	2	12	X	3	11	32AlHa.968
15130.5	3	3	A	2	13	X	4	14	32AlHa.1148
15290.4	3	3	A	2	13	X	4	12	32AlHa.1134
-15924	3	3	A	2	13	X	3	14	32AlHa.986
-16099.7	3	3	A	2	13	X	3	12	32AlHa.969
-15247.7	3	3	A	2	14	X	4	13	32AlHa.1135
-15865.5	3	3	A	2	14	X	3	15	32AlHa.987
-16054.6	3	3	A	2	14	X	3	13	32AlHa.970
-15202.2	3	3	A	2	15	X	4	14	32AlHa.1136
-15801.7	3	3	A	2	15	X	3	16	32AlHa.988
-16003.5	3	3	A	2	15	X	3	14	32AlHa.971
-15738.2	3	3	A	2	16	X	3	17	32AlHa.989
-15950.1	3	3	A	2	16	X	3	15	32AlHa.972
-15670.2	3	3	A	2	17	X	3	18	32AlHa.990
-15894.3	3	3	A	2	17	X	3	16	32AlHa.973
15835.9	3	3	A	2	18	X	3	17	32AlHa.974
15774.8	3	3	A	2	19	X	3	18	32AlHa.975
15492	3	3	A	2	2	X	4	3	32AlHa.1137
-15474.8	3	3	A	2	3	X	4	4	32AlHa.1138
-16326.5	3	3	A	2	3	X	3	4	32AlHa.976
-15454.9	3	3	A	2	4	X	4	5	32AlHa.1139
-16300.9	3	3	A	2	4	X	3	5	32AlHa.977
-15431.6	3	3	A	2	5	X	4	6	32AlHa.1140
-16273.5	3	3	A	2	5	X	3	6	32AlHa.978
15404.2	3	3	A	2	6	X	4	7	32AlHa.1141
15481	3	3	A	2	6	X	4	5	32AlHa.1127
-16241.4	3	3	A	2	6	X	3	7	32AlHa.979
-16336.6	3	3	A	2	6	X	3	5	32AlHa.962
15375.1	3	3	A	2	7	X	4	8	32AlHa.1142
15465.7	3	3	A	2	7	X	4	6	32AlHa.1128
-16204.5	3	3	A	2	7	X	3	8	32AlHa.980
-16310.6	3	3	A	2	7	X	3	6	32AlHa.963
15342.5	3	3	A	2	8	X	4	9	32AlHa.1143
15445.5	3	3	A	2	8	X	4	7	32AlHa.1129
-16165.5	3	3	A	2	8	X	3	9	32AlHa.981
-16282.6	3	3	A	2	8	X	3	7	32AlHa.964
15306.5	3	3	A	2	9	X	4	10	32AlHa.1144
15420.6	3	3	A	2	9	X	4	8	32AlHa.1130
-16123.9	3	3	A	2	9	X	3	10	32AlHa.982
-16254.3	3	3	A	2	9	X	3	8	32AlHa.965
25322.1	0.3	0.3	A	24	0	X	0	0	92RaAl.1
25324.4	0.3	0.3	A	24	1	X	0	0	92RaAl.2
25447.3	0.3	0.3	A	24	10	X	0	0	92RaAl.11
25328.9	0.3	0.3	A	24	2	X	0	0	92RaAl.3
25335.8	0.3	0.3	A	24	3	X	0	0	92RaAl.4
25344.9	0.3	0.3	A	24	4	X	0	0	92RaAl.5
25356.3	0.3	0.3	A	24	5	X	0	0	92RaAl.6
25369.9	0.3	0.3	A	24	6	X	0	0	92RaAl.7
25385.9	0.3	0.3	A	24	7	X	0	0	92RaAl.8
25404.1	0.3	0.3	A	24	8	X	0	0	92RaAl.9
25424.5	0.3	0.3	A	24	9	X	0	0	92RaAl.10
25570.1	0.5	0.5	A	25	0	X	0	0	92RaAl.12
25572.3	0.5	0.5	A	25	1	X	0	0	92RaAl.13
25692.3	0.5	0.5	A	25	10	X	0	0	92RaAl.22
25576.8	0.5	0.5	A	25	2	X	0	0	92RaAl.14
25583.4	0.5	0.5	A	25	3	X	0	0	92RaAl.15
25592.3	0.5	0.5	A	25	4	X	0	0	92RaAl.16
25603.4	0.5	0.5	A	25	5	X	0	0	92RaAl.17
25616.8	0.5	0.5	A	25	6	X	0	0	92RaAl.18
25632.3	0.5	0.5	A	25	7	X	0	0	92RaAl.19
25650.1	0.5	0.5	A	25	8	X	0	0	92RaAl.20
25670.1	0.5	0.5	A	25	9	X	0	0	92RaAl.21
25814.5	0.7	0.7	A	26	0	X	0	0	92RaAl.23
25816.7	0.7	0.7	A	26	1	X	0	0	92RaAl.24
25933.6	0.7	0.7	A	26	10	X	0	0	92RaAl.33
25821.0	0.7	0.7	A	26	2	X	0	0	92RaAl.25
25827.5	0.7	0.7	A	26	3	X	0	0	92RaAl.26
25836.2	0.7	0.7	A	26	4	X	0	0	92RaAl.27
25847.0	0.7	0.7	A	26	5	X	0	0	92RaAl.28
25860.0	0.7	0.7	A	26	6	X	0	0	92RaAl.29
25875.1	0.7	0.7	A	26	7	X	0	0	92RaAl.30
25892.4	0.7	0.7	A	26	8	X	0	0	92RaAl.31
25911.9	0.7	0.7	A	26	9	X	0	0	92RaAl.32
26055.1	0.4	0.4	A	27	0	X	0	0	92RaAl.34
26057.3	0.4	0.4	A	27	1	X	0	0	92RaAl.35
26173.5	0.4	0.4	A	27	10	X	0	0	92RaAl.44
26061.6	0.4	0.4	A	27	2	X	0	0	92RaAl.36
26068.0	0.4	0.4	A	27	3	X	0	0	92RaAl.37
26076.6	0.4	0.4	A	27	4	X	0	0	92RaAl.38
26087.4	0.4	0.4	A	27	5	X	0	0	92RaAl.39
26100.3	0.4	0.4	A	27	6	X	0	0	92RaAl.40
26115.4	0.4	0.4	A	27	7	X	0	0	92RaAl.41
26132.6	0.4	0.4	A	27	8	X	0	0	92RaAl.42
26152.0	0.4	0.4	A	27	9	X	0	0	92RaAl.43
26286.3	0.3	0.3	A	28	0	X	0	0	92RaAl.45
26288.4	0.3	0.3	A	28	1	X	0	0	92RaAl.46
26403.3	0.3	0.3	A	28	10	X	0	0	92RaAl.55
26292.7	0.3	0.3	A	28	2	X	0	0	92RaAl.47
26299.1	0.3	0.3	A	28	3	X	0	0	92RaAl.48
26307.6	0.3	0.3	A	28	4	X	0	0	92RaAl.49
26318.2	0.3	0.3	A	28	5	X	0	0	92RaAl.50
26331.0	0.3	0.3	A	28	6	X	0	0	92RaAl.51
26345.9	0.3	0.3	A	28	7	X	0	0	92RaAl.52
26362.9	0.3	0.3	A	28	8	X	0	0	92RaAl.53
26382.0	0.3	0.3	A	28	9	X	0	0	92RaAl.54
26507.6	0.9	0.9	A	29	0	X	0	0	92RaAl.56
26509.7	0.9	0.9	A	29	1	X	0	0	92RaAl.57
26621.4	0.9	0.9	A	29	10	X	0	0	92RaAl.66
26513.8	0.9	0.9	A	29	2	X	0	0	92RaAl.58
26520.0	0.9	0.9	A	29	3	X	0	0	92RaAl.59
26528.3	0.9	0.9	A	29	4	X	0	0	92RaAl.60
26538.6	0.9	0.9	A	29	5	X	0	0	92RaAl.61
26551.1	0.9	0.9	A	29	6	X	0	0	92RaAl.62
26565.5	0.9	0.9	A	29	7	X	0	0	92RaAl.63
26582.1	0.9	0.9	A	29	8	X	0	0	92RaAl.64
26600.7	0.9	0.9	A	29	9	X	0	0	92RaAl.65
15761.8	3	3	A	3	1	X	4	2	32AlHa.1170
16631.8	3	3	A	3	1	X	3	2	32AlHa.1016
15529.5	3	3	A	3	10	X	4	11	32AlHa.1179
15656.3	3	3	A	3	10	X	4	9	32AlHa.1157
16386.2	3	3	A	3	10	X	3	11	32AlHa.1025
16516.7	3	3	A	3	10	X	3	9	32AlHa.998
15486.4	3	3	A	3	11	X	4	12	32AlHa.1180
15624.7	3	3	A	3	11	X	4	10	32AlHa.1158
16342.8	3	3	A	3	11	X	3	12	32AlHa.1026
16484	3	3	A	3	11	X	3	10	32AlHa.999
15440.9	3	3	A	3	12	X	4	13	32AlHa.1181
15590.6	3	3	A	3	12	X	4	11	32AlHa.1159
16295.1	3	3	A	3	12	X	3	13	32AlHa.1027
16448.8	3	3	A	3	12	X	3	11	32AlHa.1000
15392.9	3	3	A	3	13	X	4	14	32AlHa.1182
15552.9	3	3	A	3	13	X	4	12	32AlHa.1160
16243.8	3	3	A	3	13	X	3	14	32AlHa.1028
16409	3	3	A	3	13	X	3	12	32AlHa.1001
15340.7	3	3	A	3	14	X	4	15	32AlHa.1183
15514	3	3	A	3	14	X	4	13	32AlHa.1161
16189.5	3	3	A	3	14	X	3	15	32AlHa.1029
16366.8	3	3	A	3	14	X	3	13	32AlHa.1002
15285.4	3	3	A	3	15	X	4	16	32AlHa.1184
15469.6	3	3	A	3	15	X	4	14	32AlHa.1162
16133	3	3	A	3	15	X	3	16	32AlHa.1030
16320.6	3	3	A	3	15	X	3	14	32AlHa.1003
15227.3	3	3	A	3	16	X	4	17	32AlHa.1185
15422.7	3	3	A	3	16	X	4	15	32AlHa.1163
16069.9	3	3	A	3	16	X	3	17	32AlHa.1031
16271.7	3	3	A	3	16	X	3	15	32AlHa.1004
15166	3	3	A	3	17	X	4	18	32AlHa.1186
15371.7	3	3	A	3	17	X	4	16	32AlHa.1164
16007	3	3	A	3	17	X	3	18	32AlHa.1032
16218.8	3	3	A	3	17	X	3	16	32AlHa.1005
15104	3	3	A	3	18	X	4	19	32AlHa.1187
15316.7	3	3	A	3	18	X	4	17	32AlHa.1165
15939.3	3	3	A	3	18	X	3	19	32AlHa.1033
16161.3	3	3	A	3	18	X	3	17	32AlHa.1006
15261.8	3	3	A	3	19	X	4	18	32AlHa.1166
15868.3	3	3	A	3	19	X	3	20	32AlHa.1034
16102.6	3	3	A	3	19	X	3	18	32AlHa.1007
15747.7	3	3	A	3	2	X	4	3	32AlHa.1171
15778.3	3	3	A	3	2	X	4	1	32AlHa.1149
16620.3	3	3	A	3	2	X	3	3	32AlHa.1017
15202.2	3	3	A	3	20	X	4	19	32AlHa.1167
15795.7	3	3	A	3	20	X	3	21	32AlHa.1035
16039.8	3	3	A	3	20	X	3	19	32AlHa.1008
15138.9	3	3	A	3	21	X	4	20	32AlHa.1168
15716.6	3	3	A	3	21	X	3	22	32AlHa.1036
15973.1	3	3	A	3	21	X	3	20	32AlHa.1009
15071.7	3	3	A	3	22	X	4	21	32AlHa.1169
15635.8	3	3	A	3	22	X	3	23	32AlHa.1037
15903.4	3	3	A	3	22	X	3	21	32AlHa.1010
15552.9	3	3	A	3	23	X	3	24	32AlHa.1038
15830.8	3	3	A	3	23	X	3	22	32AlHa.1011
15754.4	3	3	A	3	24	X	3	23	32AlHa.1012
15673.6	3	3	A	3	25	X	3	24	32AlHa.1013
15590.6	3	3	A	3	26	X	3	25	32AlHa.1014
15503.7	3	3	A	3	27	X	3	26	32AlHa.1015
15732.5	3	3	A	3	3	X	4	4	32AlHa.1172
15774.8	3	3	A	3	3	X	4	2	32AlHa.1150
16605.5	3	3	A	3	3	X	3	4	32AlHa.1018
16646	3	3	A	3	3	X	3	2	32AlHa.991
-15676.1	3	3	A	3	4	X	4	3	32AlHa.1151
-15713.5	3	3	A	3	4	X	4	5	32AlHa.1173
-16585.6	3	3	A	3	4	X	3	5	32AlHa.1019
-16637.3	3	3	A	3	4	X	3	3	32AlHa.992
15689.6	3	3	A	3	5	X	4	6	32AlHa.1174
15757.1	3	3	A	3	5	X	4	4	32AlHa.1152
16556.7	3	3	A	3	5	X	3	6	32AlHa.1020
16625.1	3	3	A	3	5	X	3	4	32AlHa.993
15664.6	3	3	A	3	6	X	4	7	32AlHa.1175
15743.3	3	3	A	3	6	X	4	5	32AlHa.1153
16527.1	3	3	A	3	6	X	3	7	32AlHa.1021
16608.9	3	3	A	3	6	X	3	5	32AlHa.994
15635.8	3	3	A	3	7	X	4	8	32AlHa.1176
15726.3	3	3	A	3	7	X	4	6	32AlHa.1154
16495.9	3	3	A	3	7	X	3	8	32AlHa.1022
16589.5	3	3	A	3	7	X	3	6	32AlHa.995
15603.1	3	3	A	3	8	X	4	9	32AlHa.1177
15705.6	3	3	A	3	8	X	4	7	32AlHa.1155
16464.2	3	3	A	3	8	X	3	9	32AlHa.1023
16569.7	3	3	A	3	8	X	3	7	32AlHa.996
15567.5	3	3	A	3	9	X	4	10	32AlHa.1178
15682.4	3	3	A	3	9	X	4	8	32AlHa.1156
-16526.9	3	3	A	3	9	X	3	10	32AlHa.1024
16544.2	3	3	A	3	9	X	3	8	32AlHa.997
26739.1	0.7	0.7	A	30	0	X	0	0	92RaAl.67
26741.1	0.7	0.7	A	30	1	X	0	0	92RaAl.68
26850.1	0.7	0.7	A	30	10	X	0	0	92RaAl.77
26745.2	0.7	0.7	A	30	2	X	0	0	92RaAl.69
26751.2	0.7	0.7	A	30	3	X	0	0	92RaAl.70
26759.3	0.7	0.7	A	30	4	X	0	0	92RaAl.71
26769.4	0.7	0.7	A	30	5	X	0	0	92RaAl.72
26781.5	0.7	0.7	A	30	6	X	0	0	92RaAl.73
26795.6	0.7	0.7	A	30	7	X	0	0	92RaAl.74
26811.8	0.7	0.7	A	30	8	X	0	0	92RaAl.75
26829.9	0.7	0.7	A	30	9	X	0	0	92RaAl.76
26957.2	0.8	0.8	A	31	0	X	0	0	92RaAl.78
26959.2	0.8	0.8	A	31	1	X	0	0	92RaAl.79
27065.4	0.8	0.8	A	31	10	X	0	0	92RaAl.88
26963.1	0.8	0.8	A	31	2	X	0	0	92RaAl.80
26969.0	0.8	0.8	A	31	3	X	0	0	92RaAl.81
26976.9	0.8	0.8	A	31	4	X	0	0	92RaAl.82
26986.7	0.8	0.8	A	31	5	X	0	0	92RaAl.83
26998.5	0.8	0.8	A	31	6	X	0	0	92RaAl.84
27012.3	0.8	0.8	A	31	7	X	0	0	92RaAl.85
27028.0	0.8	0.8	A	31	8	X	0	0	92RaAl.86
27045.7	0.8	0.8	A	31	9	X	0	0	92RaAl.87
27168.3	0.8	0.8	A	32	0	X	0	0	92RaAl.89
27170.2	0.8	0.8	A	32	1	X	0	0	92RaAl.90
27272.6	0.8	0.8	A	32	10	X	0	0	92RaAl.99
27174.0	0.8	0.8	A	32	2	X	0	0	92RaAl.91
27179.7	0.8	0.8	A	32	3	X	0	0	92RaAl.92
27187.3	0.8	0.8	A	32	4	X	0	0	92RaAl.93
27196.8	0.8	0.8	A	32	5	X	0	0	92RaAl.94
27208.1	0.8	0.8	A	32	6	X	0	0	92RaAl.95
27221.4	0.8	0.8	A	32	7	X	0	0	92RaAl.96
27236.6	0.8	0.8	A	32	8	X	0	0	92RaAl.97
27253.7	0.8	0.8	A	32	9	X	0	0	92RaAl.98
27379.2	0.6	0.6	A	33	0	X	0	0	92RaAl.100
27381.0	0.6	0.6	A	33	1	X	0	0	92RaAl.101
27480.7	0.6	0.6	A	33	10	X	0	0	92RaAl.110
27384.7	0.6	0.6	A	33	2	X	0	0	92RaAl.102
27390.3	0.6	0.6	A	33	3	X	0	0	92RaAl.103
27397.7	0.6	0.6	A	33	4	X	0	0	92RaAl.104
27406.9	0.6	0.6	A	33	5	X	0	0	92RaAl.105
27418.0	0.6	0.6	A	33	6	X	0	0	92RaAl.106
27430.9	0.6	0.6	A	33	7	X	0	0	92RaAl.107
27445.6	0.6	0.6	A	33	8	X	0	0	92RaAl.108
27462.2	0.6	0.6	A	33	9	X	0	0	92RaAl.109
27588.0	0.5	0.5	A	34	0	X	0	0	92RaAl.111
27589.8	0.5	0.5	A	34	1	X	0	0	92RaAl.112
27687.5	0.5	0.5	A	34	10	X	0	0	92RaAl.121
27593.4	0.5	0.5	A	34	2	X	0	0	92RaAl.113
27598.9	0.5	0.5	A	34	3	X	0	0	92RaAl.114
27606.1	0.5	0.5	A	34	4	X	0	0	92RaAl.115
27615.1	0.5	0.5	A	34	5	X	0	0	92RaAl.116
27626.0	0.5	0.5	A	34	6	X	0	0	92RaAl.117
27638.7	0.5	0.5	A	34	7	X	0	0	92RaAl.118
27653.1	0.5	0.5	A	34	8	X	0	0	92RaAl.119
27669.4	0.5	0.5	A	34	9	X	0	0	92RaAl.120
15801.7	3	3	A	4	10	X	4	11	32AlHa.1216
15924	3	3	A	4	10	X	4	9	32AlHa.1193
16654.8	3	3	A	4	10	X	3	11	32AlHa.1068
16784.7	3	3	A	4	10	X	3	9	32AlHa.1043
17541.4	3	3	A	4	10	X	2	11	32AlHa.839
17674.7	3	3	A	4	10	X	2	9	32AlHa.819
15757.1	3	3	A	4	11	X	4	12	32AlHa.1217
15894.3	3	3	A	4	11	X	4	10	32AlHa.1194
16611.2	3	3	A	4	11	X	3	12	32AlHa.1069
16753	3	3	A	4	11	X	3	10	32AlHa.1044
17495.4	3	3	A	4	11	X	2	12	32AlHa.840
17639.6	3	3	A	4	11	X	2	10	32AlHa.820
15710.7	3	3	A	4	12	X	4	13	32AlHa.1218
15860.3	3	3	A	4	12	X	4	11	32AlHa.1195
16564.4	3	3	A	4	12	X	3	13	32AlHa.1070
16717.2	3	3	A	4	12	X	3	11	32AlHa.1045
17446.4	3	3	A	4	12	X	2	13	32AlHa.841
17604.6	3	3	A	4	12	X	2	11	32AlHa.821
15662.6	3	3	A	4	13	X	4	14	32AlHa.1219
15823.9	3	3	A	4	13	X	4	12	32AlHa.1196
16513.9	3	3	A	4	13	X	3	14	32AlHa.1071
16680	3	3	A	4	13	X	3	12	32AlHa.1046
17393.4	3	3	A	4	13	X	2	14	32AlHa.842
17565.3	3	3	A	4	13	X	2	12	32AlHa.822
15611.2	3	3	A	4	14	X	4	15	32AlHa.1220
15784.5	3	3	A	4	14	X	4	13	32AlHa.1197
16461.2	3	3	A	4	14	X	3	15	32AlHa.1072
16637.3	3	3	A	4	14	X	3	13	32AlHa.1047
17338.5	3	3	A	4	14	X	2	15	32AlHa.843
17520.2	3	3	A	4	14	X	2	13	32AlHa.823
15557.2	3	3	A	4	15	X	4	16	32AlHa.1221
15741.2	3	3	A	4	15	X	4	14	32AlHa.1198
16403.3	3	3	A	4	15	X	3	16	32AlHa.1073
16592.1	3	3	A	4	15	X	3	14	32AlHa.1048
17279	3	3	A	4	15	X	2	16	32AlHa.844
17472.5	3	3	A	4	15	X	2	14	32AlHa.824
15499.5	3	3	A	4	16	X	4	17	32AlHa.1222
15695	3	3	A	4	16	X	4	15	32AlHa.1199
16343	3	3	A	4	16	X	3	17	32AlHa.1074
16544.2	3	3	A	4	16	X	3	15	32AlHa.1049
17215.2	3	3	A	4	16	X	2	17	32AlHa.845
17421.3	3	3	A	4	16	X	2	15	32AlHa.825
15439.3	3	3	A	4	17	X	4	18	32AlHa.1223
15645.2	3	3	A	4	17	X	4	16	32AlHa.1200
16280.4	3	3	A	4	17	X	3	18	32AlHa.1075
16491.1	3	3	A	4	17	X	3	16	32AlHa.1050
17149.2	3	3	A	4	17	X	2	18	32AlHa.846
17366.7	3	3	A	4	17	X	2	16	32AlHa.826
15375.1	3	3	A	4	18	X	4	19	32AlHa.1224
15592.3	3	3	A	4	18	X	4	17	32AlHa.1201
16213.1	3	3	A	4	18	X	3	19	32AlHa.1076
-16536.6	3	3	A	4	18	X	3	17	32AlHa.1051
17079.1	3	3	A	4	18	X	2	19	32AlHa.847
17308.4	3	3	A	4	18	X	2	17	32AlHa.827
15308.5	3	3	A	4	19	X	4	20	32AlHa.1225
15536.1	3	3	A	4	19	X	4	18	32AlHa.1202
16143.7	3	3	A	4	19	X	3	20	32AlHa.1077
16377.8	3	3	A	4	19	X	3	18	32AlHa.1052
17006.4	3	3	A	4	19	X	2	20	32AlHa.848
17246.4	3	3	A	4	19	X	2	18	32AlHa.828
15238.7	3	3	A	4	20	X	4	21	32AlHa.1226
15477.7	3	3	A	4	20	X	4	19	32AlHa.1203
16070.7	3	3	A	4	20	X	3	21	32AlHa.1078
16315.5	3	3	A	4	20	X	3	19	32AlHa.1053
16928.9	3	3	A	4	20	X	2	21	32AlHa.849
17182.1	3	3	A	4	20	X	2	19	32AlHa.829
15166	3	3	A	4	21	X	4	22	32AlHa.1227
15415.3	3	3	A	4	21	X	4	20	32AlHa.1204
15993.6	3	3	A	4	21	X	3	22	32AlHa.1079
16250.1	3	3	A	4	21	X	3	20	32AlHa.1054
16847.4	3	3	A	4	21	X	2	22	32AlHa.850
17112.7	3	3	A	4	21	X	2	20	32AlHa.830
15349.6	3	3	A	4	22	X	4	21	32AlHa.1205
15913.1	3	3	A	4	22	X	3	23	32AlHa.1080
16181.8	3	3	A	4	22	X	3	21	32AlHa.1055
16765.1	3	3	A	4	22	X	2	23	32AlHa.851
17040	3	3	A	4	22	X	2	21	32AlHa.831
15281.7	3	3	A	4	23	X	4	22	32AlHa.1206
15830.8	3	3	A	4	23	X	3	24	32AlHa.1081
16108.6	3	3	A	4	23	X	3	22	32AlHa.1056
16679.6	3	3	A	4	23	X	2	24	32AlHa.852
15209.2	3	3	A	4	24	X	4	23	32AlHa.1207
15745.4	3	3	A	4	24	X	3	25	32AlHa.1082
16032.9	3	3	A	4	24	X	3	23	32AlHa.1057
16589.5	3	3	A	4	24	X	2	25	32AlHa.853
16886	3	3	A	4	24	X	2	23	32AlHa.832
15134.9	3	3	A	4	25	X	4	24	32AlHa.1208
15656.3	3	3	A	4	25	X	3	26	32AlHa.1083
15954.7	3	3	A	4	25	X	3	24	32AlHa.1058
16804	3	3	A	4	25	X	2	24	32AlHa.833
15564.7	3	3	A	4	26	X	3	27	32AlHa.1084
15872.2	3	3	A	4	26	X	3	25	32AlHa.1059
-15569.6	3	3	A	4	27	X	3	28	32AlHa.1085
-15688.1	3	3	A	4	27	X	3	26	32AlHa.1060
15799.3	3	3	A	4	28	X	3	27	32AlHa.1061
15608.4	3	3	A	4	29	X	3	28	32AlHa.1062
15993.7	3	3	A	4	3	X	4	4	32AlHa.1209
15976.1	3	3	A	4	4	X	4	5	32AlHa.1210
15954.7	3	3	A	4	5	X	4	6	32AlHa.1211
16024.8	3	3	A	4	5	X	4	4	32AlHa.1188
16821.1	3	3	A	4	5	X	3	6	32AlHa.1063
17715.9	3	3	A	4	5	X	2	6	32AlHa.834
15930.6	3	3	A	4	6	X	4	7	32AlHa.1212
16010.6	3	3	A	4	6	X	4	5	32AlHa.1189
16796.7	3	3	A	4	6	X	3	7	32AlHa.1064
16876.3	3	3	A	4	6	X	3	5	32AlHa.1039
17688.3	3	3	A	4	6	X	2	7	32AlHa.835
15903.4	3	3	A	4	7	X	4	8	32AlHa.1213
15993.7	3	3	A	4	7	X	4	6	32AlHa.1190
16765.1	3	3	A	4	7	X	3	8	32AlHa.1065
16858.6	3	3	A	4	7	X	3	6	32AlHa.1040
17656.8	3	3	A	4	7	X	2	8	32AlHa.836
17748.8	3	3	A	4	7	X	2	6	32AlHa.816
15872.1	3	3	A	4	8	X	4	9	32AlHa.1214
15973.1	3	3	A	4	8	X	4	7	32AlHa.1191
16730.5	3	3	A	4	8	X	3	9	32AlHa.1066
16838.7	3	3	A	4	8	X	3	7	32AlHa.1041
17621.7	3	3	A	4	8	X	2	9	32AlHa.837
17730.1	3	3	A	4	8	X	2	7	32AlHa.817
15835.9	3	3	A	4	9	X	4	10	32AlHa.1215
15950.1	3	3	A	4	9	X	4	8	32AlHa.1192
16695.2	3	3	A	4	9	X	3	10	32AlHa.1067
16812.6	3	3	A	4	9	X	3	8	32AlHa.1042
17582.9	3	3	A	4	9	X	2	10	32AlHa.838
17704.2	3	3	A	4	9	X	2	8	32AlHa.818
16928.9	3	3	A	5	10	X	3	11	32AlHa.1109
17058.1	3	3	A	5	10	X	3	9	32AlHa.1088
17816.1	3	3	A	5	10	X	2	11	32AlHa.878
17949.6	3	3	A	5	10	X	2	9	32AlHa.858
18733.7	3	3	A	5	10	X	1	11	32AlHa.465
18868.8	3	3	A	5	10	X	1	9	32AlHa.444
16886	3	3	A	5	11	X	3	12	32AlHa.1110
17027.9	3	3	A	5	11	X	3	10	32AlHa.1089
17771.8	3	3	A	5	11	X	2	12	32AlHa.879
17916	3	3	A	5	11	X	2	10	32AlHa.859
18683.5	3	3	A	5	11	X	1	12	32AlHa.466
18833.7	3	3	A	5	11	X	1	10	32AlHa.445
16838.7	3	3	A	5	12	X	3	13	32AlHa.1111
17721.9	3	3	A	5	12	X	2	13	32AlHa.880
17879.2	3	3	A	5	12	X	2	11	32AlHa.860
18633.9	3	3	A	5	12	X	1	13	32AlHa.467
18795.4	3	3	A	5	12	X	1	11	32AlHa.446
16790.1	3	3	A	5	13	X	3	14	32AlHa.1112
17669.8	3	3	A	5	13	X	2	14	32AlHa.881
17839	3	3	A	5	13	X	2	12	32AlHa.861
18578.1	3	3	A	5	13	X	1	14	32AlHa.468
18753.1	3	3	A	5	13	X	1	12	32AlHa.447
16738.2	3	3	A	5	14	X	3	15	32AlHa.1113
16913.9	3	3	A	5	14	X	3	13	32AlHa.1090
17614.4	3	3	A	5	14	X	2	15	32AlHa.882
17796.5	3	3	A	5	14	X	2	13	32AlHa.862
18520.1	3	3	A	5	14	X	1	15	32AlHa.469
16683.5	3	3	A	5	15	X	3	16	32AlHa.1114
16870.5	3	3	A	5	15	X	3	14	32AlHa.1091
17555	3	3	A	5	15	X	2	16	32AlHa.883
17748.8	3	3	A	5	15	X	2	14	32AlHa.863
18458.1	3	3	A	5	15	X	1	16	32AlHa.470
18657.4	3	3	A	5	15	X	1	14	32AlHa.448
16620	3	3	A	5	16	X	3	17	32AlHa.1115
16821.1	3	3	A	5	16	X	3	15	32AlHa.1092
17491.7	3	3	A	5	16	X	2	17	32AlHa.884
17698	3	3	A	5	16	X	2	15	32AlHa.864
18392.9	3	3	A	5	16	X	1	17	32AlHa.471
18605.3	3	3	A	5	16	X	1	15	32AlHa.449
16559.1	3	3	A	5	17	X	3	18	32AlHa.1116
16769.9	3	3	A	5	17	X	3	16	32AlHa.1093
17426.4	3	3	A	5	17	X	2	18	32AlHa.885
17643.9	3	3	A	5	17	X	2	16	32AlHa.865
18324.1	3	3	A	5	17	X	1	18	32AlHa.472
18546.9	3	3	A	5	17	X	1	16	32AlHa.450
16491.1	3	3	A	5	18	X	3	19	32AlHa.1117
16714.2	3	3	A	5	18	X	3	17	32AlHa.1094
17356.4	3	3	A	5	18	X	2	19	32AlHa.886
17586.5	3	3	A	5	18	X	2	17	32AlHa.866
18252.2	3	3	A	5	18	X	1	19	32AlHa.473
18487.8	3	3	A	5	18	X	1	17	32AlHa.451
16421.9	3	3	A	5	19	X	3	20	32AlHa.1118
16654.8	3	3	A	5	19	X	3	18	32AlHa.1095
17525.1	3	3	A	5	19	X	2	18	32AlHa.867
18176	3	3	A	5	19	X	1	20	32AlHa.474
18421.7	3	3	A	5	19	X	1	18	32AlHa.452
18977.5	3	3	A	5	2	X	1	3	32AlHa.458
16349.6	3	3	A	5	20	X	3	21	32AlHa.1119
16592.1	3	3	A	5	20	X	3	19	32AlHa.1096
17461.2	3	3	A	5	20	X	2	19	32AlHa.868
18096.3	3	3	A	5	20	X	1	21	32AlHa.475
18354.8	3	3	A	5	20	X	1	19	32AlHa.453
16273.5	3	3	A	5	21	X	3	22	32AlHa.1120
16529	3	3	A	5	21	X	3	20	32AlHa.1097
17393.4	3	3	A	5	21	X	2	20	32AlHa.869
18012.7	3	3	A	5	21	X	1	22	32AlHa.476
18284.2	3	3	A	5	21	X	1	20	32AlHa.454
16194.6	3	3	A	5	22	X	3	23	32AlHa.1121
16461.2	3	3	A	5	22	X	3	21	32AlHa.1098
17321	3	3	A	5	22	X	2	21	32AlHa.870
17925.5	3	3	A	5	22	X	1	23	32AlHa.477
18209.9	3	3	A	5	22	X	1	21	32AlHa.455
16112.4	3	3	A	5	23	X	3	24	32AlHa.1122
16390.8	3	3	A	5	23	X	3	22	32AlHa.1099
17246.4	3	3	A	5	23	X	2	22	32AlHa.871
18133.7	3	3	A	5	23	X	1	22	32AlHa.456
16027.9	3	3	A	5	24	X	3	25	32AlHa.1123
16315.5	3	3	A	5	24	X	3	23	32AlHa.1100
18051	3	3	A	5	24	X	1	23	32AlHa.457
15939.3	3	3	A	5	25	X	3	26	32AlHa.1124
16238.2	3	3	A	5	25	X	3	24	32AlHa.1101
15848.4	3	3	A	5	26	X	3	27	32AlHa.1125
16156.9	3	3	A	5	26	X	3	25	32AlHa.1102
15754.5	3	3	A	5	27	X	3	28	32AlHa.1126
16072.6	3	3	A	5	27	X	3	26	32AlHa.1103
15985.3	3	3	A	5	28	X	3	27	32AlHa.1104
15894.3	3	3	A	5	29	X	3	28	32AlHa.1105
18959	3	3	A	5	3	X	1	4	32AlHa.459
18012.7	3	3	A	5	4	X	2	5	32AlHa.872
18938.7	3	3	A	5	4	X	1	5	32AlHa.460
18996.8	3	3	A	5	4	X	1	3	32AlHa.438
17991.2	3	3	A	5	5	X	2	6	32AlHa.873
18912.9	3	3	A	5	5	X	1	6	32AlHa.461
18983.1	3	3	A	5	5	X	1	4	32AlHa.439
17071.8	3	3	A	5	6	X	3	7	32AlHa.1106
17962	3	3	A	5	6	X	2	7	32AlHa.874
18045.5	3	3	A	5	6	X	2	5	32AlHa.854
18885.6	3	3	A	5	6	X	1	7	32AlHa.462
18969.1	3	3	A	5	6	X	1	5	32AlHa.440
17040	3	3	A	5	7	X	3	8	32AlHa.1107
17931.8	3	3	A	5	7	X	2	8	32AlHa.875
18027.8	3	3	A	5	7	X	2	6	32AlHa.855
18852.3	3	3	A	5	7	X	1	8	32AlHa.463
18951.3	3	3	A	5	7	X	1	6	32AlHa.441
17006.4	3	3	A	5	8	X	3	9	32AlHa.1108
17112.7	3	3	A	5	8	X	3	7	32AlHa.1086
17895.5	3	3	A	5	8	X	2	9	32AlHa.876
18003.2	3	3	A	5	8	X	2	7	32AlHa.856
18815.2	3	3	A	5	8	X	1	9	32AlHa.464
18928.7	3	3	A	5	8	X	1	7	32AlHa.442
17086	3	3	A	5	9	X	3	8	32AlHa.1087
17857.6	3	3	A	5	9	X	2	10	32AlHa.877
17979.5	3	3	A	5	9	X	2	8	32AlHa.857
18898.3	3	3	A	5	9	X	1	8	32AlHa.443
19272	3	3	A	6	1	X	1	2	32AlHa.507
18096.3	3	3	A	6	10	X	2	11	32AlHa.915
18229.7	3	3	A	6	10	X	2	9	32AlHa.892
19010.9	3	3	A	6	10	X	1	11	32AlHa.516
19147.9	3	3	A	6	10	X	1	9	32AlHa.486
18051	3	3	A	6	11	X	2	12	32AlHa.916
18196.1	3	3	A	6	11	X	2	10	32AlHa.893
18964.1	3	3	A	6	11	X	1	12	32AlHa.517
19112.8	3	3	A	6	11	X	1	10	32AlHa.487
18003.2	3	3	A	6	12	X	2	13	32AlHa.917
18160	3	3	A	6	12	X	2	11	32AlHa.894
18912.9	3	3	A	6	12	X	1	13	32AlHa.518
19075.2	3	3	A	6	12	X	1	11	32AlHa.488
17949.6	3	3	A	6	13	X	2	14	32AlHa.918
18120.4	3	3	A	6	13	X	2	12	32AlHa.895
18859.2	3	3	A	6	13	X	1	14	32AlHa.519
19033.2	3	3	A	6	13	X	1	12	32AlHa.489
17895.5	3	3	A	6	14	X	2	15	32AlHa.919
18077	3	3	A	6	14	X	2	13	32AlHa.896
18800.8	3	3	A	6	14	X	1	15	32AlHa.520
18987.4	3	3	A	6	14	X	1	13	32AlHa.490
17835	3	3	A	6	15	X	2	16	32AlHa.920
18027.8	3	3	A	6	15	X	2	14	32AlHa.897
18739.2	3	3	A	6	15	X	1	16	32AlHa.521
18938.7	3	3	A	6	15	X	1	14	32AlHa.491
17771.8	3	3	A	6	16	X	2	17	32AlHa.921
17979.5	3	3	A	6	16	X	2	15	32AlHa.898
18674.6	3	3	A	6	16	X	1	17	32AlHa.522
18885.6	3	3	A	6	16	X	1	15	32AlHa.492
17707.5	3	3	A	6	17	X	2	18	32AlHa.922
17925.5	3	3	A	6	17	X	2	16	32AlHa.899
18605.3	3	3	A	6	17	X	1	18	32AlHa.523
18829.2	3	3	A	6	17	X	1	16	32AlHa.493
17639.6	3	3	A	6	18	X	2	19	32AlHa.923
17868.8	3	3	A	6	18	X	2	17	32AlHa.900
18532.7	3	3	A	6	18	X	1	19	32AlHa.524
18769.6	3	3	A	6	18	X	1	17	32AlHa.494
17806.9	3	3	A	6	19	X	2	18	32AlHa.901
18458.1	3	3	A	6	19	X	1	20	32AlHa.525
19256.3	3	3	A	6	2	X	1	3	32AlHa.508
19290.9	3	3	A	6	2	X	1	1	32AlHa.478
17491.7	3	3	A	6	20	X	2	21	32AlHa.924
17743.1	3	3	A	6	20	X	2	19	32AlHa.902
18379.3	3	3	A	6	20	X	1	21	32AlHa.526
18638.5	3	3	A	6	20	X	1	19	32AlHa.495
17412.6	3	3	A	6	21	X	2	22	32AlHa.925
17674.7	3	3	A	6	21	X	2	20	32AlHa.903
18296.6	3	3	A	6	21	X	1	22	32AlHa.527
18566.9	3	3	A	6	21	X	1	20	32AlHa.496
17330.4	3	3	A	6	22	X	2	23	32AlHa.926
17604.6	3	3	A	6	22	X	2	21	32AlHa.904
18209.9	3	3	A	6	22	X	1	23	32AlHa.528
18492.1	3	3	A	6	22	X	1	21	32AlHa.497
17246.4	3	3	A	6	23	X	2	24	32AlHa.927
17530.3	3	3	A	6	23	X	2	22	32AlHa.905
18120.4	3	3	A	6	23	X	1	24	32AlHa.529
18414.2	3	3	A	6	23	X	1	22	32AlHa.498
17452.5	3	3	A	6	24	X	2	23	32AlHa.906
18027.8	3	3	A	6	24	X	1	25	32AlHa.530
18332.2	3	3	A	6	24	X	1	23	32AlHa.499
17371.4	3	3	A	6	25	X	2	24	32AlHa.907
18248.1	3	3	A	6	25	X	1	24	32AlHa.500
18160	3	3	A	6	26	X	1	25	32AlHa.501
18067.3	3	3	A	6	27	X	1	26	32AlHa.502
17972.3	3	3	A	6	28	X	1	27	32AlHa.503
17873.5	3	3	A	6	29	X	1	28	32AlHa.504
18314.6	3	3	A	6	3	X	2	4	32AlHa.908
19239.7	3	3	A	6	3	X	1	4	32AlHa.509
19284.4	3	3	A	6	3	X	1	2	32AlHa.479
17771.8	3	3	A	6	30	X	1	29	32AlHa.505
17665.4	3	3	A	6	31	X	1	30	32AlHa.506
18296.6	3	3	A	6	4	X	2	5	32AlHa.909
19216.4	3	3	A	6	4	X	1	5	32AlHa.510
19276.4	3	3	A	6	4	X	1	3	32AlHa.480
18272.7	3	3	A	6	5	X	2	6	32AlHa.910
18338.9	3	3	A	6	5	X	2	4	32AlHa.887
19193.6	3	3	A	6	5	X	1	6	32AlHa.511
19263.8	3	3	A	6	5	X	1	4	32AlHa.481
18242.4	3	3	A	6	6	X	2	7	32AlHa.911
18324.1	3	3	A	6	6	X	2	5	32AlHa.888
19163.2	3	3	A	6	6	X	1	7	32AlHa.512
19247.6	3	3	A	6	6	X	1	5	32AlHa.482
18209.9	3	3	A	6	7	X	2	8	32AlHa.912
18305.8	3	3	A	6	7	X	2	6	32AlHa.889
19130.6	3	3	A	6	7	X	1	8	32AlHa.513
19229	3	3	A	6	7	X	1	6	32AlHa.483
18176	3	3	A	6	8	X	2	9	32AlHa.913
18284.2	3	3	A	6	8	X	2	7	32AlHa.890
19094.5	3	3	A	6	8	X	1	9	32AlHa.514
19205.1	3	3	A	6	8	X	1	7	32AlHa.484
18138	3	3	A	6	9	X	2	10	32AlHa.914
18258.7	3	3	A	6	9	X	2	8	32AlHa.891
19054.3	3	3	A	6	9	X	1	10	32AlHa.515
19178	3	3	A	6	9	X	1	8	32AlHa.485
20511.6	3	3	A	7	1	X	0	2	32AlHa.14
18379.3	3	3	A	7	10	X	2	11	32AlHa.952
18512.5	3	3	A	7	10	X	2	9	32AlHa.930
19295.1	3	3	A	7	10	X	1	11	32AlHa.557
19431.2	3	3	A	7	10	X	1	9	32AlHa.536
20240.7	3	3	A	7	10	X	0	11	32AlHa.23
20381.5	3	3	A	7	10	X	0	9	32AlHa.9
18332.2	3	3	A	7	11	X	2	12	32AlHa.953
18480.7	3	3	A	7	11	X	2	10	32AlHa.931
19247.6	3	3	A	7	11	X	1	12	32AlHa.558
19397.5	3	3	A	7	11	X	1	10	32AlHa.537
20192.7	3	3	A	7	11	X	0	12	32AlHa.24
20345.1	3	3	A	7	11	X	0	10	32AlHa.10
18287.2	3	3	A	7	12	X	2	13	32AlHa.954
18445.3	3	3	A	7	12	X	2	11	32AlHa.932
19197.8	3	3	A	7	12	X	1	13	32AlHa.559
19359.6	3	3	A	7	12	X	1	11	32AlHa.538
20303.2	3	3	A	7	12	X	0	11	32AlHa.11
18232.9	3	3	A	7	13	X	2	14	32AlHa.955
18404.2	3	3	A	7	13	X	2	12	32AlHa.933
19142.8	3	3	A	7	13	X	1	14	32AlHa.560
19318.3	3	3	A	7	13	X	1	12	32AlHa.539
20261.4	3	3	A	7	13	X	0	12	32AlHa.12
18181.8	3	3	A	7	14	X	2	15	32AlHa.956
18361.5	3	3	A	7	14	X	2	13	32AlHa.934
19084.3	3	3	A	7	14	X	1	15	32AlHa.561
19272	3	3	A	7	14	X	1	13	32AlHa.540
20210.7	3	3	A	7	14	X	0	13	32AlHa.13
18120.4	3	3	A	7	15	X	2	16	32AlHa.957
18314.6	3	3	A	7	15	X	2	14	32AlHa.935
19023.9	3	3	A	7	15	X	1	16	32AlHa.562
19223.1	3	3	A	7	15	X	1	14	32AlHa.541
18058.4	3	3	A	7	16	X	2	17	32AlHa.958
18263.8	3	3	A	7	16	X	2	15	32AlHa.936
18959	3	3	A	7	16	X	1	17	32AlHa.563
19170.5	3	3	A	7	16	X	1	15	32AlHa.542
17991.2	3	3	A	7	17	X	2	18	32AlHa.959
18209.9	3	3	A	7	17	X	2	16	32AlHa.937
18890.6	3	3	A	7	17	X	1	18	32AlHa.564
19113.8	3	3	A	7	17	X	1	16	32AlHa.543
17925.5	3	3	A	7	18	X	2	19	32AlHa.960
18152.7	3	3	A	7	18	X	2	17	32AlHa.938
18818.8	3	3	A	7	18	X	1	19	32AlHa.565
19054.3	3	3	A	7	18	X	1	17	32AlHa.544
17851.9	3	3	A	7	19	X	2	20	32AlHa.961
18091.8	3	3	A	7	19	X	2	18	32AlHa.939
18743.1	3	3	A	7	19	X	1	20	32AlHa.566
18990.6	3	3	A	7	19	X	1	18	32AlHa.545
20497.3	3	3	A	7	2	X	0	3	32AlHa.15
20529.2	3	3	A	7	2	X	0	1	32AlHa.1
18027.8	3	3	A	7	20	X	2	19	32AlHa.940
18664.1	3	3	A	7	20	X	1	21	32AlHa.567
18923.5	3	3	A	7	20	X	1	19	32AlHa.546
17962	3	3	A	7	21	X	2	20	32AlHa.941
18582	3	3	A	7	21	X	1	22	32AlHa.568
18852.3	3	3	A	7	21	X	1	20	32AlHa.547
17890.4	3	3	A	7	22	X	2	21	32AlHa.942
18496.4	3	3	A	7	22	X	1	23	32AlHa.569
17816.1	3	3	A	7	23	X	2	22	32AlHa.943
18407.7	3	3	A	7	23	X	1	24	32AlHa.570
18700.2	3	3	A	7	23	X	1	22	32AlHa.548
17738.2	3	3	A	7	24	X	2	23	32AlHa.944
18314.6	3	3	A	7	24	X	1	25	32AlHa.571
18618.5	3	3	A	7	24	X	1	23	32AlHa.549
17656.8	3	3	A	7	25	X	2	24	32AlHa.945
18219	3	3	A	7	25	X	1	26	32AlHa.572
18532.7	3	3	A	7	25	X	1	24	32AlHa.550
17574	3	3	A	7	26	X	2	25	32AlHa.946
18120.4	3	3	A	7	26	X	1	27	32AlHa.573
17485.5	3	3	A	7	27	X	2	26	32AlHa.947
18018.5	3	3	A	7	27	X	1	28	32AlHa.574
17393.4	3	3	A	7	28	X	2	27	32AlHa.948
20479.1	3	3	A	7	3	X	0	4	32AlHa.16
20525.3	3	3	A	7	3	X	0	2	32AlHa.2
19499.2	3	3	A	7	4	X	1	5	32AlHa.551
20455.7	3	3	A	7	4	X	0	5	32AlHa.17
20516	3	3	A	7	4	X	0	3	32AlHa.3
19476.4	3	3	A	7	5	X	1	6	32AlHa.552
19544.9	3	3	A	7	5	X	1	4	32AlHa.531
20429.6	3	3	A	7	5	X	0	6	32AlHa.18
20503.1	3	3	A	7	5	X	0	4	32AlHa.4
19447	3	3	A	7	6	X	1	7	32AlHa.553
19529.3	3	3	A	7	6	X	1	5	32AlHa.532
20399.8	3	3	A	7	6	X	0	7	32AlHa.19
20487	3	3	A	7	6	X	0	5	32AlHa.5
18492.1	3	3	A	7	7	X	2	8	32AlHa.949
19414.9	3	3	A	7	7	X	1	8	32AlHa.554
19510.4	3	3	A	7	7	X	1	6	32AlHa.533
20366	3	3	A	7	7	X	0	8	32AlHa.20
20466.1	3	3	A	7	7	X	0	6	32AlHa.6
18458.1	3	3	A	7	8	X	2	9	32AlHa.950
18566.9	3	3	A	7	8	X	2	7	32AlHa.928
19377.8	3	3	A	7	8	X	1	9	32AlHa.555
19489.3	3	3	A	7	8	X	1	7	32AlHa.534
20327.8	3	3	A	7	8	X	0	9	32AlHa.21
20442	3	3	A	7	8	X	0	7	32AlHa.7
18421.7	3	3	A	7	9	X	2	10	32AlHa.951
18540.1	3	3	A	7	9	X	2	8	32AlHa.929
19337.8	3	3	A	7	9	X	1	10	32AlHa.556
19463.1	3	3	A	7	9	X	1	8	32AlHa.535
20286.9	3	3	A	7	9	X	0	10	32AlHa.22
20413.3	3	3	A	7	9	X	0	8	32AlHa.8
20808.4	3	3	A	8	0	X	0	1	32AlHa.45
20799.1	3	3	A	8	1	X	0	2	32AlHa.46
20819	3	3	A	8	1	X	0	0	32AlHa.25
19582.5	3	3	A	8	10	X	1	11	32AlHa.611
19720.6	3	3	A	8	10	X	1	9	32AlHa.580
20529.2	3	3	A	8	10	X	0	11	32AlHa.55
20669	3	3	A	8	10	X	0	9	32AlHa.34
19535.8	3	3	A	8	11	X	1	12	32AlHa.612
19684.9	3	3	A	8	11	X	1	10	32AlHa.581
20479.1	3	3	A	8	11	X	0	12	32AlHa.56
20632.8	3	3	A	8	11	X	0	10	32AlHa.35
19485.7	3	3	A	8	12	X	1	13	32AlHa.613
19647.6	3	3	A	8	12	X	1	11	32AlHa.582
-20526.8	3	3	A	8	12	X	0	13	32AlHa.57
20592.7	3	3	A	8	12	X	0	11	32AlHa.36
19431.2	3	3	A	8	13	X	1	14	32AlHa.614
20368.9	3	3	A	8	13	X	0	14	32AlHa.58
20549	3	3	A	8	13	X	0	12	32AlHa.37
19372.3	3	3	A	8	14	X	1	15	32AlHa.615
19559.9	3	3	A	8	14	X	1	13	32AlHa.583
20309.6	3	3	A	8	14	X	0	15	32AlHa.59
20501.3	3	3	A	8	14	X	0	13	32AlHa.38
19311.8	3	3	A	8	15	X	1	16	32AlHa.616
19510.4	3	3	A	8	15	X	1	14	32AlHa.584
20245.2	3	3	A	8	15	X	0	16	32AlHa.60
20449.6	3	3	A	8	15	X	0	14	32AlHa.39
19247.6	3	3	A	8	16	X	1	17	32AlHa.617
19458.1	3	3	A	8	16	X	1	15	32AlHa.585
20177.6	3	3	A	8	16	X	0	17	32AlHa.61
20394.3	3	3	A	8	16	X	0	15	32AlHa.40
19178	3	3	A	8	17	X	1	18	32AlHa.618
19401.3	3	3	A	8	17	X	1	16	32AlHa.586
20105.9	3	3	A	8	17	X	0	18	32AlHa.62
20335.2	3	3	A	8	17	X	0	16	32AlHa.41
19105.9	3	3	A	8	18	X	1	19	32AlHa.619
19341.4	3	3	A	8	18	X	1	17	32AlHa.587
20030.4	3	3	A	8	18	X	0	19	32AlHa.63
20271.7	3	3	A	8	18	X	0	17	32AlHa.42
19030.8	3	3	A	8	19	X	1	20	32AlHa.620
19276.4	3	3	A	8	19	X	1	18	32AlHa.588
19951.8	3	3	A	8	19	X	0	20	32AlHa.64
20205.6	3	3	A	8	19	X	0	18	32AlHa.43
19830.1	3	3	A	8	2	X	1	3	32AlHa.603
20783.4	3	3	A	8	2	X	0	3	32AlHa.47
20819	3	3	A	8	2	X	0	1	32AlHa.26
18951.3	3	3	A	8	20	X	1	21	32AlHa.621
19210.5	3	3	A	8	20	X	1	19	32AlHa.589
19869.7	3	3	A	8	20	X	0	21	32AlHa.65
20134.7	3	3	A	8	20	X	0	19	32AlHa.44
18868.8	3	3	A	8	21	X	1	22	32AlHa.622
19139.7	3	3	A	8	21	X	1	20	32AlHa.590
19065.4	3	3	A	8	22	X	1	21	32AlHa.591
18695.3	3	3	A	8	23	X	1	24	32AlHa.623
18987.4	3	3	A	8	23	X	1	22	32AlHa.592
18602.3	3	3	A	8	24	X	1	25	32AlHa.624
18906.3	3	3	A	8	24	X	1	23	32AlHa.593
18506.4	3	3	A	8	25	X	1	26	32AlHa.625
18821.2	3	3	A	8	25	X	1	24	32AlHa.594
18407.7	3	3	A	8	26	X	1	27	32AlHa.626
18733.7	3	3	A	8	26	X	1	25	32AlHa.595
18305.8	3	3	A	8	27	X	1	28	32AlHa.627
18642	3	3	A	8	27	X	1	26	32AlHa.596
18200.7	3	3	A	8	28	X	1	29	32AlHa.628
18546.9	3	3	A	8	28	X	1	27	32AlHa.597
18091.8	3	3	A	8	29	X	1	30	32AlHa.629
18448	3	3	A	8	29	X	1	28	32AlHa.598
19811.1	3	3	A	8	3	X	1	4	32AlHa.604
20766.3	3	3	A	8	3	X	0	4	32AlHa.48
20813	3	3	A	8	3	X	0	2	32AlHa.27
17979.5	3	3	A	8	30	X	1	31	32AlHa.630
18346	3	3	A	8	30	X	1	29	32AlHa.599
18242.4	3	3	A	8	31	X	1	30	32AlHa.600
18133.7	3	3	A	8	32	X	1	31	32AlHa.601
18022.9	3	3	A	8	33	X	1	32	32AlHa.602
19788	3	3	A	8	4	X	1	5	32AlHa.605
20743.6	3	3	A	8	4	X	0	5	32AlHa.49
20804.4	3	3	A	8	4	X	0	3	32AlHa.28
19763	3	3	A	8	5	X	1	6	32AlHa.606
19837.2	3	3	A	8	5	X	1	4	32AlHa.575
20716.7	3	3	A	8	5	X	0	6	32AlHa.50
20790.9	3	3	A	8	5	X	0	4	32AlHa.29
19736.6	3	3	A	8	6	X	1	7	32AlHa.607
19817.7	3	3	A	8	6	X	1	5	32AlHa.576
20686.8	3	3	A	8	6	X	0	7	32AlHa.51
20774.7	3	3	A	8	6	X	0	5	32AlHa.30
19703	3	3	A	8	7	X	1	8	32AlHa.608
19801.5	3	3	A	8	7	X	1	6	32AlHa.577
20653.9	3	3	A	8	7	X	0	8	32AlHa.52
20754	3	3	A	8	7	X	0	6	32AlHa.31
19666.9	3	3	A	8	8	X	1	9	32AlHa.609
19778.6	3	3	A	8	8	X	1	7	32AlHa.578
20615.5	3	3	A	8	8	X	0	9	32AlHa.53
20729.7	3	3	A	8	8	X	0	7	32AlHa.32
19626.9	3	3	A	8	9	X	1	10	32AlHa.610
19750.9	3	3	A	8	9	X	1	8	32AlHa.579
20574.1	3	3	A	8	9	X	0	10	32AlHa.54
20701.2	3	3	A	8	9	X	0	8	32AlHa.33
21089.5	3	3	A	9	1	X	0	2	32AlHa.90
21108.4	3	3	A	9	1	X	0	0	32AlHa.66
19876	3	3	A	9	10	X	1	11	32AlHa.661
20014.7	3	3	A	9	10	X	1	9	32AlHa.636
20819	3	3	A	9	10	X	0	11	32AlHa.99
20959.1	3	3	A	9	10	X	0	9	32AlHa.75
19829.1	3	3	A	9	11	X	1	12	32AlHa.662
19979.8	3	3	A	9	11	X	1	10	32AlHa.637
20769.5	3	3	A	9	11	X	0	12	32AlHa.100
20922.7	3	3	A	9	11	X	0	10	32AlHa.76
19773.9	3	3	A	9	12	X	1	13	32AlHa.663
19939.5	3	3	A	9	12	X	1	11	32AlHa.638
20716.7	3	3	A	9	12	X	0	13	32AlHa.101
-20822.6	3	3	A	9	12	X	0	11	32AlHa.77
19720.6	3	3	A	9	13	X	1	14	32AlHa.664
19895.2	3	3	A	9	13	X	1	12	32AlHa.639
20659.4	3	3	A	9	13	X	0	14	32AlHa.102
20838.3	3	3	A	9	13	X	0	12	32AlHa.78
19849	3	3	A	9	14	X	1	13	32AlHa.640
20599	3	3	A	9	14	X	0	15	32AlHa.103
20790.9	3	3	A	9	14	X	0	13	32AlHa.79
19600.6	3	3	A	9	15	X	1	16	32AlHa.665
19801.5	3	3	A	9	15	X	1	14	32AlHa.641
20534.5	3	3	A	9	15	X	0	16	32AlHa.104
20739	3	3	A	9	15	X	0	14	32AlHa.80
19535.8	3	3	A	9	16	X	1	17	32AlHa.666
19748.5	3	3	A	9	16	X	1	15	32AlHa.642
20466.1	3	3	A	9	16	X	0	17	32AlHa.105
20684.5	3	3	A	9	16	X	0	15	32AlHa.81
19467.4	3	3	A	9	17	X	1	18	32AlHa.667
19690.4	3	3	A	9	17	X	1	16	32AlHa.643
20394.3	3	3	A	9	17	X	0	18	32AlHa.106
20624	3	3	A	9	17	X	0	16	32AlHa.82
19394.4	3	3	A	9	18	X	1	19	32AlHa.668
19630.3	3	3	A	9	18	X	1	17	32AlHa.644
20319.2	3	3	A	9	18	X	0	19	32AlHa.107
20560.2	3	3	A	9	18	X	0	17	32AlHa.83
19318.3	3	3	A	9	19	X	1	20	32AlHa.669
19566.8	3	3	A	9	19	X	1	18	32AlHa.645
20240.7	3	3	A	9	19	X	0	20	32AlHa.108
20494.2	3	3	A	9	19	X	0	18	32AlHa.84
21074.6	3	3	A	9	2	X	0	3	32AlHa.91
21108.4	3	3	A	9	2	X	0	1	32AlHa.67
19239.7	3	3	A	9	20	X	1	21	32AlHa.670
19499.2	3	3	A	9	20	X	1	19	32AlHa.646
20157.7	3	3	A	9	20	X	0	21	32AlHa.109
20423.9	3	3	A	9	20	X	0	19	32AlHa.85
19157	3	3	A	9	21	X	1	22	32AlHa.671
19427.7	3	3	A	9	21	X	1	20	32AlHa.647
20071.4	3	3	A	9	21	X	0	22	32AlHa.110
20349.4	3	3	A	9	21	X	0	20	32AlHa.86
19071.2	3	3	A	9	22	X	1	23	32AlHa.672
19353.4	3	3	A	9	22	X	1	21	32AlHa.648
19982.1	3	3	A	9	22	X	0	23	32AlHa.111
20271.7	3	3	A	9	22	X	0	21	32AlHa.87
18983.1	3	3	A	9	23	X	1	24	32AlHa.673
19276.4	3	3	A	9	23	X	1	22	32AlHa.649
20187.1	3	3	A	9	23	X	0	22	32AlHa.88
18890.6	3	3	A	9	24	X	1	25	32AlHa.674
19193.6	3	3	A	9	24	X	1	23	32AlHa.650
20105.9	3	3	A	9	24	X	0	23	32AlHa.89
18795.4	3	3	A	9	25	X	1	26	32AlHa.675
19109.5	3	3	A	9	25	X	1	24	32AlHa.651
18695.3	3	3	A	9	26	X	1	27	32AlHa.676
19021.3	3	3	A	9	26	X	1	25	32AlHa.652
18593.1	3	3	A	9	27	X	1	28	32AlHa.677
18928.7	3	3	A	9	27	X	1	26	32AlHa.653
18487.8	3	3	A	9	28	X	1	29	32AlHa.678
18833.7	3	3	A	9	28	X	1	27	32AlHa.654
18379.3	3	3	A	9	29	X	1	30	32AlHa.679
18733.7	3	3	A	9	29	X	1	28	32AlHa.655
21056.7	3	3	A	9	3	X	0	4	32AlHa.92
21104	3	3	A	9	3	X	0	2	32AlHa.68
21034.3	3	3	A	9	4	X	0	5	32AlHa.93
21094.7	3	3	A	9	4	X	0	3	32AlHa.69
20060.6	3	3	A	9	5	X	1	6	32AlHa.656
20128.3	3	3	A	9	5	X	1	4	32AlHa.631
21007.6	3	3	A	9	5	X	0	6	32AlHa.94
21081.6	3	3	A	9	5	X	0	4	32AlHa.70
20029.9	3	3	A	9	6	X	1	7	32AlHa.657
20114.7	3	3	A	9	6	X	1	5	32AlHa.632
20977.5	3	3	A	9	6	X	0	7	32AlHa.95
21066	3	3	A	9	6	X	0	5	32AlHa.71
19996.2	3	3	A	9	7	X	1	8	32AlHa.658
20096.7	3	3	A	9	7	X	1	6	32AlHa.633
20943.8	3	3	A	9	7	X	0	8	32AlHa.96
21044.6	3	3	A	9	7	X	0	6	32AlHa.72
19957	3	3	A	9	8	X	1	9	32AlHa.659
20071.4	3	3	A	9	8	X	1	7	32AlHa.634
20905.5	3	3	A	9	8	X	0	9	32AlHa.97
21019.8	3	3	A	9	8	X	0	7	32AlHa.73
19917.9	3	3	A	9	9	X	1	10	32AlHa.660
20046.9	3	3	A	9	9	X	1	8	32AlHa.635
20864.5	3	3	A	9	9	X	0	10	32AlHa.98
20991.4	3	3	A	9	9	X	0	8	32AlHa.74
27173.874	0.05	0.05	B	0	1	X	0	2	09LeLu.13
27194.084	0.05	0.05	B	0	1	X	0	0	09LeLu.14
27187.306	0.05	0.05	B	0	1	X	0	1	09LeLu.21
26218.602	0.05	0.05	B	0	1	X	1	2	09LeLu.34
26238.248	0.05	0.05	B	0	1	X	1	0	09LeLu.35
26231.644	0.05	0.05	B	0	1	X	1	1	09LeLu.42
27159.644	0.05	0.05	B	0	2	X	0	3	09LeLu.11
27193.434	0.05	0.05	B	0	2	X	0	1	09LeLu.12
27179.954	0.05	0.05	B	0	2	X	0	2	09LeLu.20
26204.972	0.05	0.05	B	0	2	X	1	3	09LeLu.32
26237.714	0.05	0.05	B	0	2	X	1	1	09LeLu.33
26224.654	0.05	0.05	B	0	2	X	1	2	09LeLu.41
27141.874	0.05	0.05	B	0	3	X	0	4	09LeLu.9
27188.974	0.05	0.05	B	0	3	X	0	2	09LeLu.10
27168.714	0.05	0.05	B	0	3	X	0	3	09LeLu.19
26187.692	0.05	0.05	B	0	3	X	1	4	09LeLu.30
26233.632	0.05	0.05	B	0	3	X	1	2	09LeLu.31
26214.046	0.05	0.05	B	0	3	X	1	3	09LeLu.40
27120.214	0.05	0.05	B	0	4	X	0	5	09LeLu.7
27180.762	0.05	0.05	B	0	4	X	0	3	09LeLu.8
27153.802	0.05	0.05	B	0	4	X	0	4	09LeLu.18
26166.892	0.05	0.05	B	0	4	X	1	5	09LeLu.28
26225.932	0.05	0.05	B	0	4	X	1	3	09LeLu.29
26199.702	0.05	0.05	B	0	4	X	1	4	09LeLu.39
27094.532	0.05	0.05	B	0	5	X	0	6	09LeLu.5
27168.514	0.05	0.05	B	0	5	X	0	4	09LeLu.6
27134.872	0.05	0.05	B	0	5	X	0	5	09LeLu.17
26142.374	0.05	0.05	B	0	5	X	1	6	09LeLu.26
26214.382	0.05	0.05	B	0	5	X	1	4	09LeLu.27
26181.572	0.05	0.05	B	0	5	X	1	5	09LeLu.38
27064.874	0.05	0.05	B	0	6	X	0	7	09LeLu.3
27152.244	0.05	0.05	B	0	6	X	0	5	09LeLu.4
27111.884	0.05	0.05	B	0	6	X	0	6	09LeLu.16
26113.852	0.05	0.05	B	0	6	X	1	7	09LeLu.24
26198.972	0.05	0.05	B	0	6	X	1	5	09LeLu.25
26159.762	0.05	0.05	B	0	6	X	1	6	09LeLu.37
27030.744	0.05	0.05	B	0	7	X	0	8	09LeLu.1
27131.684	0.05	0.05	B	0	7	X	0	6	09LeLu.2
27084.624	0.05	0.05	B	0	7	X	0	7	09LeLu.15
26081.362	0.05	0.05	B	0	7	X	1	8	09LeLu.22
26179.372	0.05	0.05	B	0	7	X	1	6	09LeLu.23
26133.622	0.05	0.05	B	0	7	X	1	7	09LeLu.36
202282.255	30000	30000	X	0	1	X	0	0	95OdWa.1
202280.922	30000	30000	X	0	1	X	0	0	01BrZi.1
202282.237	30000	30000	X	0	1	X	0	0	01BrZi.2
202283.318	30000	30000	X	0	1	X	0	0	01BrZi.3
202282.248	30000	30000	X	0	1	X	0	0	00OkTa.1
202280.914	30000	30000	X	0	1	X	0	0	00OkTa.2
202283.291	30000	30000	X	0	1	X	0	0	00OkTa.3
6.7470	0.1	0.1	X	0	1	X	0	0	86HuEf.1
6.747	3	3	X	0	1	X	0	0	84HaLi.47
2003548.06	30000	30000	X	0	10	X	0	9	95OdWa.10
369.1503	0.1	0.1	X	0	10	X	0	0	86HuEf.10
369.165	3	3	X	0	10	X	0	0	84HaLi.56
2199437.487	30000	30000	X	0	11	X	0	10	95OdWa.11
442.530	3	3	X	0	11	X	0	0	84HaLi.57
2394063.978	30000	30000	X	0	12	X	0	11	95OdWa.12
522.388	3	3	X	0	12	X	0	0	84HaLi.58
2587319.144	30000	30000	X	0	13	X	0	12	95OdWa.13
608.694	3	3	X	0	13	X	0	0	84HaLi.59
701.398	3	3	X	0	14	X	0	0	84HaLi.60
800.450	3	3	X	0	15	X	0	0	84HaLi.61
905.792	3	3	X	0	16	X	0	0	84HaLi.62
1017.366	3	3	X	0	17	X	0	0	84HaLi.63
1135.111	3	3	X	0	18	X	0	0	84HaLi.64
1258.961	3	3	X	0	19	X	0	0	84HaLi.65
404446.389	30000	30000	X	0	2	X	0	1	95OdWa.2
404445.049	30000	30000	X	0	2	X	0	1	01BrZi.4
404446.546	30000	30000	X	0	2	X	0	1	01BrZi.5
20.2371	0.1	0.1	X	0	2	X	0	0	86HuEf.2
20.237	3	3	X	0	2	X	0	0	84HaLi.48
1388.849	3	3	X	0	20	X	0	0	84HaLi.66
1524.703	3	3	X	0	21	X	0	0	84HaLi.67
1666.449	3	3	X	0	22	X	0	0	84HaLi.68
1814.013	3	3	X	0	23	X	0	0	84HaLi.69
1967.314	3	3	X	0	24	X	0	0	84HaLi.70
2126.272	3	3	X	0	25	X	0	0	84HaLi.71
2290.804	3	3	X	0	26	X	0	0	84HaLi.72
2460.823	3	3	X	0	27	X	0	0	84HaLi.73
2636.243	3	3	X	0	28	X	0	0	84HaLi.74
2816.974	3	3	X	0	29	X	0	0	84HaLi.75
606376.337	30000	30000	X	0	3	X	0	2	95OdWa.3
40.4624	0.1	0.1	X	0	3	X	0	0	86HuEf.3
40.463	3	3	X	0	3	X	0	0	84HaLi.49
3002.925	3	3	X	0	30	X	0	0	84HaLi.76
3194.004	3	3	X	0	31	X	0	0	84HaLi.77
3390.117	3	3	X	0	32	X	0	0	84HaLi.78
807954.174	30000	30000	X	0	4	X	0	3	95OdWa.4
67.4113	0.1	0.1	X	0	4	X	0	0	86HuEf.4
67.412	3	3	X	0	4	X	0	0	84HaLi.50
1009063.695	30000	30000	X	0	5	X	0	4	95OdWa.5
101.0681	0.1	0.1	X	0	5	X	0	0	86HuEf.5
101.070	3	3	X	0	5	X	0	0	84HaLi.51
1209588.84	30000	30000	X	0	6	X	0	5	95OdWa.6
141.4133	0.1	0.1	X	0	6	X	0	0	86HuEf.6
141.416	3	3	X	0	6	X	0	0	84HaLi.52
1409413.656	30000	30000	X	0	7	X	0	6	95OdWa.7
188.4234	0.1	0.1	X	0	7	X	0	0	86HuEf.7
188.427	3	3	X	0	7	X	0	0	84HaLi.53
1608424.265	30000	30000	X	0	8	X	0	7	95OdWa.8
242.0711	0.1	0.1	X	0	8	X	0	0	86HuEf.8
242.077	3	3	X	0	8	X	0	0	84HaLi.54
1806506.678	30000	30000	X	0	9	X	0	8	95OdWa.9
302.3251	0.1	0.1	X	0	9	X	0	0	86HuEf.9
302.335	3	3	X	0	9	X	0	0	84HaLi.55
949.12	0.1	0.1	X	1	0	X	0	1	84HaLi.18
955.8681	0.1	0.1	X	1	0	X	0	0	86HuEf.11
955.869	3	3	X	1	0	X	0	0	84HaLi.79
962.4467	0.1	0.1	X	1	1	X	0	0	86HuEf.12
962.447	3	3	X	1	1	X	0	0	84HaLi.80
873.251	0.01	0.01	X	1	10	X	0	11	84HaLi.23
1013.446	0.01	0.01	X	1	10	X	0	9	84HaLi.10
1315.7697	0.1	0.1	X	1	10	X	0	0	86HuEf.21
1315.782	3	3	X	1	10	X	0	0	84HaLi.89
1018.135	0.01	0.01	X	1	11	X	0	10	84HaLi.9
1387.300	3	3	X	1	11	X	0	0	84HaLi.90
856.455	0.01	0.01	X	1	12	X	0	13	84HaLi.24
1022.614	0.01	0.01	X	1	12	X	0	11	84HaLi.8
1465.144	3	3	X	1	12	X	0	0	84HaLi.91
1026.882	0.01	0.01	X	1	13	X	0	12	84HaLi.7
1549.270	3	3	X	1	13	X	0	0	84HaLi.92
1030.937	0.01	0.01	X	1	14	X	0	13	84HaLi.6
1639.629	3	3	X	1	14	X	0	0	84HaLi.93
830.374	0.01	0.01	X	1	15	X	0	16	84HaLi.25
1034.77	0.01	0.01	X	1	15	X	0	14	84HaLi.5
1736.168	3	3	X	1	15	X	0	0	84HaLi.94
1038.385	0.01	0.01	X	1	16	X	0	15	84HaLi.4
1838.834	3	3	X	1	16	X	0	0	84HaLi.95
1041.772	0.01	0.01	X	1	17	X	0	16	84HaLi.3
1947.567	3	3	X	1	17	X	0	0	84HaLi.96
1044.938	0.01	0.01	X	1	18	X	0	17	84HaLi.2
2062.306	3	3	X	1	18	X	0	0	84HaLi.97
1047.875	0.01	0.01	X	1	19	X	0	18	84HaLi.1
2182.986	3	3	X	1	19	X	0	0	84HaLi.98
394344.601	30000	30000	X	1	2	X	1	1	01BrZi.6
975.6000	0.1	0.1	X	1	2	X	0	0	86HuEf.13
975.601	3	3	X	1	2	X	0	0	84HaLi.81
2309.540	3	3	X	1	20	X	0	0	84HaLi.99
2441.899	3	3	X	1	21	X	0	0	84HaLi.100
2579.987	3	3	X	1	22	X	0	0	84HaLi.101
2723.731	3	3	X	1	23	X	0	0	84HaLi.102
2873.052	3	3	X	1	24	X	0	0	84HaLi.103
3027.869	3	3	X	1	25	X	0	0	84HaLi.104
3188.100	3	3	X	1	26	X	0	0	84HaLi.105
3353.660	3	3	X	1	27	X	0	0	84HaLi.106
3524.462	3	3	X	1	28	X	0	0	84HaLi.107
3700.418	3	3	X	1	29	X	0	0	84HaLi.108
975.084	0.1	0.1	X	1	3	X	0	2	84HaLi.17
995.3203	0.1	0.1	X	1	3	X	0	0	86HuEf.14
995.321	3	3	X	1	3	X	0	0	84HaLi.82
3881.438	3	3	X	1	30	X	0	0	84HaLi.109
4067.430	3	3	X	1	31	X	0	0	84HaLi.110
4258.300	3	3	X	1	32	X	0	0	84HaLi.111
981.127	0.1	0.1	X	1	4	X	0	3	84HaLi.16
1021.5958	0.1	0.1	X	1	4	X	0	0	86HuEf.15
1021.597	3	3	X	1	4	X	0	0	84HaLi.83
912.994	0.1	0.1	X	1	5	X	0	6	84HaLi.19
987.002	0.1	0.1	X	1	5	X	0	4	84HaLi.15
1054.4112	0.1	0.1	X	1	5	X	0	0	86HuEf.16
1054.413	3	3	X	1	5	X	0	0	84HaLi.84
992.68	0.1	0.1	X	1	6	X	0	5	84HaLi.14
1093.7469	0.1	0.1	X	1	6	X	0	0	86HuEf.17
1093.749	3	3	X	1	6	X	0	0	84HaLi.85
897.504	0.1	0.1	X	1	7	X	0	8	84HaLi.20
998.165	0.1	0.1	X	1	7	X	0	6	84HaLi.13
1139.5797	0.1	0.1	X	1	7	X	0	0	86HuEf.18
1139.583	3	3	X	1	7	X	0	0	84HaLi.86
889.552	0.1	0.1	X	1	8	X	0	9	84HaLi.21
1003.461	0.1	0.1	X	1	8	X	0	7	84HaLi.12
1191.8825	0.1	0.1	X	1	8	X	0	0	86HuEf.19
1191.887	3	3	X	1	8	X	0	0	84HaLi.87
881.466	0.01	0.01	X	1	9	X	0	10	84HaLi.22
1008.559	0.01	0.01	X	1	9	X	0	8	84HaLi.11
1250.6241	0.1	0.1	X	1	9	X	0	0	86HuEf.20
1250.632	3	3	X	1	9	X	0	0	84HaLi.88
10233.6359	0.1	0.1	X	13	0	X	0	0	86HuEf.66
10238.2917	0.1	0.1	X	13	1	X	0	0	86HuEf.67
10487.8635	0.1	0.1	X	13	10	X	0	0	86HuEf.76
10247.5996	0.1	0.1	X	13	2	X	0	0	86HuEf.68
10261.5521	0.1	0.1	X	13	3	X	0	0	86HuEf.69
10280.1381	0.1	0.1	X	13	4	X	0	0	86HuEf.70
10303.3427	0.1	0.1	X	13	5	X	0	0	86HuEf.71
10331.1473	0.1	0.1	X	13	6	X	0	0	86HuEf.72
10363.5296	0.1	0.1	X	13	7	X	0	0	86HuEf.73
10400.4635	0.1	0.1	X	13	8	X	0	0	86HuEf.74
10441.9193	0.1	0.1	X	13	9	X	0	0	86HuEf.75
10828.5193	0.1	0.1	X	14	0	X	0	0	86HuEf.77
10833.0049	0.1	0.1	X	14	1	X	0	0	86HuEf.78
11073.3241	0.1	0.1	X	14	10	X	0	0	86HuEf.87
10841.9723	0.1	0.1	X	14	2	X	0	0	86HuEf.79
10855.4137	0.1	0.1	X	14	3	X	0	0	86HuEf.80
10873.3176	0.1	0.1	X	14	4	X	0	0	86HuEf.81
10895.6687	0.1	0.1	X	14	5	X	0	0	86HuEf.82
10922.4477	0.1	0.1	X	14	6	X	0	0	86HuEf.83
10953.6316	0.1	0.1	X	14	7	X	0	0	86HuEf.84
10989.1935	0.1	0.1	X	14	8	X	0	0	86HuEf.85
11029.1025	0.1	0.1	X	14	9	X	0	0	86HuEf.86
11393.1605	0.1	0.1	X	15	0	X	0	0	86HuEf.88
11397.4651	0.1	0.1	X	15	1	X	0	0	86HuEf.89
11627.9168	0.1	0.1	X	15	10	X	0	0	86HuEf.98
11406.0703	0.1	0.1	X	15	2	X	0	0	86HuEf.90
11418.9681	0.1	0.1	X	15	3	X	0	0	86HuEf.91
11436.1462	0.1	0.1	X	15	4	X	0	0	86HuEf.92
11457.5886	0.1	0.1	X	15	5	X	0	0	86HuEf.93
11483.2751	0.1	0.1	X	15	6	X	0	0	86HuEf.94
11513.1814	0.1	0.1	X	15	7	X	0	0	86HuEf.95
11547.2794	0.1	0.1	X	15	8	X	0	0	86HuEf.96
11585.5366	0.1	0.1	X	15	9	X	0	0	86HuEf.97
11925.3301	0.1	0.1	X	16	0	X	0	0	86HuEf.99
11929.4406	0.1	0.1	X	16	1	X	0	0	86HuEf.100
12149.2727	0.1	0.1	X	16	10	X	0	0	86HuEf.109
11937.6573	0.1	0.1	X	16	2	X	0	0	86HuEf.101
11949.9716	0.1	0.1	X	16	3	X	0	0	86HuEf.102
11966.3706	0.1	0.1	X	16	4	X	0	0	86HuEf.103
11986.8369	0.1	0.1	X	16	5	X	0	0	86HuEf.104
12011.3490	0.1	0.1	X	16	6	X	0	0	86HuEf.105
12039.8810	0.1	0.1	X	16	7	X	0	0	86HuEf.106
12072.4027	0.1	0.1	X	16	8	X	0	0	86HuEf.107
12108.8795	0.1	0.1	X	16	9	X	0	0	86HuEf.108
12878.2738	0.1	0.1	X	18	0	X	0	0	86HuEf.110
12881.9240	0.1	0.1	X	18	1	X	0	0	86HuEf.111
13076.4565	0.1	0.1	X	18	10	X	0	0	86HuEf.120
12889.2191	0.1	0.1	X	18	2	X	0	0	86HuEf.112
12900.1488	0.1	0.1	X	18	3	X	0	0	86HuEf.113
12914.6974	0.1	0.1	X	18	4	X	0	0	86HuEf.114
12932.8442	0.1	0.1	X	18	5	X	0	0	86HuEf.115
12954.5630	0.1	0.1	X	18	6	X	0	0	86HuEf.116
12979.8227	0.1	0.1	X	18	7	X	0	0	86HuEf.117
13008.5868	0.1	0.1	X	18	8	X	0	0	86HuEf.118
13040.8137	0.1	0.1	X	18	9	X	0	0	86HuEf.119
1881.9338	0.1	0.1	X	2	0	X	0	0	86HuEf.22
912.749	0.1	0.1	X	2	1	X	1	2	84HaLi.44
932.481	0.1	0.1	X	2	1	X	1	0	84HaLi.43
1888.3461	0.1	0.1	X	2	1	X	0	0	86HuEf.23
1888.347	3	3	X	2	1	X	0	0	84HaLi.112
845.422	0.01	0.01	X	2	10	X	1	11	84HaLi.46
982.082	0.01	0.01	X	2	10	X	1	9	84HaLi.37
2232.7011	0.1	0.1	X	2	10	X	0	0	86HuEf.32
2232.716	3	3	X	2	10	X	0	0	84HaLi.121
986.628	0.01	0.01	X	2	11	X	1	10	84HaLi.36
2302.411	3	3	X	2	11	X	0	0	84HaLi.122
990.965	0.01	0.01	X	2	12	X	1	11	84HaLi.35
2378.267	3	3	X	2	12	X	0	0	84HaLi.123
995.094	0.01	0.01	X	2	13	X	1	12	84HaLi.34
2460.241	3	3	X	2	13	X	0	0	84HaLi.124
999.012	0.01	0.01	X	2	14	X	1	13	84HaLi.33
2548.284	3	3	X	2	14	X	0	0	84HaLi.125
1002.714	0.01	0.01	X	2	15	X	1	14	84HaLi.32
2642.344	3	3	X	2	15	X	0	0	84HaLi.126
1006.198	0.01	0.01	X	2	16	X	1	15	84HaLi.31
2742.368	3	3	X	2	16	X	0	0	84HaLi.127
2848.296	3	3	X	2	17	X	0	0	84HaLi.128
1012.501	0.01	0.01	X	2	18	X	1	17	84HaLi.30
2960.068	3	3	X	2	18	X	0	0	84HaLi.129
3077.620	3	3	X	2	19	X	0	0	84HaLi.130
1901.1668	0.1	0.1	X	2	2	X	0	0	86HuEf.24
1901.168	3	3	X	2	2	X	0	0	84HaLi.113
1017.898	0.01	0.01	X	2	20	X	1	19	84HaLi.29
3200.884	3	3	X	2	20	X	0	0	84HaLi.131
1020.254	0.01	0.01	X	2	21	X	1	20	84HaLi.28
3329.792	3	3	X	2	21	X	0	0	84HaLi.132
3464.271	3	3	X	2	22	X	0	0	84HaLi.133
1024.257	0.01	0.01	X	2	23	X	1	22	84HaLi.27
3604.245	3	3	X	2	23	X	0	0	84HaLi.134
3749.637	3	3	X	2	24	X	0	0	84HaLi.135
1027.31	0.01	0.01	X	2	25	X	1	24	84HaLi.26
3900.368	3	3	X	2	25	X	0	0	84HaLi.136
4056.355	3	3	X	2	26	X	0	0	84HaLi.137
4217.514	3	3	X	2	27	X	0	0	84HaLi.138
4383.759	3	3	X	2	28	X	0	0	84HaLi.139
4555.003	3	3	X	2	29	X	0	0	84HaLi.140
944.789	0.1	0.1	X	2	3	X	1	2	84HaLi.42
1920.3882	0.1	0.1	X	2	3	X	0	0	86HuEf.25
1920.390	3	3	X	2	3	X	0	0	84HaLi.114
4731.156	3	3	X	2	30	X	0	0	84HaLi.141
4912.127	3	3	X	2	31	X	0	0	84HaLi.142
950.681	0.1	0.1	X	2	4	X	1	3	84HaLi.41
1945.9988	0.1	0.1	X	2	4	X	0	0	86HuEf.26
1946.001	3	3	X	2	4	X	0	0	84HaLi.115
1977.9831	0.1	0.1	X	2	5	X	0	0	86HuEf.27
1977.986	3	3	X	2	5	X	0	0	84HaLi.116
2016.3218	0.1	0.1	X	2	6	X	0	0	86HuEf.28
2016.325	3	3	X	2	6	X	0	0	84HaLi.117
967.248	0.1	0.1	X	2	7	X	1	6	84HaLi.40
2060.9919	0.1	0.1	X	2	7	X	0	0	86HuEf.29
2060.996	3	3	X	2	7	X	0	0	84HaLi.118
972.388	0.1	0.1	X	2	8	X	1	7	84HaLi.39
2111.9664	0.1	0.1	X	2	8	X	0	0	86HuEf.30
2111.973	3	3	X	2	8	X	0	0	84HaLi.119
853.438	0.01	0.01	X	2	9	X	1	10	84HaLi.45
977.336	0.01	0.01	X	2	9	X	1	8	84HaLi.38
2169.2143	0.1	0.1	X	2	9	X	0	0	86HuEf.31
2169.224	3	3	X	2	9	X	0	0	84HaLi.120
13643.7842	0.1	0.1	X	20	0	X	0	0	86HuEf.121
13646.7971	0.1	0.1	X	20	1	X	0	0	86HuEf.122
13805.7177	0.1	0.1	X	20	10	X	0	0	86HuEf.131
13652.8152	0.1	0.1	X	20	2	X	0	0	86HuEf.123
13661.8233	0.1	0.1	X	20	3	X	0	0	86HuEf.124
13673.7985	0.1	0.1	X	20	4	X	0	0	86HuEf.125
13688.7104	0.1	0.1	X	20	5	X	0	0	86HuEf.126
13706.5207	0.1	0.1	X	20	6	X	0	0	86HuEf.127
13727.1838	0.1	0.1	X	20	7	X	0	0	86HuEf.128
13750.6463	0.1	0.1	X	20	8	X	0	0	86HuEf.129
13776.8471	0.1	0.1	X	20	9	X	0	0	86HuEf.130
13933.4139	0.1	0.1	X	21	0	X	0	0	86HuEf.132
13935.9869	0.1	0.1	X	21	1	X	0	0	86HuEf.133
14070.0787	0.1	0.1	X	21	10	X	0	0	86HuEf.142
13941.1231	0.1	0.1	X	21	2	X	0	0	86HuEf.134
13948.8029	0.1	0.1	X	21	3	X	0	0	86HuEf.135
13958.9970	0.1	0.1	X	21	4	X	0	0	86HuEf.136
13971.6660	0.1	0.1	X	21	5	X	0	0	86HuEf.137
13986.7611	0.1	0.1	X	21	6	X	0	0	86HuEf.138
14004.2234	0.1	0.1	X	21	7	X	0	0	86HuEf.139
14023.9843	0.1	0.1	X	21	8	X	0	0	86HuEf.140
14045.9655	0.1	0.1	X	21	9	X	0	0	86HuEf.141
14143.6474	0.1	0.1	X	22	0	X	0	0	86HuEf.143
14145.6582	0.1	0.1	X	22	1	X	0	0	86HuEf.144
14246.7136	0.1	0.1	X	22	10	X	0	0	86HuEf.153
14149.6645	0.1	0.1	X	22	2	X	0	0	86HuEf.145
14155.6360	0.1	0.1	X	22	3	X	0	0	86HuEf.146
14163.5270	0.1	0.1	X	22	4	X	0	0	86HuEf.147
14173.2768	0.1	0.1	X	22	5	X	0	0	86HuEf.148
14184.8092	0.1	0.1	X	22	6	X	0	0	86HuEf.149
14198.0331	0.1	0.1	X	22	7	X	0	0	86HuEf.150
14212.8421	0.1	0.1	X	22	8	X	0	0	86HuEf.151
14229.1146	0.1	0.1	X	22	9	X	0	0	86HuEf.152
14259.2709	0.1	0.1	X	23	0	X	0	0	86HuEf.154
14260.6032	0.1	0.1	X	23	1	X	0	0	86HuEf.155
14307.1352	0.1	0.1	X	23	10	X	0	0	86HuEf.164
14263.2164	0.1	0.1	X	23	2	X	0	0	86HuEf.156
14267.0079	0.1	0.1	X	23	3	X	0	0	86HuEf.157
14271.8237	0.1	0.1	X	23	4	X	0	0	86HuEf.158
14277.4584	0.1	0.1	X	23	5	X	0	0	86HuEf.159
14283.6553	0.1	0.1	X	23	6	X	0	0	86HuEf.160
14290.1065	0.1	0.1	X	23	7	X	0	0	86HuEf.161
14296.4526	0.1	0.1	X	23	8	X	0	0	86HuEf.162
14302.2828	0.1	0.1	X	23	9	X	0	0	86HuEf.163
2778.199	3	3	X	3	0	X	0	0	84HaLi.143
2784.447	3	3	X	3	1	X	0	0	84HaLi.144
3119.966	3	3	X	3	10	X	0	0	84HaLi.153
3187.861	3	3	X	3	11	X	0	0	84HaLi.154
3261.756	3	3	X	3	12	X	0	0	84HaLi.155
3341.607	3	3	X	3	13	X	0	0	84HaLi.156
3427.364	3	3	X	3	14	X	0	0	84HaLi.157
3518.978	3	3	X	3	15	X	0	0	84HaLi.158
3616.394	3	3	X	3	16	X	0	0	84HaLi.159
3719.554	3	3	X	3	17	X	0	0	84HaLi.160
3828.398	3	3	X	3	18	X	0	0	84HaLi.161
3942.862	3	3	X	3	19	X	0	0	84HaLi.162
2796.939	3	3	X	3	2	X	0	0	84HaLi.145
4062.881	3	3	X	3	20	X	0	0	84HaLi.163
4188.384	3	3	X	3	21	X	0	0	84HaLi.164
4319.300	3	3	X	3	22	X	0	0	84HaLi.165
4455.554	3	3	X	3	23	X	0	0	84HaLi.166
4597.070	3	3	X	3	24	X	0	0	84HaLi.167
4743.768	3	3	X	3	25	X	0	0	84HaLi.168
4895.567	3	3	X	3	26	X	0	0	84HaLi.169
5052.384	3	3	X	3	27	X	0	0	84HaLi.170
5214.133	3	3	X	3	28	X	0	0	84HaLi.171
5380.727	3	3	X	3	29	X	0	0	84HaLi.172
2815.669	3	3	X	3	3	X	0	0	84HaLi.146
5552.078	3	3	X	3	30	X	0	0	84HaLi.173
5728.096	3	3	X	3	31	X	0	0	84HaLi.174
2840.624	3	3	X	3	4	X	0	0	84HaLi.147
2871.788	3	3	X	3	5	X	0	0	84HaLi.148
2909.144	3	3	X	3	6	X	0	0	84HaLi.149
2952.668	3	3	X	3	7	X	0	0	84HaLi.150
3002.334	3	3	X	3	8	X	0	0	84HaLi.151
3058.111	3	3	X	3	9	X	0	0	84HaLi.152
3647.0771	0.1	0.1	X	4	0	X	0	0	86HuEf.33
3653.1629	0.1	0.1	X	4	1	X	0	0	86HuEf.34
3650.746	3	3	X	4	1	X	0	0	84HaLi.175
3979.9098	0.1	0.1	X	4	10	X	0	0	86HuEf.43
3977.533	3	3	X	4	10	X	0	0	84HaLi.184
4043.653	3	3	X	4	11	X	0	0	84HaLi.185
4115.612	3	3	X	4	12	X	0	0	84HaLi.186
4193.366	3	3	X	4	13	X	0	0	84HaLi.187
4276.869	3	3	X	4	14	X	0	0	84HaLi.188
4366.069	3	3	X	4	15	X	0	0	84HaLi.189
4460.912	3	3	X	4	16	X	0	0	84HaLi.190
4561.341	3	3	X	4	17	X	0	0	84HaLi.191
4667.296	3	3	X	4	18	X	0	0	84HaLi.192
4778.714	3	3	X	4	19	X	0	0	84HaLi.193
3665.3307	0.1	0.1	X	4	2	X	0	0	86HuEf.35
3662.915	3	3	X	4	2	X	0	0	84HaLi.176
4895.529	3	3	X	4	20	X	0	0	84HaLi.194
5017.673	3	3	X	4	21	X	0	0	84HaLi.195
5145.074	3	3	X	4	22	X	0	0	84HaLi.196
5277.658	3	3	X	4	23	X	0	0	84HaLi.197
5415.350	3	3	X	4	24	X	0	0	84HaLi.198
5558.069	3	3	X	4	25	X	0	0	84HaLi.199
5705.737	3	3	X	4	26	X	0	0	84HaLi.200
5858.270	3	3	X	4	27	X	0	0	84HaLi.201
6015.583	3	3	X	4	28	X	0	0	84HaLi.202
6177.591	3	3	X	4	29	X	0	0	84HaLi.203
3683.5729	0.1	0.1	X	4	3	X	0	0	86HuEf.36
3681.158	3	3	X	4	3	X	0	0	84HaLi.177
6344.206	3	3	X	4	30	X	0	0	84HaLi.204
6515.338	3	3	X	4	31	X	0	0	84HaLi.205
3707.8780	0.1	0.1	X	4	4	X	0	0	86HuEf.37
3705.465	3	3	X	4	4	X	0	0	84HaLi.178
3738.2308	0.1	0.1	X	4	5	X	0	0	86HuEf.38
3735.821	3	3	X	4	5	X	0	0	84HaLi.179
3774.6122	0.1	0.1	X	4	6	X	0	0	86HuEf.39
3772.206	3	3	X	4	6	X	0	0	84HaLi.180
3816.9994	0.1	0.1	X	4	7	X	0	0	86HuEf.40
3814.598	3	3	X	4	7	X	0	0	84HaLi.181
3865.3657	0.1	0.1	X	4	8	X	0	0	86HuEf.41
3862.970	3	3	X	4	8	X	0	0	84HaLi.182
3919.6806	0.1	0.1	X	4	9	X	0	0	86HuEf.42
3917.293	3	3	X	4	9	X	0	0	84HaLi.183
4487.2298	0.1	0.1	X	5	0	X	0	0	86HuEf.44
4493.1549	0.1	0.1	X	5	1	X	0	0	86HuEf.45
4811.2384	0.1	0.1	X	5	10	X	0	0	86HuEf.54
4505.0014	0.1	0.1	X	5	2	X	0	0	86HuEf.46
4522.7617	0.1	0.1	X	5	3	X	0	0	86HuEf.47
4546.4243	0.1	0.1	X	5	4	X	0	0	86HuEf.48
4575.9743	0.1	0.1	X	5	5	X	0	0	86HuEf.49
4611.3926	0.1	0.1	X	5	6	X	0	0	86HuEf.50
4652.6565	0.1	0.1	X	5	7	X	0	0	86HuEf.51
4699.7396	0.1	0.1	X	5	8	X	0	0	86HuEf.52
4752.6116	0.1	0.1	X	5	9	X	0	0	86HuEf.53
6085.1080	0.1	0.1	X	7	0	X	0	0	86HuEf.55
6090.7169	0.1	0.1	X	7	1	X	0	0	86HuEf.56
6391.7596	0.1	0.1	X	7	10	X	0	0	86HuEf.65
6101.9310	0.1	0.1	X	7	2	X	0	0	86HuEf.57
6118.7429	0.1	0.1	X	7	3	X	0	0	86HuEf.58
6141.1415	0.1	0.1	X	7	4	X	0	0	86HuEf.59
6169.1118	0.1	0.1	X	7	5	X	0	0	86HuEf.60
6202.6353	0.1	0.1	X	7	6	X	0	0	86HuEf.61
6241.6897	0.1	0.1	X	7	7	X	0	0	86HuEf.62
6286.2490	0.1	0.1	X	7	8	X	0	0	86HuEf.63
6336.2834	0.1	0.1	X	7	9	X	0	0	86HuEf.64
18683.93457	3	3	A	0	0	X	0	0	96RaAl.1
18686.43175	3	3	A	0	1	X	0	0	96RaAl.2
18691.4261	3	3	A	0	2	X	0	0	96RaAl.3
18698.91764	3	3	A	0	3	X	0	0	96RaAl.4
18708.90636	3	3	A	0	4	X	0	0	96RaAl.5
18721.39226	3	3	A	0	5	X	0	0	96RaAl.6
18736.37534	3	3	A	0	6	X	0	0	96RaAl.7
18753.8556	3	3	A	0	7	X	0	0	96RaAl.8
18773.83304	3	3	A	0	8	X	0	0	96RaAl.9
18796.30766	3	3	A	0	9	X	0	0	96RaAl.10
18821.27945	3	3	A	0	10	X	0	0	96RaAl.11
18919.80002	3	3	A	1	0	X	0	0	96RaAl.12
18922.3978	3	3	A	1	1	X	0	0	96RaAl.13
18927.59335	3	3	A	1	2	X	0	0	96RaAl.14
18935.38669	3	3	A	1	3	X	0	0	96RaAl.15
18945.77779	3	3	A	1	4	X	0	0	96RaAl.16
18958.76668	3	3	A	1	5	X	0	0	96RaAl.17
18974.35334	3	3	A	1	6	X	0	0	96RaAl.18
18992.53778	3	3	A	1	7	X	0	0	96RaAl.19
19013.31999	3	3	A	1	8	X	0	0	96RaAl.20
19036.69999	3	3	A	1	9	X	0	0	96RaAl.21
19062.67776	3	3	A	1	10	X	0	0	96RaAl.22
19167.23247	3	3	A	2	0	X	0	0	96RaAl.23
19169.90978	3	3	A	2	1	X	0	0	96RaAl.24
19175.26442	3	3	A	2	2	X	0	0	96RaAl.25
19183.29638	3	3	A	2	3	X	0	0	96RaAl.26
19194.00566	3	3	A	2	4	X	0	0	96RaAl.27
19207.39225	3	3	A	2	5	X	0	0	96RaAl.28
19223.45617	3	3	A	2	6	X	0	0	96RaAl.29
19242.1974	3	3	A	2	7	X	0	0	96RaAl.30
19263.61595	3	3	A	2	8	X	0	0	96RaAl.31
19287.71183	3	3	A	2	9	X	0	0	96RaAl.32
19314.48502	3	3	A	2	10	X	0	0	96RaAl.33
19424.71286	3	3	A	3	0	X	0	0	96RaAl.34
19427.45114	3	3	A	3	1	X	0	0	96RaAl.35
19432.92771	3	3	A	3	2	X	0	0	96RaAl.36
19441.14256	3	3	A	3	3	X	0	0	96RaAl.37
19452.09569	3	3	A	3	4	X	0	0	96RaAl.38
19465.78711	3	3	A	3	5	X	0	0	96RaAl.39
19482.21681	3	3	A	3	6	X	0	0	96RaAl.40
19501.3848	3	3	A	3	7	X	0	0	96RaAl.41
19523.29107	3	3	A	3	8	X	0	0	96RaAl.42
19547.93562	3	3	A	3	9	X	0	0	96RaAl.43
19575.31846	3	3	A	3	10	X	0	0	96RaAl.44
19690.81415	3	3	A	4	0	X	0	0	96RaAl.45
19693.59708	3	3	A	4	1	X	0	0	96RaAl.46
19699.16296	3	3	A	4	2	X	0	0	96RaAl.47
19707.51178	3	3	A	4	3	X	0	0	96RaAl.48
19718.64354	3	3	A	4	4	X	0	0	96RaAl.49
19732.55824	3	3	A	4	5	X	0	0	96RaAl.50
19749.25588	3	3	A	4	6	X	0	0	96RaAl.51
19768.73646	3	3	A	4	7	X	0	0	96RaAl.52
19790.99998	3	3	A	4	8	X	0	0	96RaAl.53
19816.04643	3	3	A	4	9	X	0	0	96RaAl.54
19843.87583	3	3	A	4	10	X	0	0	96RaAl.55
19964.19843	3	3	A	5	0	X	0	0	96RaAl.56
19967.01179	3	3	A	5	1	X	0	0	96RaAl.57
19972.6385	3	3	A	5	2	X	0	0	96RaAl.58
19981.07857	3	3	A	5	3	X	0	0	96RaAl.59
19992.332	3	3	A	5	4	X	0	0	96RaAl.60
20006.39879	3	3	A	5	5	X	0	0	96RaAl.61
20023.27894	3	3	A	5	6	X	0	0	96RaAl.62
20042.97244	3	3	A	5	7	X	0	0	96RaAl.63
20065.4793	3	3	A	5	8	X	0	0	96RaAl.64
20090.79952	3	3	A	5	9	X	0	0	96RaAl.65
20118.93309	3	3	A	5	10	X	0	0	96RaAl.66
20243.61412	3	3	A	6	0	X	0	0	96RaAl.67
20246.44554	3	3	A	6	1	X	0	0	96RaAl.68
20252.10837	3	3	A	6	2	X	0	0	96RaAl.69
20260.60263	3	3	A	6	3	X	0	0	96RaAl.70
20271.9283	3	3	A	6	4	X	0	0	96RaAl.71
20286.08538	3	3	A	6	5	X	0	0	96RaAl.72
20303.07389	3	3	A	6	6	X	0	0	96RaAl.73
20322.89381	3	3	A	6	7	X	0	0	96RaAl.74
20345.54514	3	3	A	6	8	X	0	0	96RaAl.75
20371.0279	3	3	A	6	9	X	0	0	96RaAl.76
20399.34207	3	3	A	6	10	X	0	0	96RaAl.77
20527.89314	3	3	A	7	0	X	0	0	96RaAl.78
20530.73195	3	3	A	7	1	X	0	0	96RaAl.79
20536.40959	3	3	A	7	2	X	0	0	96RaAl.80
20544.92604	3	3	A	7	3	X	0	0	96RaAl.81
20556.28132	3	3	A	7	4	X	0	0	96RaAl.82
20570.47541	3	3	A	7	5	X	0	0	96RaAl.83
20587.50832	3	3	A	7	6	X	0	0	96RaAl.84
20607.38004	3	3	A	7	7	X	0	0	96RaAl.85
20630.09059	3	3	A	7	8	X	0	0	96RaAl.86
20655.63995	3	3	A	7	9	X	0	0	96RaAl.87
20684.02814	3	3	A	7	10	X	0	0	96RaAl.88
20815.94803	3	3	A	8	0	X	0	0	96RaAl.89
20818.78512	3	3	A	8	1	X	0	0	96RaAl.90
20824.45929	3	3	A	8	2	X	0	0	96RaAl.91
20832.97056	3	3	A	8	3	X	0	0	96RaAl.92
20844.31891	3	3	A	8	4	X	0	0	96RaAl.93
20858.50435	3	3	A	8	5	X	0	0	96RaAl.94
20875.52687	3	3	A	8	6	X	0	0	96RaAl.95
20895.38649	3	3	A	8	7	X	0	0	96RaAl.96
20918.08319	3	3	A	8	8	X	0	0	96RaAl.97
20943.61698	3	3	A	8	9	X	0	0	96RaAl.98
20971.98786	3	3	A	8	10	X	0	0	96RaAl.99
