X 0 0 	0.000000000	0.000e+00	458
X 0 1 	6.786760324	7.071e-02	28
X 0 2 	20.254951083	7.071e-02	28
X 0 3 	40.523001849	1.000e-01	25
X 0 4 	67.421708586	1.000e-01	26
X 0 5 	101.063388322	1.000e-01	26
X 0 6 	141.409374440	1.000e-01	27
X 0 7 	188.435019961	1.000e-01	25
X 0 8 	242.167534174	1.000e-01	25
X 0 9 	302.255162295	1.000e-01	24
X 0 10 	369.253921516	1.000e-01	24
X 0 11 	442.449499106	1.005e-01	22
X 0 12 	522.411537666	1.006e+00	22
X 0 13 	608.608380115	1.015e-01	20
X 0 14 	701.265135898	3.000e+00	18
X 0 15 	800.470345977	3.000e+00	18
X 0 16 	905.661122479	3.000e+00	19
X 1 0 	955.875730448	7.071e-02	5
X 1 1 	962.482324606	7.071e-02	6
X 1 2 	975.572470438	7.071e-02	10
X 1 3 	995.270111320	1.000e-01	14
X 0 17 	1017.275437694	3.000e+00	18
X 1 4 	1021.573005437	1.000e-01	20
X 1 5 	1054.379328337	1.000e-01	24
X 1 6 	1093.636335846	1.000e-01	25
X 0 18 	1134.718666009	3.000e+00	18
X 1 7 	1139.503837026	1.000e-01	25
X 1 8 	1191.798952478	1.000e-01	24
X 1 9 	1250.723291908	1.000e-01	23
X 0 19 	1258.440507321	3.000e+00	17
X 1 10 	1315.700510725	1.000e-01	23
X 1 11 	1387.386648423	1.005e-01	22
X 0 20 	1388.411028918	3.000e+00	16
X 1 12 	1465.063428613	1.010e-01	20
X 0 21 	1524.012407494	3.000e+00	15
X 1 13 	1549.293596679	1.006e+00	20
X 1 14 	1639.545311698	1.020e-01	20
X 0 22 	1666.580531973	3.000e+00	15
X 1 15 	1736.035133191	3.000e+00	21
X 0 23 	1813.089819304	3.000e+00	14
X 1 16 	1838.855372694	3.000e+00	19
X 2 0 	1881.933800000	1.000e-01	1
X 2 1 	1888.341435689	1.000e-01	4
X 2 2 	1901.166801332	1.000e-01	2
X 2 3 	1920.374843639	1.000e-01	3
X 2 4 	1945.975959294	1.000e-01	5
X 1 17 	1947.433118991	3.000e+00	19
X 0 24 	1967.095911260	3.000e+00	13
X 2 5 	1977.982972819	1.000e-01	6
X 2 6 	2016.319797830	1.000e-01	8
X 2 7 	2060.939139545	1.000e-01	10
X 1 18 	2062.213444578	3.000e+00	17
X 2 8 	2111.930645129	1.000e-01	11
X 0 25 	2125.793938508	3.000e+00	13
X 2 9 	2169.137137673	1.000e-01	12
X 1 19 	2182.593670302	3.000e+00	19
X 2 10 	2232.806446033	1.000e-01	12
X 0 26 	2290.638594300	3.000e+00	12
X 2 11 	2302.328523771	1.005e-01	10
X 1 20 	2309.203304822	3.000e+00	18
X 2 12 	2378.351639039	1.010e-01	10
X 1 21 	2441.469206436	3.000e+00	14
X 2 13 	2460.157401018	1.015e-01	10
X 0 27 	2460.488703881	3.000e+00	11
X 2 14 	2548.305625243	1.006e+00	10
X 1 22 	2579.636606283	3.000e+00	14
X 0 28 	2635.580356580	3.000e+00	6
X 2 15 	2642.259260342	1.025e-01	10
X 1 23 	2723.815903686	3.000e+00	11
X 2 16 	2742.233122565	3.000e+00	10
X 3 0 	2778.199000000	3.000e+00	1
X 3 1 	2784.447000000	3.000e+00	1
X 3 2 	2796.143436768	3.000e+00	3
X 3 3 	2813.827896138	3.000e+00	2
X 0 29 	2816.974000000	3.000e+00	1
X 3 4 	2838.869068754	3.000e+00	3
X 2 17 	2848.320645205	3.000e+00	9
X 3 5 	2872.084114817	3.000e+00	3
X 1 24 	2872.741635031	3.000e+00	11
X 3 6 	2909.459822627	3.000e+00	5
X 3 7 	2952.693755559	3.000e+00	7
X 2 18 	2959.934121457	3.000e+00	10
X 0 30 	3002.925000000	3.000e+00	1
X 3 8 	3003.491413887	3.000e+00	7
X 1 25 	3027.866663792	3.000e+00	9
X 3 9 	3059.329583292	3.000e+00	7
X 2 19 	3077.051077666	3.000e+00	9
X 3 10 	3120.517262987	3.000e+00	5
X 1 26 	3187.633921099	3.000e+00	7
X 3 11 	3188.858747026	3.000e+00	6
X 0 31 	3194.004000000	3.000e+00	1
X 2 20 	3200.491646542	3.000e+00	8
X 3 12 	3262.062870736	3.000e+00	6
X 2 21 	3329.457299213	3.000e+00	8
X 3 13 	3342.174236119	3.000e+00	7
X 1 27 	3353.881459192	3.000e+00	7
X 0 32 	3390.117000000	3.000e+00	1
X 3 14 	3427.529935195	3.000e+00	7
X 2 22 	3464.225941104	3.000e+00	6
X 3 15 	3518.874650035	3.000e+00	7
X 1 28 	3524.299972153	3.000e+00	7
X 2 23 	3603.893598860	3.000e+00	7
X 3 16 	3615.984352597	3.000e+00	7
X 4 0 	3647.077100000	1.000e-01	1
X 4 1 	3653.161133916	1.000e-01	3
X 4 2 	3665.330272769	1.000e-01	4
X 4 3 	3683.571346776	1.000e-01	4
X 1 29 	3700.282625368	3.000e+00	5
X 4 4 	3707.875043849	1.000e-01	6
X 3 17 	3720.292516941	3.000e+00	7
X 4 5 	3738.228449219	1.000e-01	6
X 2 24 	3748.656675512	3.000e+00	6
X 4 6 	3774.611067684	1.000e-01	7
X 4 7 	3816.997050496	1.000e-01	8
X 3 18 	3828.144073495	3.000e+00	8
X 4 8 	3865.361349196	1.000e-01	8
X 1 30 	3880.518986076	3.000e+00	5
X 2 25 	3900.051636025	3.000e+00	4
X 4 9 	3919.676332501	1.000e-01	8
X 3 19 	3943.289948347	3.000e+00	7
X 4 10 	3979.906467644	1.000e-01	8
X 4 11 	4044.956168332	3.000e+00	7
X 2 26 	4056.669990718	3.000e+00	2
X 3 20 	4062.708685217	3.000e+00	7
X 1 31 	4067.214208456	3.000e+00	3
X 4 12 	4117.272623244	3.000e+00	7
X 3 21 	4187.891275239	3.000e+00	7
X 4 13 	4194.863367210	3.000e+00	6
X 2 27 	4217.514000000	3.000e+00	2
X 1 32 	4258.300000000	3.000e+00	2
X 4 14 	4278.199281823	3.000e+00	6
X 3 22 	4319.410140678	3.000e+00	7
X 4 15 	4367.724838664	3.000e+00	5
X 2 28 	4383.759000000	3.000e+00	1
X 3 23 	4456.070379976	3.000e+00	7
X 4 16 	4462.521086724	3.000e+00	5
X 5 0 	4487.229800000	1.000e-01	1
X 5 1 	4493.154900000	1.000e-01	1
X 5 2 	4505.001400000	1.000e-01	1
X 5 3 	4522.761700000	1.000e-01	1
X 5 4 	4546.424300000	1.000e-01	1
X 2 29 	4555.003000000	3.000e+00	1
X 4 17 	4563.444739540	3.000e+00	5
X 5 5 	4575.974300000	1.000e-01	1
X 3 24 	4597.473061186	3.000e+00	7
X 5 6 	4611.392600000	1.000e-01	1
X 5 7 	4652.656500000	1.000e-01	1
X 4 18 	4668.757674798	3.000e+00	5
X 5 8 	4699.739600000	1.000e-01	1
X 2 30 	4731.156000000	3.000e+00	1
X 3 25 	4744.199550215	3.000e+00	6
X 5 9 	4752.611600000	1.000e-01	1
X 4 19 	4779.798487985	3.000e+00	5
X 5 10 	4811.238400000	1.000e-01	1
X 3 26 	4895.818384348	3.000e+00	5
X 4 20 	4896.761962348	3.000e+00	4
X 2 31 	4912.127000000	3.000e+00	1
X 4 21 	5019.148710244	3.000e+00	4
X 3 27 	5052.291775108	3.000e+00	5
X 4 22 	5145.954980126	3.000e+00	3
X 3 28 	5214.061461449	3.000e+00	4
X 4 23 	5278.833907231	3.000e+00	2
X 3 29 	5380.727000000	3.000e+00	1
X 4 24 	5416.235445864	3.000e+00	2
X 3 30 	5552.078000000	3.000e+00	1
X 4 25 	5558.069000000	3.000e+00	1
X 4 26 	5705.737000000	3.000e+00	1
X 3 31 	5728.096000000	3.000e+00	1
X 4 27 	5858.270000000	3.000e+00	1
X 4 28 	6015.583000000	3.000e+00	1
X 7 0 	6085.108000000	1.000e-01	1
X 7 1 	6090.716900000	1.000e-01	1
X 7 2 	6101.931000000	1.000e-01	1
X 7 3 	6118.742900000	1.000e-01	1
X 7 4 	6141.141500000	1.000e-01	1
X 7 5 	6169.111800000	1.000e-01	1
X 4 29 	6177.591000000	3.000e+00	1
X 7 6 	6202.635300000	1.000e-01	1
X 7 7 	6241.689700000	1.000e-01	1
X 7 8 	6286.249000000	1.000e-01	1
X 7 9 	6336.283400000	1.000e-01	1
X 4 30 	6344.206000000	3.000e+00	1
X 7 10 	6391.759600000	1.000e-01	1
X 4 31 	6515.338000000	3.000e+00	1
X 13 0 	10233.635900000	1.000e-01	1
X 13 1 	10238.291700000	1.000e-01	1
X 13 2 	10247.599600000	1.000e-01	1
X 13 3 	10261.552100000	1.000e-01	1
X 13 4 	10280.138100000	1.000e-01	1
X 13 5 	10303.342700000	1.000e-01	1
X 13 6 	10331.147300000	1.000e-01	1
X 13 7 	10363.529600000	1.000e-01	1
X 13 8 	10400.463500000	1.000e-01	1
X 13 9 	10441.919300000	1.000e-01	1
X 13 10 	10487.863500000	1.000e-01	1
X 14 0 	10828.519300000	1.000e-01	1
X 14 1 	10833.004900000	1.000e-01	1
X 14 2 	10841.972300000	1.000e-01	1
X 14 3 	10855.413700000	1.000e-01	1
X 14 4 	10873.317600000	1.000e-01	1
X 14 5 	10895.668700000	1.000e-01	1
X 14 6 	10922.447700000	1.000e-01	1
X 14 7 	10953.631600000	1.000e-01	1
X 14 8 	10989.193500000	1.000e-01	1
X 14 9 	11029.102500000	1.000e-01	1
X 14 10 	11073.324100000	1.000e-01	1
X 15 0 	11393.160500000	1.000e-01	1
X 15 1 	11397.465100000	1.000e-01	1
X 15 2 	11406.070300000	1.000e-01	1
X 15 3 	11418.968100000	1.000e-01	1
X 15 4 	11436.146200000	1.000e-01	1
X 15 5 	11457.588600000	1.000e-01	1
X 15 6 	11483.275100000	1.000e-01	1
X 15 7 	11513.181400000	1.000e-01	1
X 15 8 	11547.279400000	1.000e-01	1
X 15 9 	11585.536600000	1.000e-01	1
X 15 10 	11627.916800000	1.000e-01	1
X 16 0 	11925.330100000	1.000e-01	1
X 16 1 	11929.440600000	1.000e-01	1
X 16 2 	11937.657300000	1.000e-01	1
X 16 3 	11949.971600000	1.000e-01	1
X 16 4 	11966.370600000	1.000e-01	1
X 16 5 	11986.836900000	1.000e-01	1
X 16 6 	12011.349000000	1.000e-01	1
X 16 7 	12039.881000000	1.000e-01	1
X 16 8 	12072.402700000	1.000e-01	1
X 16 9 	12108.879500000	1.000e-01	1
X 16 10 	12149.272700000	1.000e-01	1
X 18 0 	12878.273800000	1.000e-01	1
X 18 1 	12881.924000000	1.000e-01	1
X 18 2 	12889.219100000	1.000e-01	1
X 18 3 	12900.148800000	1.000e-01	1
X 18 4 	12914.697400000	1.000e-01	1
X 18 5 	12932.844200000	1.000e-01	1
X 18 6 	12954.563000000	1.000e-01	1
X 18 7 	12979.822700000	1.000e-01	1
X 18 8 	13008.586800000	1.000e-01	1
X 18 9 	13040.813700000	1.000e-01	1
X 18 10 	13076.456500000	1.000e-01	1
X 20 0 	13643.784200000	1.000e-01	1
X 20 1 	13646.797100000	1.000e-01	1
X 20 2 	13652.815200000	1.000e-01	1
X 20 3 	13661.823300000	1.000e-01	1
X 20 4 	13673.798500000	1.000e-01	1
X 20 5 	13688.710400000	1.000e-01	1
X 20 6 	13706.520700000	1.000e-01	1
X 20 7 	13727.183800000	1.000e-01	1
X 20 8 	13750.646300000	1.000e-01	1
X 20 9 	13776.847100000	1.000e-01	1
X 20 10 	13805.717700000	1.000e-01	1
X 21 0 	13933.413900000	1.000e-01	1
X 21 1 	13935.986900000	1.000e-01	1
X 21 2 	13941.123100000	1.000e-01	1
X 21 3 	13948.802900000	1.000e-01	1
X 21 4 	13958.997000000	1.000e-01	1
X 21 5 	13971.666000000	1.000e-01	1
X 21 6 	13986.761100000	1.000e-01	1
X 21 7 	14004.223400000	1.000e-01	1
X 21 8 	14023.984300000	1.000e-01	1
X 21 9 	14045.965500000	1.000e-01	1
X 21 10 	14070.078700000	1.000e-01	1
X 22 0 	14143.647400000	1.000e-01	1
X 22 1 	14145.658200000	1.000e-01	1
X 22 2 	14149.664500000	1.000e-01	1
X 22 3 	14155.636000000	1.000e-01	1
X 22 4 	14163.527000000	1.000e-01	1
X 22 5 	14173.276800000	1.000e-01	1
X 22 6 	14184.809200000	1.000e-01	1
X 22 7 	14198.033100000	1.000e-01	1
X 22 8 	14212.842100000	1.000e-01	1
X 22 9 	14229.114600000	1.000e-01	1
X 22 10 	14246.713600000	1.000e-01	1
X 23 0 	14259.270900000	1.000e-01	1
X 23 1 	14260.603200000	1.000e-01	1
X 23 2 	14263.216400000	1.000e-01	1
X 23 3 	14267.007900000	1.000e-01	1
X 23 4 	14271.823700000	1.000e-01	1
X 23 5 	14277.458400000	1.000e-01	1
X 23 6 	14283.655300000	1.000e-01	1
X 23 7 	14290.106500000	1.000e-01	1
X 23 8 	14296.452600000	1.000e-01	1
X 23 9 	14302.282800000	1.000e-01	1
X 23 10 	14307.135200000	1.000e-01	1
A 2 2 	19175.571346776	3.002e+00	1
A 2 6 	19220.212749857	3.002e+00	2
A 2 7 	19240.386208440	3.002e+00	2
A 2 8 	19262.336691498	3.002e+00	2
A 2 9 	19286.183908420	3.002e+00	2
A 2 10 	19311.866250417	3.002e+00	2
A 2 11 	19341.089545444	3.002e+00	2
A 2 12 	19372.409767771	4.243e+00	2
A 2 13 	19408.185952533	4.243e+00	2
A 3 1 	19427.536854768	3.002e+00	2
A 3 2 	19432.286792277	3.002e+00	3
A 3 3 	19441.754455535	3.002e+00	4
A 3 5 	19464.828750728	3.002e+00	4
A 3 6 	19480.975842523	3.002e+00	4
A 3 7 	19500.105913348	3.002e+00	4
A 3 8 	19522.824180462	3.002e+00	4
A 3 9 	19547.619743576	3.002e+00	3
A 2 18 	19556.192516941	4.243e+00	1
A 3 10 	19575.380207788	3.002e+00	4
A 2 19 	19602.944073495	4.243e+00	1
A 3 11 	19604.414806153	3.002e+00	4
A 3 12 	19636.563129672	4.243e+00	4
A 3 13 	19670.916177749	4.243e+00	4
A 4 3 	19701.575043849	3.002e+00	1
A 3 14 	19708.659273007	4.243e+00	4
A 4 4 	19714.328449219	3.002e+00	1
A 4 5 	19731.191432997	3.002e+00	4
A 3 15 	19748.208664085	4.243e+00	4
A 4 6 	19748.688501927	3.002e+00	5
A 4 7 	19767.929016059	3.002e+00	6
A 3 16 	19790.484186295	4.243e+00	4
A 4 8 	19790.828833178	3.002e+00	6
A 4 9 	19815.818930813	3.002e+00	6
A 3 17 	19834.726796904	4.243e+00	4
A 4 10 	19844.264415433	3.002e+00	6
A 4 11 	19873.586218280	3.002e+00	6
A 3 18 	19882.031423203	4.243e+00	4
A 4 12 	19906.156407246	3.002e+00	6
A 3 19 	19930.770144503	4.243e+00	3
A 4 13 	19941.803662547	3.002e+00	6
A 5 2 	19972.770111320	3.002e+00	1
A 4 14 	19979.825625565	3.002e+00	6
A 5 3 	19980.573005437	3.002e+00	1
A 3 20 	19982.893237190	4.243e+00	3
A 5 4 	19991.944137492	3.002e+00	3
A 5 5 	20006.243046371	3.002e+00	3
A 4 15 	20020.012234025	3.164e+00	6
A 5 6 	20023.899806657	3.002e+00	5
A 3 21 	20035.826929414	4.243e+00	3
A 5 7 	20044.075429034	3.002e+00	5
A 4 16 	20063.186108455	3.002e+00	6
A 5 8 	20065.671124167	3.002e+00	6
A 5 9 	20090.356864382	3.002e+00	4
A 3 22 	20091.336788486	4.243e+00	3
A 4 17 	20108.245738606	4.243e+00	6
A 5 10 	20118.827322015	3.002e+00	6
A 5 11 	20148.900359689	3.002e+00	6
A 3 23 	20150.291600932	4.243e+00	2
A 4 18 	20155.980979749	4.243e+00	5
A 5 12 	20182.088081202	3.002e+00	5
A 4 19 	20205.949693976	4.243e+00	6
A 3 24 	20210.470379976	4.243e+00	1
A 5 13 	20217.779187958	3.002e+00	5
A 6 1 	20247.572470438	3.001e+00	1
A 6 2 	20252.476217963	3.001e+00	2
A 5 14 	20256.520136141	3.002e+00	5
A 4 20 	20258.372799782	4.243e+00	6
A 6 3 	20260.607145057	3.001e+00	3
A 3 25 	20271.073061186	4.243e+00	1
A 6 4 	20272.344137492	3.002e+00	3
A 6 5 	20286.626274602	3.002e+00	4
A 5 15 	20297.625619999	3.002e+00	6
A 6 6 	20302.526319431	3.002e+00	4
A 4 21 	20312.442226003	4.243e+00	6
A 6 7 	20322.246432821	3.002e+00	4
A 3 26 	20334.799550215	4.243e+00	1
A 5 16 	20340.369220784	3.002e+00	6
A 6 8 	20345.025851538	3.002e+00	4
A 4 22 	20369.212252706	4.243e+00	5
A 6 9 	20370.309138591	3.002e+00	4
A 5 17 	20386.277414564	4.243e+00	6
A 6 10 	20398.593900444	3.002e+00	4
A 3 27 	20399.518384348	4.243e+00	1
A 4 23 	20428.048714375	4.243e+00	4
A 6 11 	20428.980506103	3.002e+00	4
A 5 18 	20434.530162909	4.243e+00	6
A 6 12 	20462.616542473	3.002e+00	4
A 5 19 	20484.340725914	4.243e+00	5
A 4 24 	20489.209814461	4.243e+00	5
A 6 13 	20498.416501149	3.002e+00	4
A 7 1 	20531.854951083	3.001e+00	1
A 7 2 	20536.904881086	3.001e+00	2
A 6 14 	20537.111347808	3.002e+00	4
A 5 20 	20537.259035598	4.243e+00	5
A 7 3 	20546.038329835	3.001e+00	2
A 4 25 	20552.020891727	4.243e+00	4
A 7 4 	20555.621906169	3.002e+00	3
A 7 5 	20569.510106077	3.002e+00	4
A 6 15 	20577.409858050	3.002e+00	4
A 7 6 	20586.620393411	3.002e+00	4
A 5 21 	20592.850076708	4.243e+00	5
A 7 7 	20606.088568413	3.002e+00	5
A 4 26 	20616.695662662	4.243e+00	2
A 6 16 	20621.387039432	3.002e+00	4
A 7 8 	20628.815598068	3.002e+00	6
A 5 22 	20650.180812910	4.243e+00	5
A 7 9 	20654.426335009	3.002e+00	6
A 6 17 	20667.684015323	4.243e+00	4
A 7 10 	20682.430043863	3.002e+00	6
A 5 23 	20711.011437313	4.243e+00	4
A 7 11 	20713.231247265	3.002e+00	6
A 6 18 	20716.524628041	4.243e+00	4
A 7 12 	20746.943133799	3.002e+00	5
A 6 19 	20767.068713139	4.243e+00	2
A 5 24 	20772.828611293	4.243e+00	3
A 7 13 	20782.655508452	3.002e+00	5
A 8 0 	20815.186760324	3.001e+00	1
A 8 1 	20819.177475542	3.000e+00	2
A 6 20 	20820.792813404	4.243e+00	4
A 7 14 	20821.330754269	3.002e+00	5
A 4 29 	20822.461461449	4.243e+00	1
A 8 2 	20825.026624497	3.001e+00	3
A 8 3 	20833.216555036	3.001e+00	3
A 5 25 	20835.395722767	4.243e+00	2
A 8 4 	20843.988572836	3.002e+00	3
A 4 28 	20851.591775108	4.243e+00	1
A 8 5 	20857.960106077	3.002e+00	4
A 7 15 	20862.734858050	3.002e+00	4
A 8 6 	20874.795393411	3.002e+00	4
A 6 21 	20876.089374688	4.243e+00	4
A 8 7 	20895.353049235	3.002e+00	4
A 5 26 	20900.895662662	4.243e+00	2
A 7 16 	20906.437039432	3.002e+00	4
A 8 8 	20917.904327797	3.002e+00	4
A 6 22 	20933.909002049	4.243e+00	4
A 8 9 	20943.005229723	3.002e+00	4
A 7 17 	20952.184015323	4.243e+00	4
A 5 27 	20968.489922899	4.243e+00	2
A 8 10 	20971.028650433	3.002e+00	4
A 6 23 	20994.140214482	4.243e+00	4
A 8 11 	21001.257349630	3.002e+00	4
A 7 18 	21001.674628041	4.243e+00	4
A 8 12 	21035.043248069	3.002e+00	3
A 5 28 	21037.591775108	4.243e+00	1
A 7 19 	21052.310629350	4.243e+00	4
A 6 24 	21056.025388779	4.243e+00	3
A 8 13 	21070.773995087	3.002e+00	3
A 7 20 	21105.504651468	4.243e+00	3
A 5 29 	21108.361461449	4.243e+00	1
A 9 1 	21109.077475542	3.000e+00	2
A 8 14 	21109.376863990	3.002e+00	4
A 9 2 	21115.154881086	3.001e+00	2
A 6 25 	21120.449155271	4.243e+00	2
A 9 3 	21124.188329835	3.001e+00	2
A 9 4 	21135.293195085	3.002e+00	2
A 9 5 	21150.535106077	3.002e+00	4
A 8 15 	21150.581735692	3.002e+00	4
A 7 21 	21161.877185882	4.243e+00	3
A 9 6 	21167.870393411	3.002e+00	4
A 9 7 	21187.578049235	3.002e+00	4
A 6 26 	21187.866663792	4.243e+00	1
A 8 16 	21194.703508963	4.243e+00	4
A 9 8 	21208.654327797	3.002e+00	4
A 7 22 	21220.036601449	4.243e+00	2
A 9 9 	21234.905229723	3.002e+00	4
A 8 17 	21240.462151440	4.243e+00	4
A 6 27 	21254.933921099	4.243e+00	1
A 9 10 	21262.903650433	3.002e+00	4
A 7 23 	21280.201394139	4.243e+00	3
A 8 18 	21288.785683577	4.243e+00	4
A 9 11 	21293.382349630	3.002e+00	4
A 9 12 	21325.129541739	3.002e+00	3
A 6 28 	21326.181459192	4.243e+00	1
A 8 19 	21339.786611082	4.243e+00	4
A 7 24 	21342.292055446	4.243e+00	3
A 9 13 	21360.446353469	3.002e+00	4
A 8 20 	21393.178947888	4.243e+00	4
A 6 29 	21397.799972153	4.243e+00	1
A 10 0 	21398.786760324	3.001e+00	1
A 9 14 	21399.090774257	3.002e+00	3
A 10 1 	21401.227475542	3.000e+00	2
A 7 25 	21405.844077214	4.243e+00	3
A 10 2 	21407.454881086	3.001e+00	2
A 10 3 	21416.138329835	3.001e+00	2
A 10 4 	21427.443195085	3.002e+00	2
A 9 15 	21440.231735692	3.002e+00	4
A 10 5 	21440.965541513	3.002e+00	2
A 8 21 	21448.669955552	4.243e+00	2
A 10 6 	21457.899204141	3.002e+00	2
A 6 30 	21472.082625368	4.243e+00	1
A 7 26 	21474.166547608	4.243e+00	2
A 10 7 	21478.038454307	3.002e+00	2
A 9 16 	21484.028508963	4.243e+00	4
A 10 8 	21499.945091128	3.002e+00	2
A 8 22 	21506.869206436	4.243e+00	1
A 10 9 	21524.810727845	3.002e+00	2
A 9 17 	21529.387151440	4.243e+00	4
A 7 27 	21542.484981435	4.243e+00	2
A 6 31 	21545.918986076	4.243e+00	1
A 10 10 	21552.502330701	3.002e+00	2
A 8 23 	21567.539120657	4.243e+00	2
A 9 18 	21577.460683577	4.243e+00	4
A 10 11 	21583.482729591	3.002e+00	2
A 7 28 	21610.914000000	4.243e+00	1
A 10 12 	21616.128939610	3.002e+00	2
A 9 19 	21628.636611082	4.243e+00	4
A 8 24 	21630.141283739	4.243e+00	2
A 10 13 	21651.688336782	3.164e+00	2
A 9 20 	21681.753947888	4.243e+00	4
A 10 14 	21690.139363046	3.002e+00	2
A 11 0 	21690.986760324	3.001e+00	1
A 8 25 	21693.987778065	4.243e+00	2
A 11 1 	21694.927475542	3.000e+00	2
A 11 2 	21701.154881086	3.001e+00	2
A 11 3 	21709.088329835	3.001e+00	2
A 11 4 	21720.243195085	3.002e+00	2
A 10 15 	21730.613129188	4.243e+00	2
A 11 5 	21734.115541513	3.002e+00	2
A 9 21 	21737.332867999	4.243e+00	4
A 11 6 	21750.749204141	3.002e+00	2
A 8 26 	21761.574061492	4.243e+00	2
A 11 7 	21770.338454307	3.002e+00	2
A 10 16 	21774.322891835	4.243e+00	2
A 11 8 	21792.445091128	3.002e+00	2
A 9 22 	21795.196834230	4.243e+00	4
A 11 9 	21817.260727845	3.002e+00	2
A 10 17 	21819.539894244	4.243e+00	2
A 8 27 	21829.866946626	4.243e+00	2
A 11 10 	21844.702330701	3.002e+00	2
A 9 23 	21855.186257762	4.243e+00	3
A 10 18 	21868.007972507	4.243e+00	2
A 11 11 	21874.982729591	3.002e+00	2
A 8 28 	21900.882042280	4.243e+00	2
A 11 12 	21907.878939610	3.002e+00	2
A 10 19 	21917.864847464	4.243e+00	2
A 9 24 	21918.290795594	4.243e+00	3
A 11 13 	21943.088336782	3.164e+00	2
A 10 20 	21971.576457407	4.243e+00	2
A 8 29 	21972.309479115	4.243e+00	2
A 11 14 	21981.089363046	3.002e+00	2
A 9 25 	21982.637778065	4.243e+00	2
A 12 0 	21984.486760324	3.001e+00	1
A 12 1 	21988.277475542	3.000e+00	2
A 12 2 	21994.154881086	3.001e+00	2
A 12 3 	22002.938329835	3.001e+00	2
A 12 4 	22013.543195085	3.002e+00	2
A 11 15 	22021.413129188	4.243e+00	2
A 10 21 	22026.795780446	4.243e+00	2
A 12 5 	22027.015541513	3.002e+00	2
A 12 6 	22043.749204141	3.002e+00	2
A 8 30 	22046.498416912	4.243e+00	2
A 9 26 	22049.174061492	4.243e+00	2
A 12 7 	22063.038454307	3.002e+00	2
A 11 16 	22064.572891835	4.243e+00	2
A 12 8 	22084.945091128	3.002e+00	2
A 11 17 	22109.439894244	4.243e+00	2
A 12 9 	22109.510727845	3.002e+00	2
A 9 27 	22116.866946626	4.243e+00	2
A 8 31 	22122.918986076	4.243e+00	1
A 12 10 	22136.652330701	3.002e+00	2
A 10 23 	22145.188221616	4.243e+00	2
A 11 18 	22157.707972507	4.243e+00	2
A 12 11 	22166.582729591	3.002e+00	2
A 9 28 	22187.832042280	4.243e+00	2
A 12 12 	22198.778939610	3.002e+00	2
A 8 32 	22200.914208456	4.243e+00	1
A 10 24 	22206.941878906	4.243e+00	2
A 11 19 	22207.614847464	4.243e+00	2
A 12 13 	22233.988336782	3.164e+00	2
A 9 29 	22258.909479115	4.243e+00	2
A 11 20 	22260.476457407	4.243e+00	2
A 10 25 	22271.367252780	4.243e+00	2
A 12 14 	22271.939363046	3.002e+00	2
A 13 1 	22279.354951083	3.001e+00	1
A 8 33 	22281.200000000	4.243e+00	1
A 13 2 	22283.923001849	3.002e+00	1
A 13 3 	22293.838329835	3.001e+00	2
A 13 4 	22302.263388322	3.002e+00	1
A 12 15 	22311.713129188	4.243e+00	2
A 11 21 	22315.745780446	4.243e+00	2
A 13 5 	22317.465541513	3.002e+00	2
A 13 6 	22334.349204141	3.002e+00	2
A 10 26 	22338.091321194	4.243e+00	2
A 12 16 	22353.972891835	4.243e+00	2
A 13 7 	22354.788454307	3.002e+00	2
A 11 22 	22372.901113399	4.243e+00	2
A 13 8 	22376.495091128	3.002e+00	2
A 12 17 	22399.239894244	4.243e+00	2
A 13 9 	22401.060727845	3.002e+00	2
A 13 10 	22427.802330701	3.002e+00	2
A 11 23 	22433.038221616	4.243e+00	2
A 12 18 	22446.907972507	4.243e+00	2
A 13 11 	22457.682729591	3.002e+00	2
A 13 12 	22489.628939610	3.002e+00	2
A 11 24 	22494.091878906	4.243e+00	2
A 12 19 	22496.714847464	4.243e+00	2
A 13 13 	22524.438336782	3.164e+00	2
A 12 20 	22548.826457407	4.243e+00	2
A 11 25 	22557.917252780	4.243e+00	2
A 13 14 	22561.689363046	3.002e+00	2
A 14 0 	22570.286760324	3.001e+00	1
A 14 1 	22572.027475542	3.000e+00	2
A 14 2 	22578.054881086	3.001e+00	2
A 14 3 	22586.288329835	3.001e+00	2
A 14 4 	22597.093195085	3.002e+00	2
A 13 15 	22601.263129188	4.243e+00	2
A 12 21 	22603.495780446	4.243e+00	2
A 14 5 	22610.665541513	3.002e+00	2
A 11 26 	22623.041321194	4.243e+00	2
A 14 6 	22626.649204141	3.002e+00	2
A 13 16 	22643.572891835	4.243e+00	2
A 14 7 	22645.538454307	3.002e+00	2
A 12 22 	22659.801113399	4.243e+00	2
A 14 8 	22667.195091128	3.002e+00	2
A 13 17 	22688.139894244	4.243e+00	2
A 11 27 	22690.438594300	4.243e+00	1
A 14 9 	22691.260727845	3.002e+00	2
A 14 10 	22717.902330701	3.002e+00	2
A 12 23 	22719.588221616	4.243e+00	2
A 13 18 	22735.157972507	4.243e+00	2
A 14 11 	22747.182729591	3.002e+00	2
A 14 12 	22778.678939610	3.002e+00	2
A 12 24 	22779.791878906	4.243e+00	2
A 13 19 	22784.364847464	4.243e+00	2
A 14 13 	22813.388336782	3.164e+00	2
A 13 20 	22835.626457407	4.243e+00	2
A 12 25 	22844.117252780	4.243e+00	2
A 14 14 	22850.039363046	3.002e+00	2
A 15 0 	22858.286760324	3.001e+00	1
A 15 1 	22862.354951083	3.001e+00	1
A 15 2 	22868.223001849	3.002e+00	1
A 15 3 	22876.038329835	3.001e+00	2
A 15 4 	22887.521906169	3.002e+00	3
A 14 15 	22888.963129188	4.243e+00	2
A 13 21 	22890.345780446	4.243e+00	2
A 15 5 	22900.285106077	3.002e+00	4
A 12 26 	22909.641321194	4.243e+00	2
A 15 6 	22916.320393411	3.002e+00	4
A 14 16 	22931.072891835	4.243e+00	2
A 15 7 	22934.603049235	3.002e+00	4
A 13 22 	22945.351113399	4.243e+00	2
A 15 8 	22955.579327797	3.002e+00	4
A 14 17 	22975.039894244	4.243e+00	2
A 12 27 	22976.959475440	4.243e+00	2
A 15 9 	22979.080229723	3.002e+00	4
A 13 23 	23004.188221616	4.243e+00	2
A 15 10 	23006.453650433	3.002e+00	4
A 14 18 	23021.407972507	4.243e+00	2
A 15 11 	23034.588656636	3.002e+00	3
A 12 28 	23046.488703881	4.243e+00	1
A 13 24 	23064.341878906	4.243e+00	2
A 15 12 	23066.334531081	3.002e+00	4
A 14 19 	23070.114847464	4.243e+00	2
A 15 13 	23099.980034059	3.002e+00	3
A 14 20 	23120.926457407	4.243e+00	2
A 13 25 	23128.467252780	4.243e+00	2
A 15 14 	23136.426863990	3.002e+00	4
A 16 3 	23163.773005437	3.002e+00	1
A 16 4 	23174.079328337	3.002e+00	1
A 14 21 	23174.995780446	4.243e+00	2
A 15 15 	23175.581735692	3.002e+00	4
A 16 5 	23186.436335846	3.002e+00	1
A 13 26 	23192.491321194	4.243e+00	2
A 16 6 	23202.691582681	3.002e+00	2
A 15 16 	23216.503508963	4.243e+00	4
A 16 7 	23221.117644162	3.002e+00	2
A 14 22 	23229.601113399	4.243e+00	2
A 16 8 	23242.163564467	3.002e+00	2
A 13 27 	23258.509475440	4.243e+00	2
A 15 17 	23260.087151440	4.243e+00	4
A 16 9 	23265.849731601	3.002e+00	2
A 14 23 	23286.538221616	4.243e+00	2
A 16 10 	23292.304970166	3.002e+00	2
A 15 18 	23305.510683577	4.243e+00	4
A 16 11 	23320.181969669	3.002e+00	2
A 13 28 	23324.788703881	4.243e+00	1
A 14 24 	23347.941878906	4.243e+00	2
A 16 12 	23351.540122551	3.002e+00	2
A 15 19 	23353.686611082	4.243e+00	4
A 16 13 	23384.504370156	3.002e+00	2
A 13 29 	23392.180356580	4.243e+00	1
A 15 20 	23404.315528372	4.243e+00	3
A 14 25 	23410.417252780	4.243e+00	2
A 16 14 	23420.264364935	3.164e+00	2
A 17 2 	23440.270111320	3.002e+00	1
A 17 3 	23448.373005437	3.002e+00	1
A 15 21 	23457.331621904	4.243e+00	3
A 17 4 	23457.574719828	3.002e+00	2
A 16 15 	23458.300342196	3.002e+00	2
A 17 5 	23471.154670642	3.002e+00	2
A 14 26 	23474.241321194	4.243e+00	2
A 17 6 	23487.291582681	3.002e+00	2
A 16 16 	23498.835133191	4.243e+00	1
A 17 7 	23505.017644162	3.002e+00	2
A 15 22 	23511.951113399	4.243e+00	2
A 17 8 	23525.963564467	3.002e+00	2
A 14 27 	23541.009475440	4.243e+00	2
A 17 9 	23548.949731601	3.002e+00	2
A 15 23 	23569.688221616	4.243e+00	2
A 17 10 	23575.104970166	3.002e+00	2
A 17 11 	23602.731969669	3.002e+00	2
A 14 28 	23608.188703881	4.243e+00	1
A 15 24 	23628.141878906	4.243e+00	2
A 17 12 	23633.440122551	3.002e+00	2
A 17 13 	23666.254370156	3.002e+00	2
A 14 29 	23677.580356580	4.243e+00	1
A 15 25 	23690.417252780	4.243e+00	2
A 17 14 	23701.714364935	3.164e+00	2
A 18 3 	23730.473005437	3.002e+00	1
A 17 15 	23739.450342196	3.002e+00	2
A 18 4 	23741.279328337	3.002e+00	1
A 15 26 	23752.791321194	4.243e+00	2
A 18 5 	23753.154670642	3.002e+00	2
A 18 6 	23768.041582681	3.002e+00	2
A 17 16 	23779.634126091	4.243e+00	2
A 18 7 	23785.817644162	3.002e+00	2
A 18 8 	23806.463564467	3.002e+00	2
A 15 27 	23818.938594300	4.243e+00	1
A 17 17 	23822.784408636	4.243e+00	2
A 18 9 	23828.899731601	3.002e+00	2
A 18 10 	23854.554970166	3.002e+00	2
A 17 18 	23866.863394647	4.243e+00	2
A 18 11 	23881.481969669	3.002e+00	2
A 15 28 	23885.088703881	4.243e+00	1
A 18 12 	23912.590122551	3.002e+00	2
A 17 19 	23913.508374700	4.243e+00	2
A 18 13 	23944.554370156	3.002e+00	2
A 17 20 	23962.981438369	4.243e+00	2
A 18 14 	23979.614364935	3.164e+00	2
A 17 21 	24014.169955552	4.243e+00	2
A 18 15 	24017.250342196	3.002e+00	2
A 18 16 	24056.484126091	4.243e+00	2
A 17 22 	24067.742555061	4.243e+00	2
A 18 17 	24098.134408636	4.243e+00	2
A 17 23 	24122.589120657	4.243e+00	2
A 18 18 	24142.163394647	4.243e+00	2
A 17 24 	24183.666663792	4.243e+00	1
A 18 19 	24188.058374700	4.243e+00	2
A 18 20 	24236.531438369	4.243e+00	2
A 18 21 	24286.903304822	4.243e+00	1
A 18 22 	24338.069206436	4.243e+00	1
A 24 0 	25322.100000000	3.000e-01	1
A 24 1 	25324.400000000	3.000e-01	1
A 24 2 	25328.900000000	3.000e-01	1
A 24 3 	25335.800000000	3.000e-01	1
A 24 4 	25344.900000000	3.000e-01	1
A 24 5 	25356.300000000	3.000e-01	1
A 24 6 	25369.900000000	3.000e-01	1
A 24 7 	25385.900000000	3.000e-01	1
A 24 8 	25404.100000000	3.000e-01	1
A 24 9 	25424.500000000	3.000e-01	1
A 24 10 	25447.300000000	3.000e-01	1
A 25 0 	25570.100000000	5.000e-01	1
A 25 1 	25572.300000000	5.000e-01	1
A 25 2 	25576.800000000	5.000e-01	1
A 25 3 	25583.400000000	5.000e-01	1
A 25 4 	25592.300000000	5.000e-01	1
A 25 5 	25603.400000000	5.000e-01	1
A 25 6 	25616.800000000	5.000e-01	1
A 25 7 	25632.300000000	5.000e-01	1
A 25 8 	25650.100000000	5.000e-01	1
A 25 9 	25670.100000000	5.000e-01	1
A 25 10 	25692.300000000	5.000e-01	1
A 26 0 	25814.500000000	7.000e-01	1
A 26 1 	25816.700000000	7.000e-01	1
A 26 2 	25821.000000000	7.000e-01	1
A 26 3 	25827.500000000	7.000e-01	1
A 26 4 	25836.200000000	7.000e-01	1
A 26 5 	25847.000000000	7.000e-01	1
A 26 6 	25860.000000000	7.000e-01	1
A 26 7 	25875.100000000	7.000e-01	1
A 26 8 	25892.400000000	7.000e-01	1
A 26 9 	25911.900000000	7.000e-01	1
A 26 10 	25933.600000000	7.000e-01	1
A 27 0 	26055.100000000	4.000e-01	1
A 27 1 	26057.300000000	4.000e-01	1
A 27 2 	26061.600000000	4.000e-01	1
A 27 3 	26068.000000000	4.000e-01	1
A 27 4 	26076.600000000	4.000e-01	1
A 27 5 	26087.400000000	4.000e-01	1
A 27 6 	26100.300000000	4.000e-01	1
A 27 7 	26115.400000000	4.000e-01	1
A 27 8 	26132.600000000	4.000e-01	1
A 27 9 	26152.000000000	4.000e-01	1
A 27 10 	26173.500000000	4.000e-01	1
A 28 0 	26286.300000000	3.000e-01	1
A 28 1 	26288.400000000	3.000e-01	1
A 28 2 	26292.700000000	3.000e-01	1
A 28 3 	26299.100000000	3.000e-01	1
A 28 4 	26307.600000000	3.000e-01	1
A 28 5 	26318.200000000	3.000e-01	1
A 28 6 	26331.000000000	3.000e-01	1
A 28 7 	26345.900000000	3.000e-01	1
A 28 8 	26362.900000000	3.000e-01	1
A 28 9 	26382.000000000	3.000e-01	1
A 28 10 	26403.300000000	3.000e-01	1
A 29 0 	26507.600000000	9.000e-01	1
A 29 1 	26509.700000000	9.000e-01	1
A 29 2 	26513.800000000	9.000e-01	1
A 29 3 	26520.000000000	9.000e-01	1
A 29 4 	26528.300000000	9.000e-01	1
A 29 5 	26538.600000000	9.000e-01	1
A 29 6 	26551.100000000	9.000e-01	1
A 29 7 	26565.500000000	9.000e-01	1
A 29 8 	26582.100000000	9.000e-01	1
A 29 9 	26600.700000000	9.000e-01	1
A 29 10 	26621.400000000	9.000e-01	1
A 30 0 	26739.100000000	7.000e-01	1
A 30 1 	26741.100000000	7.000e-01	1
A 30 2 	26745.200000000	7.000e-01	1
A 30 3 	26751.200000000	7.000e-01	1
A 30 4 	26759.300000000	7.000e-01	1
A 30 5 	26769.400000000	7.000e-01	1
A 30 6 	26781.500000000	7.000e-01	1
A 30 7 	26795.600000000	7.000e-01	1
A 30 8 	26811.800000000	7.000e-01	1
A 30 9 	26829.900000000	7.000e-01	1
A 30 10 	26850.100000000	7.000e-01	1
A 31 0 	26957.200000000	8.000e-01	1
A 31 1 	26959.200000000	8.000e-01	1
A 31 2 	26963.100000000	8.000e-01	1
A 31 3 	26969.000000000	8.000e-01	1
A 31 4 	26976.900000000	8.000e-01	1
A 31 5 	26986.700000000	8.000e-01	1
A 31 6 	26998.500000000	8.000e-01	1
A 31 7 	27012.300000000	8.000e-01	1
A 31 8 	27028.000000000	8.000e-01	1
A 31 9 	27045.700000000	8.000e-01	1
A 31 10 	27065.400000000	8.000e-01	1
A 32 0 	27168.300000000	8.000e-01	1
A 32 1 	27170.200000000	8.000e-01	1
A 32 2 	27174.000000000	8.000e-01	1
A 32 3 	27179.700000000	8.000e-01	1
A 32 4 	27187.300000000	8.000e-01	1
B 0 1 	27194.121706150	5.000e-02	6
A 32 5 	27196.800000000	8.000e-01	1
B 0 2 	27200.210269937	8.660e-02	6
A 32 6 	27208.100000000	8.000e-01	1
B 0 3 	27209.257874786	8.660e-02	6
B 0 4 	27221.255757308	1.118e-01	6
A 32 7 	27221.400000000	8.000e-01	1
B 0 5 	27235.954856828	1.118e-01	6
A 32 8 	27236.600000000	8.000e-01	1
B 0 6 	27253.335880655	1.118e-01	6
A 32 9 	27253.700000000	8.000e-01	1
A 32 10 	27272.600000000	8.000e-01	1
B 0 7 	27273.059842321	1.118e-01	6
A 33 0 	27379.200000000	6.000e-01	1
A 33 1 	27381.000000000	6.000e-01	1
A 33 2 	27384.700000000	6.000e-01	1
A 33 3 	27390.300000000	6.000e-01	1
A 33 4 	27397.700000000	6.000e-01	1
A 33 5 	27406.900000000	6.000e-01	1
A 33 6 	27418.000000000	6.000e-01	1
A 33 7 	27430.900000000	6.000e-01	1
A 33 8 	27445.600000000	6.000e-01	1
A 33 9 	27462.200000000	6.000e-01	1
A 33 10 	27480.700000000	6.000e-01	1
A 34 0 	27588.000000000	5.000e-01	1
A 34 1 	27589.800000000	5.000e-01	1
A 34 2 	27593.400000000	5.000e-01	1
A 34 3 	27598.900000000	5.000e-01	1
A 34 4 	27606.100000000	5.000e-01	1
A 34 5 	27615.100000000	5.000e-01	1
A 34 6 	27626.000000000	5.000e-01	1
A 34 7 	27638.700000000	5.000e-01	1
A 34 8 	27653.100000000	5.000e-01	1
A 34 9 	27669.400000000	5.000e-01	1
A 34 10 	27687.500000000	5.000e-01	1
